2 0 0.77421875 0.00625 0.77421875 0.0140625 0.76875 0.02265625 0.76875 0.03671875 0.77578125 0.0546875 0.775 0.065625 0.76953125 0.1015625 0.76328125 0.11328125 0.76875 0.15078125 0.76328125 0.15546875 0.75078125 0.15625 0.7265625 0.153125 0.70234375 0.1546875 0.671875 0.15 0.66484375 0.1234375 0.64609375 0.06015625 0.64296875 0.05546875 0.64296875 0.04140625 0.64375 0.0328125 0.6484375 0.01875 0.66640625 0.0046875 0.696875 0.00390625 0.70546875 0 0.70859375 0 0.77421875
2 0.7328125 0.66015625 0.72890625 0.6765625 0.72890625 0.70703125 0.73828125 0.753125 0.7515625 0.7546875 0.75625 0.7421875 0.7546875 0.72890625 0.7578125 0.71875 0.77890625 0.71484375 0.78671875 0.71484375 0.79296875 0.71796875 0.79921875 0.71484375 0.81015625 0.7140625 0.81796875 0.746875 0.8203125 0.74921875 0.834375 0.746875 0.8390625 0.73046875 0.83828125 0.715625 0.82421875 0.66640625 0.821875 0.64296875 0.81796875 0.63359375 0.81484375 0.63203125 0.8109375 0.63203125 0.790625 0.63515625 0.75234375 0.634375 0.74140625 0.64296875 0.7328125 0.66015625
5 0.70859375 0.5734375 0.7015625 0.5765625 0.6921875 0.5921875 0.68984375 0.6015625 0.67265625 0.6140625 0.67265625 0.6171875 0.71328125 0.615625 0.72734375 0.61953125 0.74765625 0.61328125 0.7515625 0.60390625 0.7484375 0.584375 0.74296875 0.57578125 0.734375 0.54765625 0.72421875 0.53984375 0.72265625 0.53984375 0.71640625 0.54140625 0.70390625 0.55078125 0.703125 0.55859375 0.70859375 0.5734375
5 0.31171875 0.5890625 0.315625 0.60234375 0.30234375 0.61171875 0.29609375 0.61953125 0.29140625 0.63984375 0.31875 0.64296875 0.35546875 0.64140625 0.36171875 0.64765625 0.3640625 0.6609375 0.36875 0.66171875 0.37734375 0.6578125 0.38359375 0.65 0.3828125 0.63203125 0.37890625 0.6265625 0.37109375 0.621875 0.365625 0.60703125 0.35546875 0.6078125 0.34921875 0.6109375 0.340625 0.60625 0.33984375 0.6 0.34765625 0.5890625 0.3453125 0.5828125 0.346875 0.578125 0.34453125 0.57109375 0.334375 0.565625 0.33046875 0.565625 0.31875 0.56796875 0.31484375 0.57109375 0.31171875 0.57890625 0.31171875 0.5890625
5 0.37578125 0.7046875 0.3796875 0.7015625 0.384375 0.7078125 0.38671875 0.725 0.37890625 0.75390625 0.3859375 0.75859375 0.4046875 0.75703125 0.41171875 0.7546875 0.41484375 0.75078125 0.40859375 0.73828125 0.40234375 0.73515625 0.40234375 0.73125 0.41328125 0.7203125 0.41328125 0.709375 0.40703125 0.68671875 0.40703125 0.67265625 0.4015625 0.66796875 0.397265625 0.66796875 0.37265625 0.66875 0.36796875 0.6796875 0.3671875 0.70078125 0.37578125 0.7046875
5 0.359375 0.73515625 0.35859375 0.7234375 0.35390625 0.7234375 0.34921875 0.7234375 0.3453125 0.74375 0.35078125 0.7453125 0.35546875 0.74375 0.359375 0.73515625
0 0.4375 0.62734375 0.44375 0.63203125 0.49296875 0.63046875 0.50546875 0.62265625 0.515625 0.61953125 0.51328125 0.6140625 0.5046875 0.6125 0.484375 0.59609375 0.4671875 0.5921875 0.46015625 0.5921875 0.4359375 0.59609375 0.43046875 0.6015625 0.4296875 0.6140625 0.4375 0.62734375
0 0.61953125 0.56875 0.65625 0.56796875 0.65078125 0.56171875 0.63828125 0.55625 0.63203125 0.55 0.6234375 0.54765625 0.62109375 0.54765625 0.61484375 0.54921875 0.61328125 0.55234375 0.61328125 0.55859375 0.61953125 0.56875
3 0.47578125 0.57421875 0.49140625 0.575 0.4953125 0.56875 0.49453125 0.56328125 0.49140625 0.5546875 0.4859375 0.55234375 0.4814453125 0.55234375 0.46640625 0.553125 0.46171875 0.55859375 0.46171875 0.56875 0.47578125 0.57421875
3 0.29375 0.58359375 0.29765625 0.58046875 0.30078125 0.571875 0.29765625 0.56875 0.29296875 0.56875 0.28125 0.5703125 0.275 0.5796875 0.275 0.584375 0.29375 0.58359375
4 0.60546875 0.61953125 0.60546875 0.615625 0.59921875 0.6125 0.59609375 0.6125 0.59296875 0.61484375 0.5921875 0.61953125 0.5984375 0.621875 0.60546875 0.61953125