2 0 0.76579040625 0.0023205546875 0.765573494140625 0.010227306640625 0.760241923828125 0.018819748046875 0.76039190625 0.031976263671875 0.767653875 0.05073704296875 0.7671999765625 0.06412534765625 0.76118271875 0.09702829296875 0.75628745703125 0.1094309453125 0.761973529296875 0.146239546875 0.757146443359375 0.15114448828125 0.74473015625 0.152321025390625 0.722090990234375 0.150168517578125 0.711114251953125 0.151754095703125 0.665041158203125 0.1479438828125 0.65950506640625 0.134088044921875 0.647542677734375 0.120164033203125 0.639485943359375 0.04835451953125 0.63510702734375 0.0475870234375 0.63431226171875 0.0342532578125 0.63720499609375 0.025510833984375 0.645647455078125 0.018330673828125 0.65411718359375 0.001340630859375 0.68741948828125 0.0003958828125 0.69677942578125 0 0.697161724609375 0 0.76579040625
2 0.74868244140625 0.75672295703125 0.75197058203125 0.747403923828125 0.75066737890625 0.732535166015625 0.75316075390625 0.72398362890625 0.7571073125 0.721708408203125 0.783706671875 0.719828595703125 0.78912005078125 0.7230485625 0.799342927734375 0.719320158203125 0.807154236328125 0.71945650390625 0.807703578125 0.7327493671875 0.81436562109375 0.7539626171875 0.817462875 0.75557941796875 0.830810275390625 0.751905552734375 0.8349340859375 0.73947562890625 0.834439283203125 0.7230582421875 0.821251544921875 0.67282043359375 0.819317193359375 0.649345599609375 0.81635628515625 0.63991748828125 0.811710404296875 0.637492287109375 0.809367009765625 0.6374513828125 0.794470982421875 0.64031684765625 0.75074128125 0.638772173828125 0.73965546484375 0.64717373046875 0.725036083984375 0.678954677734375 0.726629568359375 0.721957787109375 0.73386822265625 0.75490163671875 0.73278712890625 0.7720728828125 0.736692783203125 0.772141056640625 0.736897302734375 0.760424091796875 0.74868244140625 0.75672295703125
4 0.604202248046875 0.61824283984375 0.5972402421875 0.614214470703125 0.59411571875 0.61415993359375 0.590141890625 0.6179974140625 0.590868482421875 0.621135572265625 0.603366578125 0.621353728515625 0.604202248046875 0.61824283984375
4 0.399355037109375 0.6256063828125 0.40175296875 0.622522763671875 0.403628830078125 0.60458401953125 0.400572478515625 0.600623826171875 0.395885693359375 0.600542017578125 0.39269299609375 0.604393134765625 0.394668251953125 0.625524576171875 0.399355037109375 0.6256063828125
0 0.508095865234375 0.618128033203125 0.5049440703125 0.6196357578125 0.505039513671875 0.61416783984375 0.482686677734375 0.59658755078125 0.46480247265625 0.59158716796875 0.462459080078125 0.591546263671875 0.44367103125 0.593562423828125 0.42872046484375 0.599552412109375 0.42846140625 0.61439390234375 0.44068680859375 0.630234677734375 0.4899116953125 0.63031253125 0.51353651171875 0.61978573828125 0.51359105078125 0.61666121484375 0.509739935546875 0.613468517578125 0.50738290625 0.614208744140625 0.508095865234375 0.618128033203125
0 0.622586984375 0.5498032734375 0.62024358984375 0.549762369140625 0.613186142578125 0.55120191796875 0.61076094140625 0.55584780078125 0.618299556640625 0.571606767578125 0.651874556640625 0.57297419140625 0.65493090625 0.576934384765625 0.658863830078125 0.575440296875 0.6489136484375 0.563546080078125 0.638059623046875 0.558668408203125 0.6326871484375 0.553105048828125 0.622586984375 0.5498032734375
5 0.922249236328125 0.66130008203125 0.9260321796875 0.668398435546875 0.94291709765625 0.685883279296875 0.92486927734375 0.69025646875 0.9208818125 0.694875080078125 0.9199643359375 0.702672755859375 0.93292996484375 0.72087055859375 0.9389744921875 0.7326966015625 0.93815245703125 0.735026361328125 0.948116275390625 0.7461394453125 0.977059025390625 0.744300537109375 0.978744 0.737297626953125 0.98333534375 0.7428473515625 0.995038673828125 0.74383300390625 0.996770279296875 0.644629365234375 0.98211967578125 0.633434470703125 0.978323099609375 0.62711725 0.961342736328125 0.615100322265625 0.95046144140625 0.611784912109375 0.942759208984375 0.605399515625 0.933399271484375 0.60445476953125 0.9294936171875 0.604386595703125 0.91698188671875 0.604949572265625 0.90592333984375 0.611788865234375 0.888833900390625 0.606020984375 0.87630853515625 0.607365091796875 0.869977677734375 0.61194280078125 0.867416130859375 0.6243999921875 0.8758313203125 0.634704677734375 0.88980987109375 0.63963688671875 0.895922572265625 0.647557275390625 0.922249236328125 0.66130008203125
5 0.371325810546875 0.575109515625 0.36629815625 0.594555982421875 0.406122203125 0.596032482421875 0.413111478515625 0.598498587890625 0.4248966171875 0.594797453125 0.42810294921875 0.59016520703125 0.426649765625 0.583888888671875 0.398102419921875 0.563074998046875 0.39185337109375 0.562965921875 0.371325810546875 0.575109515625
3 0.482682724609375 0.55204944921875 0.46548420703125 0.5525306171875 0.461496744140625 0.55714923046875 0.46207335546875 0.568879830078125 0.470570353515625 0.574497728515625 0.490879759765625 0.57485223046875 0.494113361328125 0.568657720703125 0.49271471484375 0.55925687890625 0.49123426171875 0.55454282421875 0.48658837890625 0.552117623046875 0.482682724609375 0.55204944921875
3 0.278480296875 0.567237939453125 0.276822591796875 0.5726785859375 0.272876033203125 0.574953806640625 0.27356172265625 0.580435357421875 0.28604618359375 0.58143464453125 0.2938983984375 0.57922759765625 0.299570833984375 0.567606076171875 0.29336269140625 0.56515360546875 0.289066470703125 0.56507861328125 0.278480296875 0.567237939453125
1 0.3300388984375 0.612675931640625 0.322899640625 0.618802267578125 0.32283146875 0.622707921875 0.36345028125 0.62341692578125 0.3690681796875 0.614919927734375 0.367601359375 0.609424740234375 0.363695705078125 0.609356568359375 0.341029271484375 0.60974229296875 0.3300388984375 0.612675931640625