2 1 0.67643380859375 0.9960072109375 0.667948158203125 0.980190955078125 0.640358330078125 0.968851138671875 0.629028431640625 0.95468814453125 0.626396109375 0.953934634765625 0.6272041484375 0.88221248046875 0.632835646484375 0.86843119921875 0.641134162109375 0.85556701953125 0.65330928125 0.85112776171875 0.66049983984375 0.8547143671875 0.673663939453125 0.851447513671875 0.714427783203125 0.853128041015625 0.7401660625 0.8581943984375 0.750933306640625 0.89508163671875 0.755117259765625 0.90894471484375 0.749161068359375 0.94351689453125 0.75420758984375 0.95463858984375 0.759291294921875 0.97493871484375 0.7585823984375 0.985651431640625 0.751954494140625 0.9942399453125 0.751654576171875 1 0.755820328125 1 0.67643380859375
2 0.183310615234375 0.65411493359375 0.1825942890625 0.678373458984375 0.169422759765625 0.72651871875 0.168379251953125 0.74140795703125 0.173636466796875 0.75764062109375 0.187045951171875 0.761080982421875 0.19086802734375 0.758602333984375 0.195760875 0.742015220703125 0.196722587890625 0.724783662109375 0.214789453125 0.72727965625 0.228761591796875 0.724446560546875 0.250786857421875 0.728367779296875 0.252385587890625 0.751763736328125 0.2558358671875 0.76102396484375 0.258259984375 0.763284490234375 0.2660404609375 0.762231064453125 0.2693271484375 0.7668066484375 0.27539983203125 0.73923416796875 0.27839403125 0.690662583984375 0.2728914296875 0.667402951171875 0.2680431953125 0.6628818984375 0.263757611328125 0.652087388671875 0.2564579921875 0.64452503515625 0.25171881640625 0.643127078125 0.212707376953125 0.64527111328125 0.194640513671875 0.6427751171875 0.190736642578125 0.642911443359375 0.186887302734375 0.644609318359375 0.183310615234375 0.65411493359375
5 0.071776412109375 0.6165783046875 0.0622980625 0.613782390625 0.05064098046875 0.61575291796875 0.0234328671875 0.642500009765625 0.005856775390625 0.654057947265625 0.008883216796875 0.74072387109375 0.016101041015625 0.74594390234375 0.0283207734375 0.73769991796875 0.034294314453125 0.7296740546875 0.033967130859375 0.720304765625 0.040585119140625 0.708347767578125 0.04984534765625 0.70489748828125 0.0754101171875 0.675862603515625 0.105795859375 0.650567998046875 0.11077050390625 0.63632320703125 0.10988066796875 0.633227376953125 0.115018904296875 0.62366723046875 0.113611029296875 0.605736693359375 0.106447736328125 0.602078208984375 0.094681595703125 0.600925638671875 0.091558498046875 0.601034701171875 0.08157202734375 0.60607379296875 0.071776412109375 0.6165783046875
5 0.57513030859375 0.591965263671875 0.592579990234375 0.59917316796875 0.601812953125 0.594942115234375 0.634550935546875 0.592235427734375 0.634251017578125 0.583646912109375 0.62915739453125 0.572098892578125 0.6084482890625 0.561096177734375 0.60220209765625 0.561314298828125 0.575556634765625 0.58178793359375 0.57513030859375 0.591965263671875
0 0.499214283203125 0.61181428515625 0.490680298828125 0.613675751953125 0.48858336328125 0.620784513671875 0.51473062109375 0.63081559765625 0.56157706640625 0.62917968359375 0.56690616015625 0.62508495703125 0.5734968828125 0.612347185546875 0.57297884375 0.5975124765625 0.5398864140625 0.5900691015625 0.539132904296875 0.590877140625 0.51974987890625 0.595462642578125 0.499214283203125 0.61181428515625
0 0.346189994140625 0.5725996171875 0.35095643359375 0.57477834765625 0.3837216796875 0.572852435546875 0.38955889453125 0.560922701171875 0.389313505859375 0.553895734375 0.3806431953125 0.551853330078125 0.376739326171875 0.55198965625 0.369013380859375 0.554604630859375 0.346189994140625 0.5725996171875
4 0.399575119140625 0.62389275 0.407437390625 0.625181646484375 0.41204023828125 0.622675732421875 0.410287833984375 0.61726484375 0.40711020703125 0.615812357421875 0.404767884765625 0.61589415234375 0.397877244140625 0.62004341015625 0.399575119140625 0.62389275
4 0.59859071484375 0.61459779296875 0.601205689453125 0.62232373828125 0.604410580078125 0.624557 0.608259919921875 0.622859125 0.608931634765625 0.619708763671875 0.60825000390625 0.600189412109375 0.605072376953125 0.59873692578125 0.601949279296875 0.598845986328125 0.598181736328125 0.602886181640625 0.59859071484375 0.61459779296875
1 0.6378748046875 0.620261498046875 0.68084464453125 0.619542685546875 0.679927544921875 0.615666080078125 0.67268245703125 0.6096652734375 0.649903681640625 0.606552095703125 0.645999810546875 0.606688421875 0.632781181640625 0.608713478515625 0.6378748046875 0.620261498046875
3 0.5062486796875 0.567010244140625 0.511959486328125 0.57384635546875 0.52910925 0.57246574609375 0.54065726953125 0.567372123046875 0.539467517578125 0.55568777734375 0.536208095703125 0.551892966796875 0.518379181640625 0.55173383984375 0.51431915625 0.551875619140625 0.509689041015625 0.553600759765625 0.5062486796875 0.567010244140625
3 0.70160579296875 0.56487858203125 0.704193501953125 0.571823751953125 0.70984977734375 0.577098314453125 0.72780758203125 0.57647121484375 0.727616724609375 0.571005794921875 0.721851388671875 0.56260813671875 0.711646794921875 0.561401037109375 0.706962150390625 0.56156462890625 0.702304771484375 0.562508994140625 0.70160579296875 0.56487858203125