5 0.51796875 0.53828125 0.5109375 0.54765625 0.5046875 0.56953125 0.503125 0.5890625 0.5078125 0.59765625 0.515625 0.60390625 0.51484375 0.61171875 0.52109375 0.63984375 0.521875 0.66640625 0.52890625 0.70546875 0.5359375 0.70703125 0.53984375 0.7140625 0.546875 0.7171875 0.546875 0.7234375 0.55078125 0.73046875 0.56015625 0.73203125 0.56640625 0.728125 0.5640625 0.72109375 0.56171875 0.64140625 0.56328125 0.6296875 0.56953125 0.6203125 0.56953125 0.61015625 0.578125 0.60078125 0.578125 0.58359375 0.56875 0.54453125 0.56328125 0.53828125 0.5515625 0.53203125 0.553125 0.50703125 0.54921875 0.50078125 0.54375 0.4984375 0.53984375 0.4984375 0.53359375 0.5015625 0.5265625 0.51171875 0.53046875 0.53203125 0.51796875 0.53828125
2 0.7421875 0.6421875 0.7375 0.6546875 0.7328125 0.66015625 0.7296875 0.68046875 0.72734375 0.68359375 0.7328125 0.73125 0.740625 0.75859375 0.74296875 0.75390625 0.7515625 0.7546875 0.753125 0.75234375 0.75625 0.74296875 0.7546875 0.72890625 0.75703125 0.71953125 0.77890625 0.71484375 0.79296875 0.7171875 0.81015625 0.7140625 0.81171875 0.728125 0.81796875 0.746875 0.82421875 0.74921875 0.83515625 0.74609375 0.8390625 0.734375 0.83828125 0.715625 0.825 0.6703125 0.821875 0.64375 0.81796875 0.63359375 0.8140625 0.63203125 0.8109375 0.63203125 0.7890625 0.63515625 0.75703125 0.63359375 0.74765625 0.63671875 0.7421875 0.6421875
0 0.4421875 0.63125 0.48828125 0.63125 0.51484375 0.61953125 0.5125 0.61328125 0.50625 0.6125 0.5015625 0.60859375 0.49921875 0.6015625 0.4921875 0.603125 0.48359375 0.5953125 0.4671875 0.5921875 0.46328125 0.5921875 0.43828125 0.5953125 0.43046875 0.60078125 0.43046875 0.615625 0.4421875 0.63125
2 0 0.775 0.00703125 0.77421875 0.015625 0.76875 0.02578125 0.76953125 0.03203125 0.775 0.05703125 0.775 0.06640625 0.76953125 0.10078125 0.76328125 0.11875 0.76875 0.15234375 0.7625 0.15546875 0.75078125 0.15625 0.72890625 0.153125 0.70234375 0.1546875 0.671875 0.15234375 0.6671875 0.1359375 0.653125 0.1203125 0.6453125 0.05078125 0.64296875 0.05 0.6421875 0.0359375 0.6453125 0.02265625 0.66015625 0.00546875 0.69609375 0.0046875 0.703125 0 0.70625 0 0.775
1 0.32421875 0.62578125 0.36484375 0.62578125 0.37109375 0.61484375 0.36640625 0.61171875 0.36171875 0.61171875 0.34765625 0.61171875 0.33125 0.615625 0.32578125 0.6203125 0.32421875 0.62578125
4 0.40859375 0.6234375 0.409375 0.60546875 0.4046875 0.603125 0.40390625 0.603125 0.3984375 0.6078125 0.40078125 0.628125 0.40546875 0.628125 0.40859375 0.6234375
3 0.29375 0.58359375 0.3 0.5734375 0.3 0.5703125 0.2953125 0.56875 0.291015625 0.56875 0.28046875 0.57109375 0.275 0.57890625 0.2765625 0.584375 0.29375 0.58359375
0 0.61953125 0.56875 0.6515625 0.56953125 0.6546875 0.575 0.6578125 0.575 0.65859375 0.57109375 0.653125 0.5640625 0.6265625 0.5484375 0.622265625 0.5484375 0.61484375 0.54921875 0.61328125 0.55234375 0.61328125 0.559375 0.61953125 0.56875
5 0.6625 0.56953125 0.6625 0.58125 0.665625 0.58828125 0.66328125 0.59453125 0.66484375 0.61484375 0.671875 0.61015625 0.66875 0.6078125 0.67109375 0.60625 0.671875 0.59765625 0.67578125 0.59453125 0.7046875 0.5953125 0.70546875 0.58984375 0.70859375 0.5875 0.73515625 0.58671875 0.7375 0.5890625 0.7421875 0.58515625 0.76640625 0.5828125 0.765625 0.58046875 0.7546875 0.5796875 0.74765625 0.575 0.725 0.56953125 0.71328125 0.56953125 0.696875 0.5625 0.6953125 0.5546875 0.69765625 0.54609375 0.6953125 0.53984375 0.67890625 0.5328125 0.678125 0.53203125 0.67421875 0.5328125 0.66796875 0.5390625 0.66484375 0.5515625 0.6625 0.56953125
4 0.6046875 0.6203125 0.60625 0.61640625 0.59921875 0.6125 0.596875 0.6125 0.59375 0.6140625 0.59296875 0.61875 0.59765625 0.621875 0.6046875 0.6203125
3 0.465625 0.5734375 0.4875 0.57578125 0.49140625 0.5734375 0.4953125 0.565625 0.49453125 0.56015625 0.490625 0.55390625 0.4859375 0.55234375 0.4814453125 0.55234375 0.46796875 0.55234375 0.4625 0.55703125 0.4625 0.5703125 0.465625 0.5734375