2 0.070395126953125 0.777071087890625 0.106218076171875 0.77019484375 0.118811615234375 0.77544460546875 0.155429328125 0.769335859375 0.159185001953125 0.760675244140625 0.16027005078125 0.733308388671875 0.157858484375 0.729443638671875 0.156122923828125 0.6747781015625 0.13946011328125 0.66022294140625 0.125263408203125 0.652657056640625 0.062718388671875 0.650623306640625 0.057771486328125 0.65070965625 0.040106494140625 0.65336210546875 0.03088290234375 0.6621181640625 0.024002705078125 0.67083331640625 0.008198880859375 0.70548941015625 0.007567732421875 0.714095486328125 0.003716615234375 0.71728818359375 0.004875564453125 0.7836843203125 0.011892109375 0.7827804765625 0.0196079765625 0.777176212890625 0.029776314453125 0.777780091796875 0.036901935546875 0.783125296875 0.058773603515625 0.782743525390625 0.070395126953125 0.777071087890625
2 0.74214052734375 0.763782990234375 0.746813677734375 0.76292005078125 0.747403923828125 0.75197058203125 0.757490453125 0.74788767578125 0.76046499609375 0.739240697265625 0.760083224609375 0.71736902734375 0.765469333984375 0.712586798828125 0.775637671875 0.7131906796875 0.778721291015625 0.710792748046875 0.79042462109375 0.709807095703125 0.797522974609375 0.7135900390625 0.800592958984375 0.7104109765625 0.81384491796875 0.708616923828125 0.81481693359375 0.719539123046875 0.82303728515625 0.74283670703125 0.82173408203125 0.757705466796875 0.824926779296875 0.76155658203125 0.828037669921875 0.760720912109375 0.82698384375 0.745111927734375 0.8394001328125 0.740206986328125 0.843073998046875 0.7268595859375 0.842033806640625 0.71203173046875 0.835280275390625 0.6832389609375 0.826292427734375 0.660736142578125 0.826923578125 0.65213006640625 0.824525646484375 0.649046447265625 0.822690689453125 0.633451095703125 0.821046619140625 0.628791580078125 0.8163189296875 0.626529994140625 0.81475666796875 0.626557263671875 0.79215840625 0.630077193359375 0.7523207265625 0.6307725625 0.746153486328125 0.635568427734375 0.737874642578125 0.653684421875 0.734777388671875 0.65530122265625 0.72974578125 0.680392857421875 0.73295211328125 0.68502510546875 0.73511430078125 0.719367599609375 0.7426216953125 0.74658447265625 0.74214052734375 0.763782990234375
5 1 0.6252642734375 0.97774035546875 0.6080849921875 0.972930857421875 0.60113662109375 0.93993246875 0.5907734453125 0.929559611328125 0.578452599609375 0.919350369140625 0.575505326171875 0.915444712890625 0.5755735 0.90217912109375 0.576586421875 0.8913114609375 0.5806829609375 0.88902260546875 0.583848390625 0.889227126953125 0.59556535546875 0.8996545234375 0.611010724609375 0.896598173828125 0.61497091796875 0.899214259765625 0.630552634765625 0.926045408203125 0.64571167578125 0.949134517578125 0.6703124609375 0.932004173828125 0.67373694921875 0.92509670703125 0.68088983984375 0.93161844921875 0.6964033828125 0.940388140625 0.706408103515625 0.945306716796875 0.7196055234375 0.9564879765625 0.73347499609375 0.979826462890625 0.727598037109375 0.97722401171875 0.712797453125 0.97875900390625 0.711207921875 0.98267829296875 0.71192087890625 0.99384591796875 0.725009220703125 1 0.72490180078125 1 0.6252642734375
5 1 0.73379903125 0.99713405859375 0.73432825390625 0.99563996875 0.738261177734375 0.984649595703125 0.7353275390625 0.977701224609375 0.7401370390625 0.98249708984375 0.74630427734375 0.98908700390625 0.7657234765625 0.992170625 0.763325544921875 0.998569654296875 0.771808908203125 1 0.77178394140625 1 0.73379903125
3 0.276506814453125 0.58828894140625 0.296788953125 0.58637217578125 0.30203871484375 0.57377863671875 0.295762396484375 0.572325453125 0.29146617578125 0.572400443359375 0.2809618125 0.57492790625 0.276411373046875 0.5828210234375 0.276506814453125 0.58828894140625
3 0.483728642578125 0.552635740234375 0.468106021484375 0.552908435546875 0.4635283125 0.559239291015625 0.464500330078125 0.570161490234375 0.473969345703125 0.575465791015625 0.492716490234375 0.57513855859375 0.49651306640625 0.568821337890625 0.494787189453125 0.55947503515625 0.493143119140625 0.554815517578125 0.487634296875 0.552567568359375 0.483728642578125 0.552635740234375
5 0.400365779296875 0.56659275 0.39411673046875 0.566701826171875 0.37402548046875 0.57955442578125 0.3703107109375 0.59055843359375 0.37046069140625 0.599150873046875 0.400938435546875 0.599400251953125 0.412737208984375 0.603882517578125 0.4158071953125 0.600703455078125 0.429018248046875 0.596566009765625 0.431279833984375 0.5918383203125 0.42962212890625 0.586397671875 0.400365779296875 0.56659275
1 0.33329363671875 0.618552482421875 0.32716730078125 0.625691740234375 0.33034636328125 0.628761724609375 0.336609044921875 0.629433779296875 0.3686081484375 0.627312494140625 0.373158587890625 0.619419376953125 0.3722956484375 0.614746224609375 0.359783916015625 0.614183248046875 0.35587826171875 0.614251421875 0.33329363671875 0.618552482421875
4 0.39989429296875 0.6291105 0.405334939453125 0.627452794921875 0.405239498046875 0.621984876953125 0.407541986328125 0.619600580078125 0.40733746484375 0.607883615234375 0.40336363671875 0.604046134765625 0.401020244140625 0.604087037109375 0.397141859375 0.60571747265625 0.39989429296875 0.6291105
4 0.60054951953125 0.620138466796875 0.607538794921875 0.617672361328125 0.60826538671875 0.614534203125 0.60116703515625 0.610751259765625 0.598823640625 0.6107921640625 0.59572638671875 0.61240896484375 0.595821830078125 0.617876880859375 0.60054951953125 0.620138466796875
0 0.62034476171875 0.5455628828125 0.615685244140625 0.547206953125 0.614177521484375 0.550358748046875 0.614286599609375 0.556607794921875 0.6207128984375 0.566653421875 0.656644923828125 0.566026224609375 0.65183542578125 0.559077853515625 0.640023017578125 0.55381445703125 0.634459658203125 0.548441982421875 0.624250416015625 0.5454947109375 0.62034476171875 0.5455628828125
0 0.48447855078125 0.595597947265625 0.468020259765625 0.592759751953125 0.46411460546875 0.592827923828125 0.446970626953125 0.59547128125 0.43223821484375 0.601979388671875 0.432497275390625 0.616820876953125 0.44448693359375 0.6322389765625 0.49446568359375 0.6305852265625 0.51772236328125 0.620021482421875 0.5176405546875 0.6153346953125 0.509801974609375 0.61390878125 0.496386400390625 0.606329259765625 0.48447855078125 0.595597947265625