2 0 0.72603225 0.00104958203125 0.726124076171875 0.0106224609375 0.73323546875 0.0339707734375 0.735278181640625 0.044565009765625 0.730715416015625 0.080132201171875 0.72755326953125 0.0913297265625 0.734022564453125 0.1299419375 0.731911056640625 0.13492276953125 0.71979907421875 0.137743759765625 0.6965188515625 0.136809544921875 0.671341623046875 0.14108971484375 0.64034671875 0.13902724609375 0.63702933984375 0.12397714453125 0.62081217578125 0.112915802734375 0.612786326171875 0.040030115234375 0.603272716796875 0.039319927734375 0.602426349609375 0.02497048828125 0.605092107421875 0.00959969140625 0.619432021484375 0 0.6350574453125 0 0.72603225
2 0.7292541171875 0.774933267578125 0.7331843125 0.765866302734375 0.736141482421875 0.74102952734375 0.738680583984375 0.738898966796875 0.75211556640625 0.737721671875 0.77377114453125 0.7411847578125 0.790387326171875 0.739501548828125 0.7925859765625 0.741262375 0.79122416796875 0.756827916015625 0.7965944921875 0.776119380859375 0.812432396484375 0.774368080078125 0.81768558984375 0.759142990234375 0.817996759765625 0.746622466796875 0.81415370703125 0.718838044921875 0.8087833828125 0.699546580078125 0.809230734375 0.685469501953125 0.805757416015625 0.66242283203125 0.801360115234375 0.658901181640625 0.7982470078125 0.6586288203125 0.77773944140625 0.659971578125 0.739671953125 0.655856869140625 0.7288734453125 0.66275446484375 0.724875162109375 0.672599705078125 0.718036130859375 0.6790594765625 0.712646755859375 0.69584112109375 0.709923140625 0.726972205078125 0.71170372265625 0.751439248046875 0.71680168359375 0.7738438203125 0.7292541171875 0.774933267578125
5 0.71526276953125 0.612156927734375 0.717831154296875 0.618655505859375 0.717179533203125 0.635067416015625 0.743640955078125 0.637382490234375 0.746958333984375 0.635320021484375 0.755460818359375 0.61881073828125 0.75627790234375 0.609471412109375 0.751851318359375 0.597320623046875 0.755684140625 0.580402798828125 0.75187037109375 0.561247513671875 0.747813521484375 0.553834478515625 0.74890296875 0.541382044921875 0.7418011015625 0.532918369140625 0.73872680078125 0.523238591796875 0.731420662109375 0.517109748046875 0.7283075546875 0.51683738671875 0.7142597578125 0.525019173828125 0.71479495703125 0.53682951171875 0.726294125 0.548814837890625 0.71761665234375 0.57628808984375 0.719299861328125 0.592904271484375 0.7065362578125 0.60433534765625 0.6976347578125 0.607477740234375 0.6956015703125 0.612789498046875 0.70395834765625 0.61587332421875 0.71526276953125 0.612156927734375
5 0.66004390234375 0.597915091796875 0.679432740234375 0.60039562890625 0.685065193359375 0.57187173828125 0.6897736640625 0.562872865234375 0.694375236328125 0.564059685546875 0.70282938671875 0.574994373046875 0.70763523046875 0.573846361328125 0.6951337578125 0.53746208203125 0.688304251953125 0.525885298828125 0.688343060546875 0.5164778828125 0.68266156640625 0.50970694140625 0.677213626953125 0.50923030859375 0.67304987890625 0.51200296484375 0.668273318359375 0.521780115234375 0.655645896484375 0.531654638671875 0.647007232421875 0.5497204765625 0.644293140625 0.562815005859375 0.64665725390625 0.571648416015625 0.65183283203125 0.57523815625 0.653350578125 0.58478175390625 0.6576797890625 0.589081681640625 0.66004390234375 0.597915091796875
4 0.595700212890625 0.6252235859375 0.589036171875 0.62071938671875 0.58670133984375 0.620515115234375 0.58345205078125 0.62179930859375 0.582197140625 0.627179158203125 0.59380320703125 0.628978791015625 0.595700212890625 0.6252235859375
0 0.484805603515625 0.628853546875 0.49468965234375 0.623444416015625 0.503386880859375 0.622636857421875 0.50599407421875 0.61972801953125 0.494835359375 0.603851306640625 0.4969754453125 0.58835385546875 0.49308405859375 0.588013404296875 0.480291173828125 0.590815341796875 0.454744208984375 0.5870118046875 0.447399263671875 0.590290375 0.4286525234375 0.589434482421875 0.422017763671875 0.593559421875 0.420724044921875 0.6083466875 0.42528680859375 0.618940921875 0.43323504296875 0.62669441015625 0.469814068359375 0.62989466015625 0.484805603515625 0.628853546875
0 0.615701158203125 0.557960828125 0.6101170390625 0.55904075 0.608288123046875 0.562017677734375 0.6077433984375 0.56824389453125 0.613084439453125 0.578906220703125 0.6480388203125 0.58274856640625 0.64256159765625 0.573642794921875 0.634341001953125 0.5690024140625 0.6286595078125 0.562231474609375 0.619592544921875 0.55830128125 0.615701158203125 0.557960828125
1 0.315958279296875 0.604670509765625 0.315549736328125 0.609340171875 0.354395501953125 0.613522970703125 0.360524345703125 0.60621683203125 0.360932888671875 0.601547169921875 0.35717768359375 0.5996501640625 0.35224885546875 0.599218947265625 0.32181476171875 0.60047748046875 0.315958279296875 0.604670509765625
4 0.3855265859375 0.616246587890625 0.389991978515625 0.6189899609375 0.39554681640625 0.60928090234375 0.3953520703125 0.5935791796875 0.390682408203125 0.59317063671875 0.38658675 0.595165015625 0.3854973046875 0.60761744921875 0.3855265859375 0.616246587890625
3 0.4757864453125 0.550425283203125 0.463528580078125 0.549352859375 0.45936483203125 0.552125515625 0.458003025390625 0.567691056640625 0.46544534375 0.57226334765625 0.484834181640625 0.574743884765625 0.489338380859375 0.56807984375 0.489036736328125 0.5625638125 0.48660453125 0.5545086796875 0.479872400390625 0.5507827578125 0.4757864453125 0.550425283203125
3 0.268200783203125 0.55892785546875 0.269280705078125 0.5645119765625 0.280108494140625 0.56624351953125 0.2888738125 0.564657681640625 0.29612138671875 0.55352825 0.2893211640625 0.550580603515625 0.2846515 0.550172060546875 0.274329626953125 0.551621716796875 0.268200783203125 0.55892785546875