2 0 0.775 0.0078125 0.77421875 0.01484375 0.76875 0.0234375 0.76875 0.03359375 0.775 0.0515625 0.775 0.0625 0.77265625 0.06796875 0.76875 0.09765625 0.76328125 0.10703125 0.7640625 0.1140625 0.76796875 0.15078125 0.76328125 0.15546875 0.7515625 0.15625 0.7265625 0.153125 0.70234375 0.1546875 0.671875 0.15 0.66484375 0.1234375 0.64609375 0.05078125 0.64296875 0.05 0.6421875 0.03671875 0.6453125 0.021875 0.66171875 0.00703125 0.69296875 0.0046875 0.7046875 0 0.709375 0 0.775
2 0.740625 0.64453125 0.7328125 0.659375 0.72734375 0.68359375 0.7296875 0.6890625 0.73125 0.7234375 0.740625 0.75390625 0.7515625 0.7546875 0.75390625 0.75078125 0.75703125 0.71875 0.77265625 0.71484375 0.7875 0.71484375 0.79375 0.7171875 0.81015625 0.7140625 0.81171875 0.728125 0.81796875 0.746875 0.8203125 0.74921875 0.834375 0.746875 0.8390625 0.73359375 0.83828125 0.71796875 0.8328125 0.6921875 0.825 0.67109375 0.82109375 0.63984375 0.81875 0.634375 0.81484375 0.63203125 0.8109375 0.63203125 0.79296875 0.63515625 0.753125 0.634375 0.74609375 0.6375 0.740625 0.64453125
5 0.7359375 0.56484375 0.7265625 0.56953125 0.7203125 0.56953125 0.715625 0.57421875 0.71953125 0.57890625 0.73515625 0.58125 0.73203125 0.590625 0.73203125 0.6015625 0.7375 0.60625 0.7375 0.6125 0.740625 0.61015625 0.74296875 0.61171875 0.73984375 0.6140625 0.7453125 0.61171875 0.74296875 0.61015625 0.7453125 0.60859375 0.74609375 0.60234375 0.74453125 0.6 0.74296875 0.60234375 0.7390625 0.60078125 0.74140625 0.58828125 0.7453125 0.58125 0.74375 0.578125 0.76953125 0.57578125 0.78046875 0.5765625 0.7828125 0.57890625 0.78671875 0.57578125 0.78828125 0.565625 0.78515625 0.5640625 0.78515625 0.55703125 0.7796875 0.54921875 0.78203125 0.5375 0.77734375 0.53125 0.77265625 0.53125 0.76328125 0.534375 0.76171875 0.55234375 0.7484375 0.55546875 0.7359375 0.56484375
5 0.44453125 0.59375 0.459375 0.5921875 0.46328125 0.5890625 0.48046875 0.59296875 0.4859375 0.5859375 0.4890625 0.56875 0.48828125 0.546875 0.47890625 0.5296875 0.46328125 0.51640625 0.46171875 0.52109375 0.46484375 0.53046875 0.45625 0.534375 0.4484375 0.54453125 0.4453125 0.5375 0.44375 0.5140625 0.4390625 0.50859375 0.43671875 0.50859375 0.4390625 0.5234375 0.43359375 0.5359375 0.4328125 0.5546875 0.44453125 0.59375
0 0.6203125 0.56875 0.65625 0.56875 0.65078125 0.56171875 0.62734375 0.5484375 0.622265625 0.5484375 0.61484375 0.54921875 0.6125 0.553125 0.61328125 0.55859375 0.6203125 0.56875
0 0.4421875 0.63125 0.4875 0.63203125 0.515625 0.6203125 0.51328125 0.61328125 0.49375 0.60703125 0.48515625 0.6 0.4828125 0.59375 0.4671875 0.58984375 0.46484375 0.58984375 0.45703125 0.59375 0.4296875 0.5984375 0.42890625 0.6140625 0.4421875 0.63125
3 0.2859375 0.58515625 0.2953125 0.5828125 0.30078125 0.571875 0.2953125 0.56875 0.290625 0.56875 0.28046875 0.5703125 0.27421875 0.5796875 0.275 0.584375 0.2859375 0.58515625
3 0.49375 0.55703125 0.490625 0.55390625 0.4875 0.5734375 0.490625 0.57421875 0.49375 0.56953125 0.49375 0.55703125
4 0.60546875 0.61953125 0.60625 0.61640625 0.59921875 0.6125 0.596875 0.6125 0.59296875 0.615625 0.59296875 0.61953125 0.5984375 0.621875 0.60546875 0.61953125
1 0.32421875 0.625 0.365625 0.62578125 0.37109375 0.61796875 0.36953125 0.61171875 0.365 0.61171875 0.346875 0.61171875 0.33046875 0.615625 0.32421875 0.621875 0.32421875 0.625
4 0.409375 0.6234375 0.4078125 0.60390625 0.4015625 0.60390625 0.3984375 0.609375 0.40078125 0.62734375 0.40546875 0.62734375 0.409375 0.6234375