2 0 0.76579040625 0.0023205546875 0.765573494140625 0.010227306640625 0.760241923828125 0.0211495078125 0.76121394140625 0.027303111328125 0.766790935546875 0.05073704296875 0.7671999765625 0.05857562109375 0.765774060546875 0.064906478515625 0.7611963515625 0.093109001953125 0.757000416015625 0.1009203125 0.75713676171875 0.108649814453125 0.76195989453125 0.115679994140625 0.762082607421875 0.146239546875 0.757146443359375 0.15114448828125 0.74473015625 0.149465240234375 0.661875728515625 0.13100442578125 0.64514474609375 0.117834275390625 0.638663908203125 0.04835451953125 0.63510702734375 0.0475870234375 0.63431226171875 0.032677361328125 0.637958857421875 0.01993383984375 0.651801060546875 0.00053223046875 0.6889681171875 0.0003958828125 0.69677942578125 0 0.697161724609375 0 0.76579040625
2 0.73278712890625 0.7720728828125 0.7374739140625 0.77215469140625 0.73767843359375 0.7604377265625 0.747901310546875 0.756709322265625 0.75117581640625 0.748171419921875 0.75316075390625 0.72398362890625 0.7578884453125 0.72172204296875 0.783706671875 0.719828595703125 0.789106416015625 0.723829693359375 0.792285478515625 0.72075970703125 0.807154236328125 0.71945650390625 0.808430169921875 0.735887525390625 0.81436562109375 0.7539626171875 0.81255793359375 0.767995705078125 0.815600650390625 0.772737029296875 0.81873880859375 0.7720104375 0.817449240234375 0.756360548828125 0.830810275390625 0.751905552734375 0.83490681640625 0.741037890625 0.8344801875 0.720714849609375 0.829421310546875 0.6971854765625 0.820484048828125 0.67202566796875 0.821428796875 0.66266573046875 0.81912630859375 0.66028143359375 0.818576966796875 0.646988572265625 0.81635628515625 0.63991748828125 0.81249153515625 0.637505921875 0.807804748046875 0.63742411328125 0.78900306640625 0.64022140625 0.74760312109375 0.639498767578125 0.741258630859375 0.64485760546875 0.7355452890625 0.658822521484375 0.728378763671875 0.666511119140625 0.723310205078125 0.68830098046875 0.726339287109375 0.693823435546875 0.7273152578125 0.727439337890625 0.733936396484375 0.75099598046875 0.73278712890625 0.7720728828125
5 0.97378056640625 0.7083003359375 0.9806062265625 0.720140013671875 0.98460732421875 0.71474026953125 0.985538435546875 0.706161462890625 0.983440466796875 0.692060201171875 0.996197623046875 0.6774368671875 0.99681118359375 0.642285970703125 0.9859435234375 0.638189431640625 0.962096599609375 0.61667621875 0.9535450625 0.61418284375 0.948158953125 0.609400615234375 0.94421239453125 0.611675833984375 0.933317462890625 0.6091415546875 0.91840780078125 0.612788150390625 0.913008056640625 0.608787052734375 0.90283971875 0.60939093359375 0.8958504453125 0.606924828125 0.8950693125 0.606911193359375 0.885627568359375 0.610653232421875 0.88394259375 0.617656142578125 0.89149484375 0.632633978515625 0.89463300390625 0.631907384765625 0.894592099609375 0.634250779296875 0.899251615234375 0.635894849609375 0.903706611328125 0.649255884765625 0.937653701171875 0.674070873046875 0.956032708984375 0.695488642578125 0.97378056640625 0.7083003359375
5 0.41017783984375 0.58750821484375 0.393252017578125 0.57236676171875 0.376970978515625 0.565050255859375 0.377997533203125 0.55100353125 0.37425549609375 0.54156178515625 0.367293490234375 0.53753341796875 0.36416896484375 0.53747887890625 0.357879013671875 0.5397131953125 0.353069515625 0.54666156640625 0.3574972421875 0.56158486328125 0.342314884765625 0.580854080078125 0.3428642265625 0.59414694140625 0.345920578125 0.598107134765625 0.3576648125 0.59674939453125 0.40602676171875 0.601500400390625 0.412398521484375 0.594579298828125 0.41017783984375 0.58750821484375
0 0.462459080078125 0.591546263671875 0.461691583984375 0.590751498046875 0.436627216796875 0.594220841796875 0.429528865234375 0.59800378515625 0.42770754296875 0.612818005859375 0.439905677734375 0.63022104296875 0.4899116953125 0.63031253125 0.51353651171875 0.61978573828125 0.5112885625 0.61427691796875 0.504272017578125 0.61337307421875 0.481919181640625 0.59579278515625 0.462459080078125 0.591546263671875
0 0.61235047265625 0.55431280859375 0.612255029296875 0.559780724609375 0.619094322265625 0.570839271484375 0.654258853515625 0.570671701171875 0.64968114453125 0.564340845703125 0.62647900390625 0.550652578125 0.62179221875 0.55057076953125 0.6139672734375 0.551215552734375 0.61235047265625 0.55431280859375
4 0.603434751953125 0.61744807421875 0.5972402421875 0.614214470703125 0.59647274609375 0.613419705078125 0.589333490234375 0.619546041015625 0.593965736328125 0.622752373046875 0.603366578125 0.621353728515625 0.603434751953125 0.61744807421875
3 0.464703076171875 0.552516982421875 0.461496744140625 0.55714923046875 0.46207335546875 0.568879830078125 0.471351484375 0.57451136328125 0.490879759765625 0.57485223046875 0.49412699609375 0.56787658984375 0.491247896484375 0.553761693359375 0.488150640625 0.552144892578125 0.48377630859375 0.552068537109375 0.464703076171875 0.552516982421875
3 0.272876033203125 0.574953806640625 0.274342853515625 0.5804489921875 0.284483921875 0.581407375 0.293117265625 0.579213962890625 0.299570833984375 0.567606076171875 0.294143822265625 0.565167240234375 0.28945703515625 0.565085431640625 0.277699166015625 0.5672243046875 0.272876033203125 0.574953806640625
1 0.329257767578125 0.612662296875 0.322118509765625 0.6187886328125 0.322063970703125 0.62191315625 0.362669150390625 0.623403291015625 0.369054544921875 0.61570105859375 0.367601359375 0.609424740234375 0.36307080078125 0.60934566015625 0.344948560546875 0.609029333984375 0.329257767578125 0.612662296875
4 0.400944568359375 0.624071390625 0.40342430859375 0.616300984375 0.402861333984375 0.60378925390625 0.399777712890625 0.601391322265625 0.395090927734375 0.601309513671875 0.39269299609375 0.604393134765625 0.394668251953125 0.625524576171875 0.400944568359375 0.624071390625