2 0 0.77421875 0.00703125 0.77421875 0.01484375 0.76875 0.02421875 0.76875 0.03515625 0.775 0.04609375 0.775 0.06328125 0.771875 0.0671875 0.76875 0.1 0.76328125 0.10703125 0.7640625 0.11328125 0.76875 0.15078125 0.76328125 0.15390625 0.75859375 0.15546875 0.74609375 0.15234375 0.6859375 0.1546875 0.67265625 0.15234375 0.66796875 0.12578125 0.646875 0.0578125 0.64296875 0.05234375 0.64296875 0.0359375 0.6453125 0.02578125 0.65625 0.00546875 0.6953125 0.0046875 0.7046875 0 0.70859375 0 0.77421875
2 0.74296875 0.640625 0.7328125 0.6609375 0.7296875 0.6703125 0.7296875 0.68125 0.72734375 0.68359375 0.73125 0.7234375 0.73828125 0.7484375 0.73828125 0.76796875 0.7421875 0.76640625 0.7390625 0.76015625 0.74140625 0.75625 0.74375 0.75390625 0.7515625 0.7546875 0.753125 0.75234375 0.75625 0.74296875 0.7546875 0.72890625 0.759375 0.71796875 0.778125 0.71484375 0.78671875 0.71484375 0.79375 0.71796875 0.81015625 0.7140625 0.81171875 0.7265625 0.81953125 0.75 0.81875 0.76640625 0.8234375 0.765625 0.82109375 0.75078125 0.83515625 0.74609375 0.8390625 0.73203125 0.83828125 0.71640625 0.82421875 0.6671875 0.82265625 0.6453125 0.81796875 0.63359375 0.8140625 0.63203125 0.8109375 0.63203125 0.79296875 0.63515625 0.7578125 0.63359375 0.75 0.63515625 0.74296875 0.640625
5 0.68046875 0.53359375 0.6875 0.53984375 0.69140625 0.5484375 0.68828125 0.55390625 0.6890625 0.56484375 0.696875 0.56640625 0.69921875 0.5640625 0.70390625 0.56640625 0.7078125 0.5640625 0.70859375 0.5578125 0.70703125 0.5328125 0.703125 0.51640625 0.6984375 0.5109375 0.69609375 0.5 0.69296875 0.49765625 0.68671875 0.49765625 0.67734375 0.5046875 0.678125 0.5109375 0.684375 0.521875 0.68046875 0.53359375
5 0.65859375 0.61015625 0.6640625 0.615625 0.67109375 0.6140625 0.67109375 0.5984375 0.675 0.5953125 0.709375 0.596875 0.71796875 0.590625 0.71953125 0.5765625 0.71640625 0.56640625 0.71328125 0.5640625 0.709375 0.56640625 0.7015625 0.565625 0.696875 0.56875 0.690625 0.56640625 0.68671875 0.56015625 0.68828125 0.5421875 0.67734375 0.53359375 0.6734375 0.53359375 0.6640625 0.534375 0.65859375 0.54375 0.6578125 0.6 0.65859375 0.61015625
4 0.60625 0.61640625 0.59921875 0.6125 0.59609375 0.6125 0.59140625 0.61796875 0.59296875 0.61953125 0.60546875 0.61953125 0.60625 0.61640625
4 0.40859375 0.62421875 0.409375 0.6046875 0.40625 0.603125 0.4046875 0.603125 0.4 0.60546875 0.3984375 0.61015625 0.40078125 0.628125 0.40859375 0.62421875
1 0.36484375 0.62578125 0.37109375 0.6171875 0.37109375 0.6140625 0.36640625 0.61171875 0.36171875 0.61171875 0.33203125 0.61484375 0.32421875 0.621875 0.32421875 0.62578125 0.36484375 0.62578125
0 0.4375 0.62734375 0.44296875 0.63125 0.48828125 0.63125 0.515625 0.6203125 0.51484375 0.61484375 0.5046875 0.61171875 0.484375 0.59453125 0.4640625 0.59140625 0.4625 0.59140625 0.43828125 0.5953125 0.43046875 0.60078125 0.4296875 0.6140625 0.4375 0.62734375
0 0.61953125 0.56953125 0.6515625 0.57109375 0.65390625 0.5828125 0.65625 0.56796875 0.6546875 0.5640625 0.63828125 0.55625 0.6328125 0.55 0.6234375 0.54765625 0.621875 0.54765625 0.61328125 0.55 0.6125 0.55703125 0.615625 0.56640625 0.61953125 0.56953125
3 0.49140625 0.575 0.4953125 0.56875 0.49140625 0.55390625 0.47421875 0.55234375 0.46796875 0.55234375 0.4625 0.5578125 0.4640625 0.57109375 0.47265625 0.575 0.49140625 0.575
3 0.29375 0.58359375 0.30078125 0.571875 0.29375 0.56875 0.2875 0.56875 0.28046875 0.57109375 0.275 0.57890625 0.27578125 0.584375 0.29375 0.58359375