2 1 0.59026230859375 0.991929369140625 0.57949273046875 0.979415525390625 0.570400890625 0.96090889453125 0.571750076171875 0.95602215234375 0.572524060546875 0.89478048828125 0.585387740234375 0.869529912109375 0.610743724609375 0.8679483046875 0.615740158203125 0.876786087890625 0.666545623046875 0.875082265625 0.670770423828125 0.880903033203125 0.69753309765625 0.886105548828125 0.70540997265625 0.92322773046875 0.705067314453125 0.92943912890625 0.699337595703125 0.935489966796875 0.69758825 0.968753990234375 0.6978566640625 0.98284944140625 0.7019520703125 1 0.699963419921875 1 0.59026230859375
2 0.20457526953125 0.69233254296875 0.20592680859375 0.715848130859375 0.2003791875 0.7507392890625 0.201287392578125 0.781443990234375 0.20734541015625 0.79472228515625 0.223511326171875 0.79690778515625 0.22724008984375 0.780497439453125 0.227149041015625 0.759946162109375 0.243964375 0.76123781640625 0.249648568359375 0.757173576171875 0.258136515625 0.755829216796875 0.27868779296875 0.75573816796875 0.28413473828125 0.7651583046875 0.285929609375 0.78148478125 0.2894666484375 0.788834453125 0.2913765546875 0.790904919921875 0.29897065625 0.78891114453125 0.301652193359375 0.79085939453125 0.30348541015625 0.8024338671875 0.30734356640625 0.801822794921875 0.303272146484375 0.781110958984375 0.30622927734375 0.764822828125 0.306543216796875 0.74183444140625 0.3014102109375 0.70942591796875 0.29498555078125 0.693832728515625 0.28759035546875 0.68709412890625 0.281127349609375 0.67625294140625 0.274221009765625 0.672600869140625 0.234096171875 0.67895601953125 0.21354489453125 0.679047068359375 0.210458369140625 0.67953592578125 0.20619522265625 0.682584107421875 0.20457526953125 0.69233254296875
4 0.4154223984375 0.635207986328125 0.423383142578125 0.63552910546875 0.428417919921875 0.632358708984375 0.422688201171875 0.6261473125 0.419601673828125 0.626636169921875 0.413145849609375 0.630822626953125 0.4154223984375 0.635207986328125
4 0.620225869140625 0.594860419921875 0.630868150390625 0.5971297890625 0.62980656640625 0.585433103515625 0.624565705078125 0.582308232421875 0.621479177734375 0.58279708984375 0.618881509765625 0.58637247265625 0.620225869140625 0.594860419921875
5 0.61871132421875 0.655215416015625 0.62091118359375 0.669104783203125 0.6199933515625 0.703262654296875 0.6357998046875 0.71816090234375 0.625485822265625 0.722958431640625 0.623338666015625 0.73437234375 0.631910482421875 0.73855162109375 0.65311117578125 0.7375667265625 0.65932257421875 0.731837005859375 0.64708432421875 0.70450878515625 0.64841432421875 0.682941447265625 0.650362576171875 0.68025991015625 0.653937958984375 0.682857578125 0.661409845703125 0.680092169921875 0.6632358828125 0.676639001953125 0.655138564453125 0.645490966796875 0.650508775390625 0.64622425390625 0.6242733046875 0.65037954296875 0.61871132421875 0.655215416015625
5 0.676451845703125 0.710140275390625 0.68088273046875 0.71813936328125 0.6858791640625 0.71972097265625 0.69091394140625 0.716550576171875 0.68464983984375 0.696977015625 0.68002005078125 0.69771030078125 0.675229703125 0.7024239609375 0.676451845703125 0.710140275390625
5 0.661062455078125 0.5480521328125 0.66196348046875 0.56372919140625 0.670580822265625 0.578184107421875 0.6705424765625 0.582936109375 0.66550769921875 0.586106505859375 0.652794951171875 0.585747041015625 0.651419427734375 0.597038740234375 0.645574673828125 0.605083353515625 0.6424881484375 0.6055722109375 0.6294471015625 0.598145849609375 0.619943095703125 0.59806916015625 0.627184912109375 0.6238157734375 0.63445789453125 0.6297827421875 0.6580573515625 0.63395483984375 0.66060949609375 0.62010381640625 0.664872640625 0.617055634765625 0.69984048828125 0.61309925 0.726358734375 0.60573521875 0.71830694140625 0.584862822265625 0.711033958984375 0.578895853515625 0.692347064453125 0.57078173046875 0.695915267578125 0.558351755859375 0.69294377734375 0.544584603515625 0.687458486328125 0.539916470703125 0.67771005078125 0.538296517578125 0.676166787109375 0.5385409453125 0.6678010546875 0.540656935546875 0.661062455078125 0.5480521328125
5 0.337458896484375 0.587441076171875 0.324913888671875 0.598128880859375 0.3239050078125 0.611735474609375 0.3100228203125 0.6289629765625 0.311161095703125 0.63115565625 0.324401044921875 0.629849642578125 0.329114703125 0.6346399921875 0.3321245390625 0.643655140625 0.347029966796875 0.642876330078125 0.353929126953125 0.63150076171875 0.359400056640625 0.606113611328125 0.3669102890625 0.598596201171875 0.36783530078125 0.57946597265625 0.3614561640625 0.574148421875 0.349270619140625 0.57212348046875 0.34849898828125 0.572245693359375 0.34228758984375 0.5779754140625 0.337458896484375 0.587441076171875
3 0.51517857421875 0.56087501953125 0.515384658203125 0.567170287109375 0.52034274609375 0.5735038984375 0.5395113203125 0.56967690625 0.547388193359375 0.564474390625 0.5441722734375 0.549163974609375 0.5398252578125 0.54668851953125 0.526514615234375 0.54879671875 0.522077734375 0.549499451171875 0.5169207421875 0.551898216796875 0.51517857421875 0.56087501953125
3 0.715244400390625 0.550544392578125 0.7353068203125 0.547366818359375 0.734573533203125 0.542737029296875 0.72782775390625 0.53510458203125 0.71716630078125 0.53521121484375 0.7121506953125 0.536005607421875 0.706344287109375 0.53929821875 0.715244400390625 0.550544392578125
0 0.375963783203125 0.590834361328125 0.389853150390625 0.588634501953125 0.39646953515625 0.580467673828125 0.396951212890625 0.568526556640625 0.3873249921875 0.567678236328125 0.382695203125 0.5684115234375 0.36974520703125 0.5815364375 0.375963783203125 0.590834361328125
0 0.530098361328125 0.590151494140625 0.526568501953125 0.597829462890625 0.517431138671875 0.60006766796875 0.51272466015625 0.6103049609375 0.50265510546875 0.616645751953125 0.503388390625 0.62127554296875 0.531334865234375 0.627923091796875 0.576861125 0.62071244140625 0.583477509765625 0.61254561328125 0.586762939453125 0.603324380859375 0.58354701953125 0.58801396484375 0.575869048828125 0.58448410546875 0.557877095703125 0.5857517734375 0.5504435546875 0.583765177734375 0.54979413671875 0.5846590234375 0.537936890625 0.58970098046875 0.530098361328125 0.590151494140625