2 0 0.691078828125 0.0144689296875 0.69363008984375 0.028633708984375 0.689781306640625 0.056376021484375 0.689913212890625 0.066377974609375 0.691676828125 0.073257810546875 0.697649740234375 0.0786434765625 0.69859937890625 0.110368357421875 0.698640216796875 0.11715524609375 0.687144095703125 0.12185884375 0.66496770703125 0.12050033984375 0.659175052734375 0.12393837890625 0.64867504296875 0.125337720703125 0.62274281640625 0.129589736328125 0.607626521484375 0.1273261875 0.602467583984375 0.10378941796875 0.578484865234375 0.042012201171875 0.56441866796875 0.037395916015625 0.56360469140625 0.018523783203125 0.562656931640625 0.00856830078125 0.569627833984375 0.001056626953125 0.57623634375 0 0.577687814453125 0 0.691078828125
2 0.704419724609375 0.793867875 0.710030244140625 0.784544234375 0.711204734375 0.7688852890625 0.715005166015625 0.7608290859375 0.7304373828125 0.758790388671875 0.74582500390625 0.761503642578125 0.751573064453125 0.7648970859375 0.768272716796875 0.7646684765625 0.76736955078125 0.778788662109375 0.770268697265625 0.798339107421875 0.7721698515625 0.80105423828125 0.78642569921875 0.8011880234375 0.79361957421875 0.787383759765625 0.79529212109375 0.77339923828125 0.79039699609375 0.72017816015625 0.792658666015625 0.711850630859375 0.790893173828125 0.708366119140625 0.792158732421875 0.696689740234375 0.789939779296875 0.68677885546875 0.78636419921875 0.684561779296875 0.784056056640625 0.684154791015625 0.769664546875 0.684790388671875 0.726714869140625 0.676423900390625 0.719383453125 0.677511078125 0.713953189453125 0.681313388671875 0.70911205078125 0.690772693359375 0.7004240078125 0.699553681640625 0.692778548828125 0.7204180390625 0.689115658203125 0.741191328125 0.691475908203125 0.79079223046875 0.704419724609375 0.793867875
5 0.617953302734375 0.604888365234375 0.62112189453125 0.609413583984375 0.618724560546875 0.618510494140625 0.6213969765625 0.63484775390625 0.61994928125 0.63855899609375 0.62723610546875 0.642223765625 0.65045319921875 0.645524263671875 0.660273017578125 0.6393227421875 0.6670561484375 0.600853689453125 0.666552458984375 0.5587198671875 0.68012811328125 0.549214091796875 0.686236689453125 0.541564875 0.683882072265625 0.53242337109375 0.67510108203125 0.523735326171875 0.669715416015625 0.5227856875 0.662882052734375 0.52554729296875 0.65342462890625 0.534192619140625 0.646998255859375 0.534646080078125 0.6352326875 0.542884419921875 0.62962216796875 0.552208060546875 0.628401203125 0.559132490234375 0.635914755859375 0.566010447265625 0.63510078125 0.570626732421875 0.624333203125 0.595700388671875 0.617953302734375 0.604888365234375
5 0.338677369140625 0.623075158203125 0.34175489453125 0.62361780859375 0.351846037109375 0.6158775234375 0.36537709765625 0.611123697265625 0.370216357421875 0.588177927734375 0.36487528515625 0.58247633984375 0.362791994140625 0.57179607421875 0.35455365625 0.560030505859375 0.353691328125 0.54242580859375 0.34527273046875 0.5361815703125 0.341425826171875 0.5355032578125 0.324817240234375 0.539714435546875 0.320745484375 0.549309400390625 0.322014798828125 0.564605953125 0.302148431640625 0.573795810546875 0.29966003125 0.57891015234375 0.2933247265625 0.583346181640625 0.286177322265625 0.605884962890625 0.333878947265625 0.614296044921875 0.337952583984375 0.618187544921875 0.338677369140625 0.623075158203125
5 0.33887453125 0.73893201953125 0.3629056015625 0.737616232421875 0.3725897578125 0.732184091796875 0.3691033671875 0.720463119140625 0.37059565625 0.711999927734375 0.3757991875 0.7049844296875 0.37466365625 0.675432029296875 0.378553279296875 0.657871927734375 0.375791673828125 0.65103856640625 0.36067537890625 0.64678655078125 0.3552897109375 0.645836912109375 0.344111388671875 0.646245779296875 0.33542522265625 0.668513234375 0.335471697265625 0.677247751953125 0.341989138671875 0.680776859375 0.346107369140625 0.67991641015625 0.348733310546875 0.68751915234375 0.34371379296875 0.715986251953125 0.335207884765625 0.732732376953125 0.335932669921875 0.73761998828125 0.33887453125 0.73893201953125
5 0.30845792578125 0.708976388671875 0.305335806640625 0.7131856875 0.3117175859375 0.71748417578125 0.322849435546875 0.70834079296875 0.319996763671875 0.69752486328125 0.32271189453125 0.69562370703125 0.31963437109375 0.695081056640625 0.310628529296875 0.696666291015625 0.30845792578125 0.708976388671875
0 0.468061537109375 0.591151236328125 0.452447185546875 0.585224796875 0.44821558984375 0.58447865234375 0.4226680546875 0.583147140625 0.41597035546875 0.58513936328125 0.411084623046875 0.599350615234375 0.415702787109375 0.613651056640625 0.420274478515625 0.619216982421875 0.467976103515625 0.62762806640625 0.49449557421875 0.621197935546875 0.49404211328125 0.6147715625 0.47602855078125 0.60445556640625 0.468061537109375 0.591151236328125
0 0.60654637109375 0.588597580078125 0.62410647265625 0.592487201171875 0.628720880859375 0.5798147109375 0.6123817421875 0.56900066015625 0.60930421875 0.568458009765625 0.6035115625 0.569816513671875 0.6013855546875 0.577374662109375 0.60654637109375 0.588597580078125
2 0.583788373046875 0.632182853515625 0.578175974609375 0.62802002734375 0.57509844921875 0.627477376953125 0.570437568359375 0.631415349609375 0.570799962890625 0.63385915625 0.582205015625 0.6366634765625 0.583788373046875 0.632182853515625
3 0.456922173828125 0.546348755859375 0.451989966796875 0.551825490234375 0.451493791015625 0.56363753125 0.460183712890625 0.5683430078125 0.4785131953125 0.57236829296875 0.48348999609375 0.562139607421875 0.4821760859375 0.55159500390625 0.478600505859375 0.549377927734375 0.474599724609375 0.548672482421875 0.456922173828125 0.546348755859375
3 0.264716328125 0.538636646484375 0.263902353515625 0.54325293359375 0.282367498046875 0.5465088359375 0.28779776171875 0.542706525390625 0.2913268671875 0.536189083984375 0.2864838515625 0.532161921875 0.281867564453125 0.5313479453125 0.272363666015625 0.531258755859375 0.264716328125 0.538636646484375
4 0.378588482421875 0.5856876484375 0.374925591796875 0.6064609375 0.378501169921875 0.608678013671875 0.381714357421875 0.608451283203125 0.382935322265625 0.601526853515625 0.386419833984375 0.599761359375 0.388590435546875 0.587451263671875 0.385286181640625 0.58369542578125 0.383747419921875 0.5834241015625 0.378588482421875 0.5856876484375