5 0.61265364453125 0.532936166015625 0.616167494140625 0.551420125 0.61097369140625 0.55432267578125 0.601241734375 0.551417779296875 0.600791416015625 0.554607322265625 0.60586155078125 0.558002197265625 0.607128498046875 0.56258235546875 0.594164994140625 0.56630153515625 0.593796337890625 0.570268048828125 0.5983344921875 0.57607549609375 0.59964109765625 0.58850701953125 0.58949848046875 0.59664303125 0.589701462890625 0.606048337890625 0.59693918359375 0.607644283203125 0.6061811640625 0.605887357421875 0.60573319140625 0.594151142578125 0.6093730546875 0.591411916015625 0.645727330078125 0.586019822265625 0.654560994140625 0.580378046875 0.64978019921875 0.557313927734375 0.650844162109375 0.55248878125 0.6463060078125 0.546681333984375 0.638823298828125 0.5427544765625 0.6355544375 0.526601427734375 0.627376421875 0.523533205078125 0.624268541015625 0.523859857421875 0.615271548828125 0.527947693359375 0.61265364453125 0.532936166015625
5 0.453542765625 0.52137947265625 0.445649396484375 0.528493525390625 0.443113154296875 0.53425896875 0.43930762109375 0.550370013671875 0.444580740234375 0.563170193359375 0.450509509765625 0.567260375 0.4512841328125 0.582104470703125 0.458806501953125 0.59388269140625 0.460603083984375 0.610976037109375 0.46657151171875 0.622917583984375 0.46938770703125 0.6571859375 0.473599208984375 0.65988550390625 0.478956337890625 0.658536892578125 0.481655904296875 0.654325390625 0.481207931640625 0.642589173828125 0.478755701171875 0.634205828125 0.47626146484375 0.632896875 0.478552716796875 0.624800521484375 0.47516253515625 0.60001913671875 0.4769218046875 0.594335357421875 0.484852486328125 0.6099984296875 0.48443948046875 0.63596509765625 0.496542005859375 0.64647637109375 0.5033714140625 0.64418746484375 0.499691892578125 0.639075326171875 0.497694671875 0.5976509140625 0.49364883984375 0.58157952734375 0.495163123046875 0.573564837890625 0.490993625 0.563790875 0.501913212890625 0.555573201171875 0.49480150390625 0.5327540703125 0.491448634765625 0.5307498125 0.487115810546875 0.51942191015625 0.481882349609375 0.514473095703125 0.4763642421875 0.499342005859375 0.46957683984375 0.494556515625 0.463361078125 0.495209818359375 0.45788028125 0.502855853515625 0.453542765625 0.52137947265625
0 0.516626603515625 0.60587328125 0.511351138671875 0.607998861328125 0.505707015625 0.61409095703125 0.506973962890625 0.618671115234375 0.5033341015625 0.62141033984375 0.518217857421875 0.62848708203125 0.5253739140625 0.629306056640625 0.57191046484375 0.623629314453125 0.58185009765625 0.60608799609375 0.5788262265625 0.592265857421875 0.569789576171875 0.588502328125 0.5439045703125 0.588866291015625 0.538465779296875 0.589437931640625 0.529468787109375 0.593525767578125 0.516626603515625 0.60587328125
0 0.375267064453125 0.568884248046875 0.373099478515625 0.57068317578125 0.36029930078125 0.575956296875 0.360625951171875 0.579064177734375 0.35387820703125 0.582130052734375 0.3533462265625 0.584542626953125 0.356699095703125 0.58654688671875 0.36602273828125 0.585566931640625 0.389863826171875 0.58070447265625 0.387287927734375 0.57861855078125 0.3931770390625 0.5748573671875 0.392115421875 0.56475675390625 0.387126947265625 0.562138849609375 0.380911185546875 0.56279215234375 0.373468134765625 0.566716662109375 0.375267064453125 0.568884248046875
0 0.527751521484375 0.59213515234375 0.522966033203125 0.5989225546875 0.514050705078125 0.603787359375 0.512251775390625 0.601619775390625 0.507589953125 0.602109751953125 0.5103291796875 0.60574961328125 0.503539431640625 0.615889884765625 0.50742428125 0.615481572265625 0.507300615234375 0.62177899609375 0.52692785546875 0.62914273046875 0.569661216796875 0.6246512734375 0.5746916953125 0.62019478125 0.58107312890625 0.606169658203125 0.5788262265625 0.592265857421875 0.570566546875 0.5884206640625 0.554168509765625 0.589358615234375 0.54607215625 0.58706736328125 0.542964275390625 0.587394013671875 0.5267295625 0.589885904296875 0.527751521484375 0.59213515234375
1 0.64911751171875 0.61080120703125 0.684081171875 0.607126376953125 0.687721033203125 0.60438715234375 0.679053041015625 0.596657109375 0.64539833203125 0.597837701171875 0.640736509765625 0.598327677734375 0.6413898125 0.604543439453125 0.64911751171875 0.61080120703125
1 0.587991236328125 0.559880443359375 0.594778638671875 0.564665931640625 0.602630001953125 0.5646262734375 0.606269865234375 0.561887048828125 0.605534900390625 0.55489431640625 0.599116154296875 0.5461423125 0.594986314453125 0.544219716796875 0.589547521484375 0.544791357421875 0.581941146484375 0.54716192578125 0.587991236328125 0.559880443359375
4 0.606262828125 0.606664328125 0.610105673828125 0.613330408203125 0.6141538515625 0.61447603515625 0.616977083984375 0.603967107421875 0.615997130859375 0.59464346484375 0.613339568359375 0.591780572265625 0.60790077734375 0.592352212890625 0.6042609140625 0.5950914375 0.606262828125 0.606664328125
3 0.71299943359375 0.56088151171875 0.731810044921875 0.56047554296875 0.732015375 0.55495508984375 0.725759955078125 0.54775702734375 0.719299205078125 0.546079419921875 0.7138604140625 0.54665105859375 0.705558728515625 0.54988026171875 0.71299943359375 0.56088151171875
3 0.45791290234375 0.5554845 0.4685034921875 0.559084703125 0.47852244140625 0.5572461171875 0.491159296875 0.550419056640625 0.49385886328125 0.546207552734375 0.493247564453125 0.532917396484375 0.487769115234375 0.525637671875 0.484661234375 0.525964322265625 0.456239986328125 0.53209373046875 0.45791290234375 0.5554845
4 0.407685099609375 0.63067790234375 0.41639509765625 0.63133355078125 0.4208119296875 0.628512662109375 0.4186046875 0.6224602265625 0.413779541015625 0.621396263671875 0.41238892578125 0.623113529296875 0.40641815234375 0.626097744140625 0.407685099609375 0.63067790234375