2 0 0.775 0.00703125 0.77421875 0.01484375 0.76875 0.02421875 0.76875 0.0328125 0.775 0.053125 0.775 0.06875 0.76875 0.10078125 0.76328125 0.11328125 0.76875 0.15078125 0.76328125 0.15546875 0.7515625 0.15625 0.728125 0.15234375 0.6859375 0.1546875 0.675 0.153125 0.66953125 0.13671875 0.65390625 0.1234375 0.64609375 0.05078125 0.64296875 0.05 0.6421875 0.0359375 0.6453125 0.02578125 0.65625 0.00546875 0.6953125 0.00390625 0.7046875 0 0.70703125 0 0.775
2 0.7328125 0.66015625 0.7296875 0.66953125 0.728125 0.70078125 0.7328125 0.73203125 0.73828125 0.7484375 0.7390625 0.76796875 0.7421875 0.76640625 0.73984375 0.76015625 0.74140625 0.75546875 0.75078125 0.7546875 0.753125 0.75234375 0.75625 0.74296875 0.75546875 0.725 0.75703125 0.71953125 0.7609375 0.7171875 0.7875 0.71484375 0.79375 0.71796875 0.79609375 0.715625 0.81015625 0.7140625 0.81328125 0.734375 0.81953125 0.75 0.83515625 0.74609375 0.8390625 0.73359375 0.83828125 0.71640625 0.82421875 0.6671875 0.82265625 0.6453125 0.81875 0.634375 0.8140625 0.63203125 0.8109375 0.63203125 0.78984375 0.63515625 0.75 0.63515625 0.74453125 0.6390625 0.7328125 0.66015625
5 0.69296875 0.56640625 0.69921875 0.56796875 0.70703125 0.5609375 0.71640625 0.55859375 0.73515625 0.559375 0.73359375 0.5515625 0.7234375 0.5375 0.709375 0.53203125 0.703125 0.53203125 0.69765625 0.5359375 0.696875 0.54375 0.6921875 0.5515625 0.69296875 0.56640625
5 0.6640625 0.57421875 0.6546875 0.58125 0.64765625 0.58203125 0.64453125 0.58671875 0.6484375 0.596875 0.66796875 0.60390625 0.67421875 0.59609375 0.71015625 0.59765625 0.71328125 0.5953125 0.70703125 0.5765625 0.690625 0.565625 0.69140625 0.55234375 0.684375 0.54375 0.67734375 0.54375 0.66953125 0.5515625 0.66953125 0.55859375 0.67421875 0.57109375 0.6640625 0.57421875
0 0.65390625 0.56953125 0.65859375 0.571875 0.65859375 0.5671875 0.65 0.5609375 0.63984375 0.55703125 0.63359375 0.55078125 0.6234375 0.54765625 0.6203125 0.54765625 0.61328125 0.5515625 0.61328125 0.559375 0.61953125 0.56953125 0.65390625 0.56953125
0 0.43046875 0.61484375 0.43671875 0.6265625 0.44140625 0.63046875 0.4828125 0.63203125 0.49609375 0.6296875 0.50546875 0.6234375 0.515625 0.6203125 0.515625 0.615625 0.50859375 0.6109375 0.5015625 0.6 0.49453125 0.603125 0.48203125 0.5921875 0.4640625 0.590625 0.46171875 0.590625 0.45546875 0.59453125 0.4375 0.5953125 0.43046875 0.6 0.43046875 0.61484375
1 0.36484375 0.62578125 0.3703125 0.61796875 0.3703125 0.61328125 0.3671875 0.61171875 0.3625 0.61171875 0.33125 0.615625 0.325 0.621875 0.32578125 0.62578125 0.36484375 0.62578125
4 0.40390625 0.62421875 0.40546875 0.6171875 0.403125 0.60234375 0.39921875 0.60234375 0.3953125 0.6046875 0.396875 0.62734375 0.4015625 0.62734375 0.40390625 0.62421875
4 0.6046875 0.6203125 0.60625 0.61640625 0.59921875 0.6125 0.59765625 0.6125 0.59375 0.61484375 0.59296875 0.61875 0.5984375 0.621875 0.6046875 0.6203125
3 0.4921875 0.575 0.49453125 0.571875 0.49453125 0.56328125 0.49140625 0.5546875 0.4859375 0.55234375 0.47109375 0.55234375 0.4703125 0.5515625 0.4625 0.5578125 0.46328125 0.5703125 0.4703125 0.575 0.4921875 0.575
3 0.29453125 0.5828125 0.2984375 0.57890625 0.30078125 0.57109375 0.29375 0.56875 0.2875 0.56875 0.28046875 0.57109375 0.275 0.57890625 0.27578125 0.584375 0.29453125 0.5828125