2 0 0.775 0.0078125 0.77421875 0.01640625 0.76875 0.02578125 0.76953125 0.03359375 0.775 0.05859375 0.775 0.06875 0.76875 0.1 0.76328125 0.11328125 0.76796875 0.15078125 0.76328125 0.15546875 0.7546875 0.15625 0.72734375 0.153125 0.70234375 0.1546875 0.67265625 0.1515625 0.6671875 0.13125 0.65 0.11953125 0.6453125 0.05078125 0.64296875 0.05 0.6421875 0.0359375 0.64609375 0.021875 0.66171875 0.00546875 0.6953125 0.0046875 0.703125 0 0.70859375 0 0.775
2 0.7390625 0.65234375 0.73203125 0.66015625 0.7265625 0.684375 0.7296875 0.68984375 0.73125 0.7234375 0.7390625 0.7484375 0.7375 0.76796875 0.7421875 0.7671875 0.74296875 0.75546875 0.75078125 0.7546875 0.753125 0.7515625 0.75546875 0.74453125 0.7546875 0.72890625 0.75703125 0.71953125 0.7609375 0.7171875 0.7875 0.71484375 0.79296875 0.71796875 0.79609375 0.715625 0.8109375 0.7140625 0.81171875 0.728125 0.81953125 0.7515625 0.81796875 0.765625 0.8203125 0.7671875 0.8234375 0.765625 0.821875 0.75078125 0.83515625 0.74609375 0.8390625 0.734375 0.83828125 0.715625 0.83203125 0.6890625 0.8234375 0.66640625 0.825 0.66015625 0.8203125 0.6390625 0.81875 0.634375 0.8140625 0.63203125 0.81015625 0.63203125 0.790625 0.63515625 0.75 0.63515625 0.74375 0.640625 0.7390625 0.65234375
5 0.8953125 0.6234375 0.89921875 0.6375 0.93046875 0.6609375 0.95625 0.6890625 0.96640625 0.69140625 0.971875 0.69765625 0.97265625 0.71328125 0.98984375 0.72890625 0.98984375 0.7359375 0.99921875 0.7359375 0.99921875 0.6359375 0.990625 0.63203125 0.96328125 0.6109375 0.96171875 0.6078125 0.96484375 0.60625 0.959375 0.60625 0.95 0.6 0.94296875 0.5984375 0.9328125 0.60234375 0.92109375 0.60234375 0.91484375 0.59453125 0.90234375 0.5921875 0.89609375 0.5921875 0.88671875 0.5984375 0.884375 0.60859375 0.88984375 0.6203125 0.8953125 0.6234375
5 0.40234375 0.5984375 0.4078125 0.6046875 0.428125 0.59453125 0.42890625 0.58671875 0.42421875 0.58125 0.41171875 0.575 0.4046875 0.5671875 0.39765625 0.56484375 0.396875 0.5640625 0.3734375 0.5765625 0.36875 0.58828125 0.36875 0.596875 0.40234375 0.5984375
0 0.4359375 0.625 0.44375 0.63203125 0.490625 0.63125 0.515625 0.6203125 0.51328125 0.61328125 0.50390625 0.6109375 0.48984375 0.6015625 0.484375 0.59453125 0.4640625 0.5921875 0.46328125 0.59140625 0.4359375 0.596875 0.4296875 0.6015625 0.43046875 0.615625 0.4359375 0.625
0 0.65234375 0.56953125 0.6546875 0.5734375 0.659375 0.5734375 0.64921875 0.5609375 0.63828125 0.55625 0.63359375 0.55078125 0.6234375 0.54765625 0.621875 0.54765625 0.61484375 0.54921875 0.6125 0.553125 0.61953125 0.56953125 0.65234375 0.56953125
1 0.36484375 0.62578125 0.37109375 0.6140625 0.36796875 0.61171875 0.3578125 0.61171875 0.35390625 0.61171875 0.33203125 0.615625 0.32578125 0.62109375 0.32578125 0.62578125 0.36484375 0.62578125
4 0.40546875 0.61796875 0.40546875 0.60625 0.40234375 0.60234375 0.3984375 0.60234375 0.39453125 0.60625 0.396875 0.62734375 0.403125 0.62578125 0.40546875 0.61796875
4 0.60625 0.61640625 0.6 0.6125 0.59609375 0.6125 0.5921875 0.61796875 0.59609375 0.62109375 0.60234375 0.62109375 0.60625 0.61640625
3 0.47109375 0.575 0.49140625 0.57578125 0.49453125 0.57109375 0.49453125 0.56328125 0.4921875 0.5546875 0.48671875 0.55234375 0.4828125 0.55234375 0.465625 0.553125 0.4625 0.5578125 0.4640625 0.57109375 0.47109375 0.575
3 0.2875 0.58515625 0.29453125 0.5828125 0.3 0.57421875 0.3 0.5703125 0.29453125 0.56875 0.290234375 0.56875 0.27890625 0.571875 0.275 0.57890625 0.27578125 0.584375 0.2875 0.58515625