2 0 0.77421875 0.00703125 0.77421875 0.015625 0.76875 0.0234375 0.76875 0.0328125 0.775 0.053125 0.775 0.06875 0.76875 0.1015625 0.76328125 0.11328125 0.76875 0.15078125 0.76328125 0.15546875 0.75078125 0.15625 0.72734375 0.15546875 0.7078125 0.153125 0.7015625 0.15546875 0.69609375 0.153125 0.6859375 0.1546875 0.671875 0.15234375 0.66796875 0.13671875 0.65390625 0.12265625 0.64609375 0.0609375 0.64296875 0.05598984375 0.64296875 0.03671875 0.6453125 0.02734375 0.6546875 0.02109375 0.6625 0.0046875 0.69609375 0.00390625 0.70546875 0 0.709375 0 0.77421875
2 0.7328125 0.6609375 0.728125 0.6828125 0.73125 0.725 0.73984375 0.75859375 0.74296875 0.7546875 0.7515625 0.75234375 0.7546875 0.73984375 0.75390625 0.72890625 0.75859375 0.71796875 0.78671875 0.71484375 0.79296875 0.71875 0.79609375 0.71484375 0.809375 0.7140625 0.81953125 0.7515625 0.81875 0.76484375 0.82265625 0.76484375 0.82109375 0.75234375 0.834375 0.74375 0.8390625 0.7234375 0.8265625 0.675 0.82421875 0.653125 0.8171875 0.6328125 0.812890625 0.6328125 0.78984375 0.63515625 0.753125 0.634375 0.74140625 0.64296875 0.7328125 0.6609375
4 0.60625 0.61640625 0.59921875 0.6125 0.59609375 0.6125 0.5921875 0.61953125 0.5984375 0.621875 0.60546875 0.61953125 0.60625 0.61640625
4 0.409375 0.615625 0.4078125 0.60390625 0.403125 0.60390625 0.3984375 0.6078125 0.40078125 0.628125 0.40703125 0.62421875 0.409375 0.615625
1 0.32421875 0.62578125 0.3640625 0.62578125 0.37109375 0.6171875 0.36796875 0.61171875 0.36375 0.61171875 0.346875 0.61171875 0.33125 0.61484375 0.32421875 0.621875 0.32421875 0.62578125
0 0.43203125 0.596875 0.428125 0.6 0.4296875 0.6140625 0.44140625 0.63046875 0.48828125 0.63125 0.515625 0.6203125 0.51328125 0.61328125 0.49453125 0.6078125 0.484375 0.5984375 0.465625 0.59140625 0.46640625 0.58828125 0.46171875 0.584375 0.459375 0.584375 0.46171875 0.58671875 0.4578125 0.590625 0.45859375 0.59375 0.43203125 0.596875
0 0.61875 0.56875 0.65625 0.56875 0.65703125 0.5671875 0.65078125 0.56171875 0.63984375 0.55703125 0.6328125 0.55 0.6234375 0.54765625 0.62109375 0.54765625 0.6140625 0.54921875 0.61171875 0.55390625 0.61484375 0.56484375 0.61875 0.56875
5 0.8328125 0.534375 0.83359375 0.5390625 0.815625 0.546875 0.80546875 0.55859375 0.7953125 0.58359375 0.79375 0.5984375 0.803125 0.61640625 0.81640625 0.6234375 0.82109375 0.63671875 0.82890625 0.68515625 0.83203125 0.68984375 0.83984375 0.72421875 0.8390625 0.7328125 0.82890625 0.7515625 0.8375 0.759375 0.85078125 0.76640625 0.86015625 0.76640625 0.8625 0.7640625 0.86015625 0.73125 0.8578125 0.725 0.859375 0.7109375 0.85546875 0.7015625 0.85859375 0.69765625 0.86796875 0.70625 0.86796875 0.7234375 0.8734375 0.746875 0.88203125 0.75625 0.8859375 0.775 0.89453125 0.78046875 0.90546875 0.78046875 0.90859375 0.77421875 0.89921875 0.75234375 0.9 0.73515625 0.89609375 0.725 0.89765625 0.71640625 0.8921875 0.6984375 0.89453125 0.6921875 0.89453125 0.67578125 0.89375 0.64453125 0.890625 0.62421875 0.896875 0.61640625 0.8984375 0.609375 0.89375 0.57265625 0.88515625 0.55078125 0.8796875 0.54453125 0.8703125 0.540625 0.86640625 0.53359375 0.85703125 0.5265625 0.859375 0.51953125 0.85859375 0.50625 0.85234375 0.49765625 0.84765625 0.49609375 0.84140625 0.49609375 0.83125 0.49921875 0.8234375 0.5078125 0.825 0.52578125 0.8328125 0.534375
5 0.45859375 0.59609375 0.4734375 0.5953125 0.48203125 0.59921875 0.4890625 0.59921875 0.49296875 0.58828125 0.48984375 0.575 0.4859375 0.5703125 0.46640625 0.55859375 0.46328125 0.55859375 0.45703125 0.56171875 0.44609375 0.5765625 0.44609375 0.59375 0.45859375 0.59609375
3 0.49140625 0.575 0.49609375 0.56796875 0.4921875 0.553125 0.48984375 0.55234375 0.485625 0.55234375 0.46640625 0.553125 0.46328125 0.56015625 0.47421875 0.56328125 0.49140625 0.575
3 0.29453125 0.58359375 0.30078125 0.571875 0.296875 0.56875 0.29140625 0.56875 0.28046875 0.5703125 0.27421875 0.5796875 0.275 0.584375 0.29453125 0.58359375