2 0 0.775 0.00703125 0.77421875 0.01484375 0.76875 0.0234375 0.76875 0.0359375 0.775 0.04921875 0.775 0.06796875 0.76875 0.0953125 0.7640625 0.10234375 0.76328125 0.11328125 0.76875 0.11953125 0.76875 0.15078125 0.76328125 0.15546875 0.75078125 0.15625 0.728125 0.15390625 0.72265625 0.1546875 0.7109375 0.15234375 0.7078125 0.15390625 0.66953125 0.14296875 0.65859375 0.1234375 0.64609375 0.06171875 0.64296875 0.0578125 0.64296875 0.03671875 0.64453125 0.025 0.65703125 0.00546875 0.69609375 0.0046875 0.7046875 0 0.7078125 0 0.775
2 0.740625 0.64453125 0.73984375 0.65 0.7328125 0.6609375 0.72890625 0.6828125 0.72890625 0.709375 0.73984375 0.7546875 0.7375 0.76796875 0.74140625 0.7671875 0.74140625 0.76171875 0.7390625 0.76015625 0.74140625 0.75546875 0.7515625 0.7546875 0.753125 0.75234375 0.75625 0.74296875 0.75546875 0.72578125 0.75703125 0.7203125 0.76171875 0.7171875 0.78671875 0.71484375 0.79375 0.71796875 0.81015625 0.7140625 0.8109375 0.725 0.81875 0.74921875 0.83515625 0.74609375 0.8390625 0.73359375 0.83828125 0.715625 0.82421875 0.6671875 0.821875 0.64375 0.81875 0.634375 0.8140625 0.63203125 0.8109375 0.63203125 0.79609375 0.63515625 0.753125 0.634375 0.7453125 0.63828125 0.740625 0.64453125
5 0.63984375 0.52734375 0.634375 0.5390625 0.63515625 0.57265625 0.63203125 0.5890625 0.63515625 0.60078125 0.63984375 0.60546875 0.6375 0.615625 0.646875 0.61796875 0.67890625 0.61796875 0.6828125 0.6125 0.68359375 0.59921875 0.6921875 0.58515625 0.68984375 0.575 0.69140625 0.56875 0.69453125 0.56640625 0.7046875 0.5734375 0.709375 0.5875 0.7125 0.58984375 0.71328125 0.59765625 0.7234375 0.60390625 0.72578125 0.603125 0.7296875 0.59609375 0.7234375 0.5890625 0.71484375 0.56484375 0.70078125 0.54921875 0.690625 0.53125 0.6828125 0.52421875 0.68125 0.51796875 0.6734375 0.5125 0.66953125 0.49765625 0.6625 0.49296875 0.65546875 0.49296875 0.6484375 0.496875 0.64375 0.5046875 0.646875 0.521875 0.63984375 0.52734375
5 0.3296875 0.59609375 0.30859375 0.61015625 0.3046875 0.61875 0.3015625 0.6375 0.303125 0.64140625 0.35546875 0.64140625 0.365625 0.64609375 0.3890625 0.63203125 0.39140625 0.62734375 0.38828125 0.6171875 0.3796875 0.609375 0.37265625 0.609375 0.36953125 0.603125 0.3625 0.6015625 0.359375 0.59296875 0.3546875 0.590625 0.35625 0.5765625 0.35078125 0.56875 0.353125 0.5671875 0.34453125 0.56171875 0.33828125 0.56171875 0.3265625 0.5671875 0.325 0.5828125 0.33046875 0.5921875 0.3296875 0.59609375
5 0.36953125 0.703125 0.37578125 0.70546875 0.3796875 0.70390625 0.3828125 0.70703125 0.38515625 0.7234375 0.378125 0.76015625 0.38515625 0.76328125 0.40625 0.7578125 0.41484375 0.75078125 0.40859375 0.7359375 0.4125 0.72265625 0.4078125 0.6953125 0.4078125 0.67734375 0.39921875 0.66953125 0.3703125 0.66796875 0.36953125 0.6671875 0.37109375 0.671875 0.36796875 0.68046875 0.36640625 0.7 0.36953125 0.703125
5 0.35546875 0.74453125 0.3578125 0.73671875 0.36171875 0.73515625 0.3578125 0.7296875 0.359375 0.7234375 0.354296875 0.7234375 0.34921875 0.7234375 0.34765625 0.7265625 0.3453125 0.74453125 0.35546875 0.74453125
3 0.47265625 0.575 0.490625 0.57578125 0.4953125 0.56875 0.4921875 0.5546875 0.47421875 0.55234375 0.46875 0.55234375 0.4625 0.55859375 0.4625 0.56953125 0.4703125 0.571875 0.47265625 0.575
3 0.29375 0.58359375 0.2984375 0.57890625 0.30078125 0.571875 0.29453125 0.56875 0.290234375 0.56875 0.2796875 0.571875 0.275 0.5796875 0.27578125 0.584375 0.29375 0.58359375
0 0.44140625 0.63046875 0.48984375 0.63125 0.515625 0.6203125 0.51328125 0.61328125 0.50546875 0.61171875 0.49765625 0.6046875 0.4984375 0.60078125 0.49375 0.603125 0.48515625 0.59375 0.47734375 0.59453125 0.4640625 0.59140625 0.4625 0.59140625 0.43515625 0.59609375 0.43046875 0.60078125 0.4296875 0.61484375 0.44140625 0.63046875
0 0.63203125 0.5703125 0.63515625 0.55078125 0.63359375 0.5484375 0.62421875 0.54765625 0.62265625 0.54765625 0.61328125 0.55 0.61328125 0.56484375 0.61953125 0.56875 0.63203125 0.5703125
4 0.6046875 0.6203125 0.60625 0.615625 0.59921875 0.6125 0.59609375 0.6125 0.59296875 0.615625 0.59296875 0.61953125 0.59765625 0.621875 0.6046875 0.6203125
4 0.396875 0.62265625 0.396875 0.62734375 0.40234375 0.62578125 0.40078125 0.6203125 0.40546875 0.61796875 0.40546875 0.60546875 0.4015625 0.603125 0.40078125 0.60234375 0.3953125 0.6046875 0.3953125 0.6171875 0.4 0.62109375 0.396875 0.62265625