2 0.942721951171875 0.665584705078125 0.9403814140625 0.66546204296875 0.870001724609375 0.664902888671875 0.85554962109375 0.67196870703125 0.8408521953125 0.6837156015625 0.835803130859375 0.690491890625 0.83744858203125 0.7038776015625 0.83146242578125 0.743462310546875 0.830893318359375 0.769249115234375 0.83496108203125 0.78119712890625 0.86510186328125 0.78825299609375 0.87290365625 0.78866187109375 0.880170595703125 0.78434878125 0.89031292578125 0.784880318359375 0.918113169921875 0.7918135234375 0.930309826171875 0.797928978515625 0.95293502734375 0.79911471484375 0.961023033203125 0.794062333984375 0.970426072265625 0.7937728046875 0.977161474609375 0.799602046875 0.98492237890625 0.800791099609375 0.988397814453125 0.734475857421875 0.98470135546875 0.7303705234375 0.98297412890625 0.718545171875 0.975128130859375 0.704052181640625 0.96974533203125 0.68734131640625 0.95582144921875 0.669400509765625 0.942721951171875 0.665584705078125
2 0.16751655078125 0.6492098984375 0.150897412109375 0.697625220703125 0.149054158203125 0.71786899609375 0.1516842265625 0.727394697265625 0.15928158203125 0.73170446875 0.16790444140625 0.73137405078125 0.174840962890625 0.718438103515625 0.1781219140625 0.700616640625 0.181406181640625 0.69765947265625 0.192986208984375 0.700613322265625 0.216432474609375 0.701059767578125 0.2310514453125 0.705737525390625 0.23142606640625 0.728444501953125 0.23549383203125 0.740392515625 0.248838654296875 0.739527244140625 0.260531392578125 0.695547671875 0.26114138671875 0.6689806875 0.259124630859375 0.647752296875 0.249963599609375 0.628496455078125 0.239409076171875 0.62090241796875 0.196458326171875 0.61943378515625 0.1805873125 0.6162550546875 0.176296326171875 0.616030173828125 0.171124599609375 0.625147001953125 0.16751655078125 0.6492098984375
5 0.258443892578125 0.54132080859375 0.2565973203125 0.5467002890625 0.283780935546875 0.550471888671875 0.286656328125 0.555316513671875 0.292775099609375 0.55798415234375 0.30152062109375 0.555313197265625 0.30566684375 0.55083655859375 0.304719796875 0.53905209375 0.307878083984375 0.523571169921875 0.30578287109375 0.518767431640625 0.29966409765625 0.51609979296875 0.298103740234375 0.516018017578125 0.270719005859375 0.531011609375 0.258443892578125 0.54132080859375
5 0.307145427734375 0.55247869140625 0.288342666015625 0.567922044921875 0.288509533203125 0.579665623046875 0.292287767578125 0.58221059765625 0.323535828125 0.58306591796875 0.33092874609375 0.5912765859375 0.3296988046875 0.599817669921875 0.332407330078125 0.59291871875 0.33848521484375 0.596366537109375 0.35207536328125 0.590820189453125 0.354003708984375 0.583880349609375 0.351210091796875 0.577475365234375 0.33486389453125 0.56097225390625 0.324966888671875 0.555759640625 0.3289462421875 0.53953942578125 0.323072794921875 0.5321907109375 0.316872248046875 0.53108343359375 0.316092068359375 0.531042544921875 0.308661580078125 0.5384763515625 0.307145427734375 0.55247869140625
0 0.358964361328125 0.548935830078125 0.34779652734375 0.55304448046875 0.3404478125 0.558917927734375 0.340941779296875 0.564420072265625 0.34578640625 0.5615446796875 0.376993578125 0.563180177734375 0.3847920546875 0.5487247578125 0.382737728515625 0.54314083984375 0.3750177109375 0.541171607421875 0.37419664453125 0.5419108984375 0.367134142578125 0.54232308984375 0.358964361328125 0.548935830078125
0 0.499941447265625 0.605610421875 0.49526037109375 0.605365095703125 0.479166134765625 0.613909498046875 0.478099744140625 0.6193298671875 0.488119412109375 0.62220194140625 0.5009735859375 0.630698822265625 0.55086417578125 0.634095798828125 0.55825377734375 0.627442171875 0.563425501953125 0.618325345703125 0.56420236328125 0.6035019375 0.556645896484375 0.59841198828125 0.54104230859375 0.59759423828125 0.527552720703125 0.593757990234375 0.5224815546875 0.593492220703125 0.515378166015625 0.59468459375 0.499941447265625 0.605610421875
4 0.388420009765625 0.61384762890625 0.402463236328125 0.614583603515625 0.3981501484375 0.6073166640625 0.395029431640625 0.607153115234375 0.38780337890625 0.6106860234375 0.388420009765625 0.61384762890625
4 0.588186802734375 0.623534640625 0.590118466796875 0.631459095703125 0.593937587890625 0.633223892578125 0.597920259765625 0.631867970703125 0.599559076171875 0.615525091796875 0.599065109375 0.61002294921875 0.595286875 0.607477974609375 0.592166158203125 0.607314423828125 0.58970295703125 0.60953230078125 0.588186802734375 0.623534640625
1 0.623335759765625 0.624594396484375 0.628388140625 0.63268240234375 0.667397107421875 0.634726775390625 0.668381724609375 0.630866767578125 0.662467388671875 0.624298232421875 0.630684474609375 0.61872094921875 0.626783578125 0.61851651171875 0.6235810859375 0.619913322265625 0.623335759765625 0.624594396484375
3 0.697156630859375 0.589347078125 0.702331673828125 0.595094544921875 0.720275798828125 0.59603495703125 0.72056201171875 0.590573701171875 0.715550517578125 0.581705517578125 0.705099873046875 0.579593177734375 0.70002870703125 0.579327408203125 0.695184080078125 0.58220280078125 0.697156630859375 0.589347078125
3 0.50214937109375 0.56348073828125 0.501082978515625 0.56890110546875 0.503876595703125 0.57530608984375 0.523381080078125 0.57632827734375 0.533029443359375 0.571357669921875 0.534463822265625 0.558915689453125 0.53154754296875 0.5548512421875 0.514424484375 0.5531715390625 0.510523587890625 0.5529671015625 0.504939669921875 0.555021427734375 0.50214937109375 0.56348073828125