2 0.91566581640625 0.702791806640625 0.850135830078125 0.697526806640625 0.8227696328125 0.712615005859375 0.8179228359375 0.71903418359375 0.817404279296875 0.733950931640625 0.8138873203125 0.742134861328125 0.815447158203125 0.747876576171875 0.808764513671875 0.772972009765625 0.8061675625 0.79706379296875 0.809178509765625 0.80932087109375 0.8440051640625 0.81973793359375 0.8523940078125 0.816183341796875 0.86023920703125 0.816496984375 0.89042398046875 0.826261671875 0.90425344140625 0.83451669921875 0.922820966796875 0.837126193359375 0.932092185546875 0.83290668359375 0.94303197265625 0.833655244140625 0.950007337890625 0.8401580625 0.956861431640625 0.84191026953125 0.9658859375 0.77769757421875 0.96256134765625 0.7732856953125 0.96298371875 0.764666849609375 0.947192970703125 0.71984550390625 0.936336826171875 0.707274783203125 0.920307697265625 0.7034441796875 0.91566581640625 0.702791806640625
2 0.1602602265625 0.5989932578125 0.1565508984375 0.61977299609375 0.144887640625 0.64101273828125 0.1350016796875 0.66644690234375 0.131727265625 0.684132052734375 0.133855837890625 0.697054048828125 0.14347833203125 0.70156211328125 0.15076733984375 0.700219732421875 0.15956601171875 0.6825220390625 0.163070427734375 0.6688138515625 0.179655744140625 0.6743004765625 0.19468122265625 0.67404538671875 0.215690962890625 0.6817316796875 0.21242909375 0.704941087890625 0.21421893359375 0.714659767578125 0.2162136875 0.71730689453125 0.227262201171875 0.717281806640625 0.23990401953125 0.6890792421875 0.24874869921875 0.64298661328125 0.247272501953125 0.625422736328125 0.2410456953125 0.607980130859375 0.237164916015625 0.601912228515625 0.226103857421875 0.596413060546875 0.19184593359375 0.59317627734375 0.172166029296875 0.587254736328125 0.170618736328125 0.587037279296875 0.16653304296875 0.588040927734375 0.1602602265625 0.5989932578125
5 0.24094117578125 0.513294107421875 0.224719677734375 0.522059314453125 0.220115427734375 0.537979712890625 0.24398975390625 0.54212395703125 0.24765307421875 0.549739154296875 0.252959875 0.551273904296875 0.25604191796875 0.5461845625 0.269737560546875 0.544164720703125 0.272928333984375 0.538301732421875 0.26672661328125 0.531907642578125 0.263836939453125 0.52440117578125 0.2545406328125 0.517572169921875 0.260365990234375 0.504190169921875 0.25582029296875 0.497239892578125 0.2496311171875 0.496370060546875 0.242463380859375 0.50246305078125 0.24094117578125 0.513294107421875
5 0.24382247265625 0.56576828125 0.2409704296875 0.5748345859375 0.252696408203125 0.5812161328125 0.262645087890625 0.583403255859375 0.26514585546875 0.565609376953125 0.262703640625 0.560532578125 0.255402087890625 0.556350701171875 0.25462844140625 0.55624197265625 0.25155894140625 0.566855572265625 0.24382247265625 0.56576828125
5 0.513156166015625 0.552340357421875 0.512177603515625 0.5593031796875 0.515502193359375 0.56371505859375 0.51285506640625 0.5657098125 0.500041798828125 0.567064736328125 0.48272046875 0.578042154296875 0.448705091796875 0.58430659375 0.445066859375 0.5877399140625 0.437112931640625 0.58819991796875 0.436786744140625 0.590520857421875 0.469171185546875 0.595861123046875 0.490264568359375 0.59172525390625 0.492054408203125 0.601443931640625 0.49482280859375 0.6041997890625 0.499343416015625 0.600101552734375 0.51248287109375 0.5964256875 0.541107806640625 0.60044866015625 0.544189849609375 0.595359318359375 0.54827554296875 0.594355669921875 0.58111998828125 0.607649861328125 0.59337706640625 0.6046389140625 0.60643287890625 0.6127852109375 0.611062216796875 0.607913328125 0.616369017578125 0.609448078125 0.61768630859375 0.605688572265625 0.61204077734375 0.600950505859375 0.587610263671875 0.59515023828125 0.578422685546875 0.5875475859375 0.564714498046875 0.584043169921875 0.541262544921875 0.571280080078125 0.5399201640625 0.5639910703125 0.544210771484375 0.555915869140625 0.540426177734375 0.5435500625 0.532568435546875 0.537712162109375 0.531021140625 0.537494705078125 0.519985169921875 0.54304405078125 0.513156166015625 0.552340357421875
3 0.498603234375 0.5660736328125 0.514402359375 0.565927271484375 0.50907047265625 0.553344005859375 0.502107650390625 0.5523654453125 0.498360689453125 0.55657241015625 0.498603234375 0.5660736328125
3 0.69117022265625 0.610493568359375 0.69935415234375 0.61401052734375 0.7102939375 0.614759087890625 0.712602333984375 0.609561015625 0.709060287109375 0.606696431640625 0.708274095703125 0.601063443359375 0.698156048828125 0.597274662109375 0.6939009921875 0.59667665234375 0.687494357421875 0.597354115234375 0.69117022265625 0.610493568359375
1 0.61710919921875 0.643475998046875 0.65656519140625 0.649021177734375 0.657108837890625 0.645152943359375 0.65101584765625 0.63798520703125 0.636086552734375 0.631942392578125 0.619994697265625 0.629680828125 0.615971732421875 0.6291154375 0.611451125 0.63321367578125 0.61710919921875 0.643475998046875
4 0.5805303359375 0.63991303125 0.5850133125 0.619242021484375 0.58224491015625 0.6164861640625 0.5768293828125 0.6157250625 0.5734336953125 0.6286596015625 0.5805303359375 0.63991303125
4 0.378922130859375 0.60368956640625 0.385558765625 0.606989068359375 0.392074126953125 0.605537958984375 0.3912879375 0.59990497265625 0.388410806640625 0.597922763671875 0.386089865234375 0.597596576171875 0.3785833984375 0.60048625 0.378922130859375 0.60368956640625
0 0.4992346875 0.60087519921875 0.4870988828125 0.6086367578125 0.469317546875 0.611660248046875 0.467782796875 0.616967046875 0.493229505859375 0.632377265625 0.537327380859375 0.638574818359375 0.5450513046875 0.634137849609375 0.554527439453125 0.6228467890625 0.555819642578125 0.60803876953125 0.549291736328125 0.603965619140625 0.525634869140625 0.598274080078125 0.520992986328125 0.59762170703125 0.509944470703125 0.597646794921875 0.4992346875 0.60087519921875
0 0.354462359375 0.5363488203125 0.3429789296875 0.53946849609375 0.331290583984375 0.54965972265625 0.334941361328125 0.551750662109375 0.340235615234375 0.547761154296875 0.371955140625 0.552219041015625 0.38164873046875 0.5393806875 0.380197623046875 0.53286532421875 0.374999552734375 0.530556927734375 0.370357669921875 0.5299045546875 0.3615213671875 0.5310294765625 0.354462359375 0.5363488203125