3 0.7112971953125 0.542072806640625 0.718537544921875 0.5471425546875 0.736097646484375 0.54325293359375 0.736053052734375 0.538500984375 0.731799158203125 0.536871154296875 0.72840571484375 0.53112309375 0.7173630546875 0.531483609375 0.71197738671875 0.53243324609375 0.708401806640625 0.534650322265625 0.7112971953125 0.542072806640625
3 0.515785216796875 0.567027220703125 0.5214868046875 0.57236829296875 0.539182568359375 0.56924805078125 0.548234884765625 0.56209876953125 0.546969326171875 0.550422390625 0.543077826171875 0.546348755859375 0.52478476953125 0.548781013671875 0.52063011328125 0.549513591796875 0.516918869140625 0.55096128515625 0.515785216796875 0.567027220703125
2 1 0.57708286328125 0.999848416015625 0.5768700625 0.984055685546875 0.563788705078125 0.968623470703125 0.561750009765625 0.9655459453125 0.56229266015625 0.895441201171875 0.578620529296875 0.88448773046875 0.58848494140625 0.870410263671875 0.607626521484375 0.8767418125 0.639035482421875 0.880040431640625 0.67573904296875 0.8858758046875 0.695335962890625 0.889631642578125 0.698640216796875 0.926742189453125 0.697649740234375 0.933622025390625 0.691676828125 0.941180171875 0.6895508203125 0.974579478515625 0.690008037109375 0.98706983203125 0.693358765625 1 0.691078828125 1 0.57708286328125
2 0.207387806640625 0.703116115234375 0.20987620703125 0.70823045703125 0.20797505078125 0.710945587890625 0.209738666015625 0.720947541015625 0.204572216796875 0.772629857421875 0.20665175 0.788922521484375 0.2126692578125 0.8005543046875 0.221675099609375 0.802139541015625 0.2278301484375 0.80105423828125 0.229731302734375 0.798339107421875 0.2322680546875 0.781232466796875 0.23095790234375 0.764804140625 0.24919631640625 0.764761423828125 0.261868806640625 0.760147015625 0.284225453125 0.760964748046875 0.287754560546875 0.767482189453125 0.29087480078125 0.785177953125 0.295308951171875 0.79232911328125 0.297254701171875 0.794365931640625 0.30739231640625 0.79337169921875 0.310791396484375 0.758660361328125 0.309979298828125 0.740557609375 0.305998609375 0.726980076171875 0.3070857890625 0.719648658203125 0.298399623046875 0.697381201171875 0.287087515625 0.68271648828125 0.281521591796875 0.678144796875 0.27405451171875 0.676288236328125 0.23572112109375 0.68384075 0.216713326171875 0.68401912890625 0.21363580078125 0.684561779296875 0.210060220703125 0.68677885546875 0.207387806640625 0.703116115234375
5 0.266875662109375 0.55459224609375 0.2522090703125 0.579390818359375 0.24677505078125 0.602561439453125 0.24776928515625 0.612699056640625 0.252837154296875 0.618945171875 0.252881748046875 0.62369712109375 0.26080041015625 0.6326137734375 0.266816041015625 0.6577320234375 0.287453666015625 0.653299751953125 0.284242357421875 0.6395865546875 0.286143513671875 0.636871423828125 0.31012998828125 0.633435263671875 0.31560672265625 0.628503056640625 0.309226822265625 0.619315078125 0.30873064453125 0.607503037109375 0.30153676953125 0.5936987734375 0.29710449609375 0.573061146484375 0.28416255859375 0.562650328125 0.28959469921875 0.552966171875 0.290139228515625 0.54255723046875 0.282763216796875 0.5367181015625 0.275431798828125 0.535630921875 0.27312365625 0.53603791015625 0.267013203125 0.54187516015625 0.266875662109375 0.55459224609375
5 0.29773821484375 0.572156103515625 0.30375384375 0.597274353515625 0.3123508203125 0.610037912109375 0.310765583984375 0.61904375390625 0.314385759765625 0.621578626953125 0.321536919921875 0.6171444765625 0.335385779296875 0.614702548828125 0.3387811015625 0.60696414453125 0.332313888671875 0.574785802734375 0.326839033203125 0.56623154296875 0.324306037109375 0.556365251953125 0.3246238359375 0.54916949609375 0.31598038671875 0.545140455078125 0.31059471875 0.54609009375 0.305887365234375 0.550886638671875 0.29773821484375 0.572156103515625
4 0.417025603515625 0.636799138671875 0.424990740234375 0.636981275390625 0.429969419921875 0.6337234921875 0.4283860625 0.629242869140625 0.422457744140625 0.627114984375 0.421190306640625 0.6289250703125 0.41544224609375 0.632318515625 0.417025603515625 0.636799138671875
0 0.3721841640625 0.5804484296875 0.363629904296875 0.585923287109375 0.35960086328125 0.594566736328125 0.394223009765625 0.588461916015625 0.39870551171875 0.57339209375 0.396217111328125 0.568277751953125 0.390560119140625 0.56768862890625 0.38594383203125 0.568502603515625 0.37725391015625 0.573208080078125 0.3721841640625 0.5804484296875
0 0.50469044921875 0.6165816484375 0.50550442578125 0.621197935546875 0.516049029296875 0.622511845703125 0.526366904296875 0.62703894140625 0.54216151171875 0.62663383203125 0.57678366015625 0.620529013671875 0.58416155078125 0.61288167578125 0.588417322265625 0.601025041015625 0.58597539453125 0.587176181640625 0.5805451328125 0.58337387109375 0.560269900390625 0.585362337890625 0.55266715625 0.582736396484375 0.527548908203125 0.588752025390625 0.528860939453125 0.59169388671875 0.52487837109375 0.591602818359375 0.52732217578125 0.591965212890625 0.52750243359375 0.59748654296875 0.519174904296875 0.599748212890625 0.51401596875 0.5974846640625 0.515917123046875 0.594769533203125 0.513337654296875 0.5936377578125 0.52293262109375 0.589566001953125 0.514560498046875 0.58707572265625 0.510713591796875 0.58775403515625 0.514965607421875 0.60287033203125 0.50469044921875 0.6165816484375
1 0.6541752265625 0.600536376953125 0.692644279296875 0.593753244140625 0.69273534765625 0.58977067578125 0.68626437890625 0.584565265625 0.65506702734375 0.58609969140625 0.650194537109375 0.586958841796875 0.646890283203125 0.5907146796875 0.6541752265625 0.600536376953125
4 0.616339892578125 0.60641446484375 0.622132546875 0.60777296875 0.623898041015625 0.60428845703125 0.62127585546875 0.584918267578125 0.616252580078125 0.5834241015625 0.61240567578125 0.5841024140625 0.613580166015625 0.599761359375 0.616339892578125 0.60641446484375