2 0 0.77421875 0.00703125 0.77421875 0.01484375 0.76875 0.0234375 0.76875 0.0328125 0.775 0.0546875 0.775 0.06640625 0.76953125 0.10078125 0.76328125 0.10703125 0.7640625 0.1140625 0.76875 0.15078125 0.76328125 0.15546875 0.75078125 0.15625 0.72734375 0.153125 0.70234375 0.1546875 0.67265625 0.15234375 0.66875 0.13671875 0.65390625 0.1234375 0.64609375 0.05078125 0.64296875 0.05 0.6421875 0.03671875 0.6453125 0.028125 0.65390625 0.02109375 0.6625 0.0046875 0.69609375 0.00390625 0.70546875 0 0.709375 0 0.77421875
2 0.7421875 0.6421875 0.73203125 0.6609375 0.72734375 0.684375 0.7296875 0.68828125 0.73125 0.72265625 0.7390625 0.7546875 0.7375 0.76796875 0.7421875 0.76640625 0.73984375 0.76015625 0.7421875 0.75625 0.74921875 0.7546875 0.753125 0.75078125 0.75625 0.7421875 0.7546875 0.73671875 0.75703125 0.71953125 0.7609375 0.7171875 0.78671875 0.71484375 0.79296875 0.71953125 0.79296875 0.72578125 0.796875 0.72578125 0.79453125 0.71640625 0.81015625 0.7140625 0.8109375 0.72421875 0.81875 0.74921875 0.81875 0.76640625 0.82265625 0.76640625 0.82421875 0.7625 0.821875 0.75078125 0.83515625 0.74609375 0.8390625 0.73359375 0.83828125 0.715625 0.83125 0.68828125 0.82265625 0.66640625 0.82421875 0.66015625 0.8203125 0.6546875 0.82265625 0.64921875 0.8171875 0.6328125 0.812890625 0.6328125 0.78984375 0.63515625 0.75625 0.63359375 0.74609375 0.6375 0.7421875 0.6421875
5 0.96640625 0.59375 0.965625 0.60078125 0.959375 0.60703125 0.94609375 0.61484375 0.93828125 0.61484375 0.92890625 0.61015625 0.93046875 0.60234375 0.928125 0.59609375 0.925 0.5953125 0.91328125 0.6 0.915625 0.60859375 0.9140625 0.61875 0.90546875 0.621875 0.89375 0.61953125 0.8859375 0.625 0.890625 0.6296875 0.91796875 0.63125 0.92421875 0.64140625 0.93125 0.64609375 0.9515625 0.64375 0.95625 0.6453125 0.953125 0.653125 0.953125 0.66640625 0.9578125 0.67734375 0.92890625 0.68515625 0.925 0.69375 0.9578125 0.73828125 0.98671875 0.7359375 0.99609375 0.73125 0.99375 0.728125 0.99921875 0.728125 0.99921875 0.55546875 0.99375 0.5546875 0.98984375 0.5546875 0.96875 0.55546875 0.95625 0.5625 0.95859375 0.584375 0.96640625 0.59375
5 0.3984375 0.59765625 0.4109375 0.60234375 0.4265625 0.59609375 0.4296875 0.5921875 0.428125 0.584375 0.39921875 0.56484375 0.39296875 0.56484375 0.37265625 0.5765625 0.36796875 0.590625 0.36875 0.596875 0.3984375 0.59765625
0 0.44140625 0.63046875 0.490625 0.63125 0.515625 0.6203125 0.5140625 0.6140625 0.50625 0.61328125 0.49609375 0.60390625 0.4984375 0.6015625 0.49375 0.60390625 0.484375 0.59453125 0.46796875 0.5921875 0.4640625 0.5921875 0.44453125 0.59453125 0.43125 0.6 0.43046875 0.615625 0.44140625 0.63046875
0 0.61953125 0.56953125 0.653125 0.56953125 0.65625 0.57265625 0.659375 0.571875 0.65078125 0.56171875 0.63828125 0.55625 0.6328125 0.55 0.6234375 0.54765625 0.62109375 0.54765625 0.6140625 0.54921875 0.6125 0.55234375 0.61328125 0.559375 0.61953125 0.56953125
4 0.6 0.6125 0.5953125 0.6125 0.59140625 0.61875 0.5984375 0.621875 0.60625 0.61796875 0.6 0.6125
4 0.403125 0.6265625 0.40546875 0.61796875 0.40546875 0.60625 0.4015625 0.60234375 0.39765625 0.60234375 0.39453125 0.60546875 0.3953125 0.62578125 0.4 0.628125 0.403125 0.6265625
1 0.365625 0.62578125 0.37109375 0.61796875 0.37109375 0.61328125 0.3578125 0.61171875 0.35390625 0.61171875 0.33203125 0.615625 0.325 0.621875 0.32421875 0.62578125 0.365625 0.62578125
3 0.275 0.584375 0.2953125 0.5828125 0.29921875 0.57734375 0.3 0.5703125 0.29375 0.56875 0.28671875 0.56875 0.2796875 0.57109375 0.278125 0.5765625 0.27421875 0.57890625 0.275 0.584375
3 0.4921875 0.575 0.4953125 0.56875 0.4921875 0.5546875 0.4859375 0.55234375 0.47109375 0.55234375 0.4703125 0.5515625 0.4625 0.5578125 0.46328125 0.57109375 0.471875 0.575 0.4921875 0.575