2 0 0.775 0.0078125 0.77421875 0.015625 0.76875 0.02578125 0.76953125 0.03359375 0.775 0.05 0.775 0.0609375 0.7734375 0.06875 0.76875 0.0953125 0.7640625 0.1234375 0.76796875 0.15078125 0.76328125 0.15546875 0.7546875 0.15625 0.7265625 0.15234375 0.6828125 0.1546875 0.671875 0.15 0.665625 0.13359375 0.6515625 0.1203125 0.6453125 0.0671875 0.64453125 0.0515625 0.6421875 0.04921875 0.6421875 0.0359375 0.6453125 0.02109375 0.6625 0.00703125 0.69296875 0.0046875 0.7046875 0 0.709375 0 0.775
2 0.7375 0.65390625 0.73203125 0.66015625 0.72734375 0.6765625 0.7296875 0.6890625 0.72890625 0.7078125 0.7390625 0.75390625 0.7375 0.76796875 0.7421875 0.76640625 0.74140625 0.75625 0.753125 0.75234375 0.75625 0.74296875 0.75546875 0.72734375 0.7578125 0.71953125 0.76328125 0.7171875 0.771875 0.71796875 0.77421875 0.715625 0.78671875 0.71484375 0.79296875 0.71796875 0.79609375 0.715625 0.8109375 0.7140625 0.8125 0.73125 0.81953125 0.75 0.83515625 0.74609375 0.8390625 0.73359375 0.83828125 0.71484375 0.8234375 0.66640625 0.82265625 0.6453125 0.81875 0.634375 0.8140625 0.63203125 0.81328125 0.63203125 0.79140625 0.63515625 0.753125 0.634375 0.7421875 0.64140625 0.7375 0.65390625
4 0.6 0.6125 0.5953125 0.6125 0.59140625 0.61796875 0.5984375 0.621875 0.60703125 0.6171875 0.6 0.6125
0 0.440625 0.63046875 0.48828125 0.63125 0.515625 0.6203125 0.5140625 0.6140625 0.49453125 0.60625 0.4828125 0.5953125 0.46171875 0.5921875 0.459375 0.5921875 0.43828125 0.59609375 0.43046875 0.6 0.43046875 0.615625 0.440625 0.63046875
0 0.61953125 0.56875 0.6546875 0.56875 0.6515625 0.5625 0.6265625 0.5484375 0.621875 0.5484375 0.61484375 0.54921875 0.61328125 0.553125 0.61328125 0.5578125 0.61953125 0.56875
3 0.471875 0.575 0.4921875 0.575 0.4953125 0.56875 0.49375 0.559375 0.4921875 0.5546875 0.4875 0.55234375 0.4834375 0.55234375 0.4671875 0.55234375 0.4625 0.55859375 0.46328125 0.5703125 0.471875 0.575
3 0.275 0.584375 0.2875 0.58515625 0.2953125 0.5828125 0.30078125 0.571875 0.2953125 0.56875 0.290625 0.56875 0.28046875 0.5703125 0.278125 0.5765625 0.27421875 0.57890625 0.275 0.584375
4 0.40234375 0.62734375 0.4046875 0.6234375 0.40546875 0.60625 0.40234375 0.60234375 0.39765625 0.60234375 0.3953125 0.60390625 0.3953125 0.6234375 0.3984375 0.628125 0.40234375 0.62734375
1 0.365625 0.62578125 0.37109375 0.61796875 0.37109375 0.61328125 0.3578125 0.61171875 0.3546875 0.61171875 0.33125 0.615625 0.32578125 0.62109375 0.3265625 0.625 0.365625 0.62578125
5 0.40234375 0.5984375 0.41171875 0.60234375 0.41484375 0.59921875 0.4265625 0.59609375 0.4296875 0.5921875 0.42890625 0.5859375 0.39921875 0.56484375 0.39296875 0.56484375 0.3734375 0.57578125 0.36875 0.58828125 0.36875 0.596875 0.40234375 0.5984375
5 0.87734375 0.6015625 0.86953125 0.6078125 0.8703125 0.62109375 0.87734375 0.62890625 0.89296875 0.63359375 0.89921875 0.640625 0.925 0.65390625 0.9453125 0.678125 0.92734375 0.68359375 0.9234375 0.69453125 0.95390625 0.73828125 0.95625 0.73984375 0.98671875 0.73515625 0.9828125 0.7328125 0.98984375 0.728125 0.99921875 0.728125 0.99921875 0.6359375 0.96484375 0.6078125 0.95234375 0.60390625 0.94609375 0.5984375 0.9328125 0.596875 0.93203125 0.59609375 0.91328125 0.5984375 0.9078125 0.6046875 0.89375 0.6 0.87734375 0.6015625