2 0 0.76553298828125 0.0023205546875 0.765573494140625 0.0110084375 0.76025555859375 0.0180386171875 0.760378271484375 0.0280842421875 0.7668045703125 0.04917478125 0.76717270703125 0.06412534765625 0.76118271875 0.09702829296875 0.75628745703125 0.11489886328125 0.76206897265625 0.147815443359375 0.75639258203125 0.15114448828125 0.74473015625 0.152321025390625 0.722090990234375 0.1496464453125 0.69625912890625 0.150260005859375 0.661108232421875 0.1209451640625 0.639499578125 0.057728091796875 0.635270642578125 0.052781189453125 0.635184294921875 0.0428866015625 0.635011583984375 0.0302930625 0.640261345703125 0.019125439453125 0.6533496875 0.00132699609375 0.688200619140625 0 0.696457548828125 0 0.76553298828125
3 0.27356172265625 0.580435357421875 0.293103630859375 0.57999509375 0.299557201171875 0.56838720703125 0.295706083984375 0.565194509765625 0.290238166015625 0.56509906640625 0.2792750625 0.566470443359375 0.2736571640625 0.57496744140625 0.27356172265625 0.580435357421875
3 0.46548420703125 0.5525306171875 0.462318779296875 0.554819470703125 0.46212789453125 0.5657553046875 0.46604718359375 0.56504234765625 0.47251438671875 0.552653330078125 0.46548420703125 0.5525306171875
5 0.472613783203125 0.591723513671875 0.4849618984375 0.600534111328125 0.488867552734375 0.60060228515625 0.494444546875 0.5944486796875 0.503818119140625 0.594612294921875 0.49839110546875 0.592173458984375 0.503105162109375 0.590693005859375 0.500925384765625 0.581278529296875 0.502773974609375 0.564902046875 0.507678916015625 0.552485759765625 0.525972162109375 0.534052212890625 0.5245598828125 0.525432501953125 0.514568794921875 0.5158816796875 0.510663140625 0.515813505859375 0.505181587890625 0.516499193359375 0.500412994140625 0.521104171875 0.49321919921875 0.53035503125 0.491547859375 0.536576810546875 0.47572071875 0.54802108203125 0.468472384765625 0.560396466796875 0.450151869140625 0.5803922734375 0.44931619921875 0.5835031640625 0.45470230859375 0.588285392578125 0.472613783203125 0.591723513671875
5 0.72138553515625 0.619506912109375 0.732348638671875 0.61813553515625 0.737884728515625 0.61432532421875 0.735595875 0.61115989453125 0.73721267578125 0.608062640625 0.73188110546875 0.60015588671875 0.73590947265625 0.5931938828125 0.736004916015625 0.58772596484375 0.731277224609375 0.589987548828125 0.729002005859375 0.586040990234375 0.73367515625 0.5869039296875 0.75332614453125 0.5802146171875 0.772086923828125 0.57976071875 0.76841305859375 0.566413318359375 0.752282001953125 0.550504369140625 0.75014312890625 0.5387465 0.743948619140625 0.5355128984375 0.74316748828125 0.535499263671875 0.73687753515625 0.537733580078125 0.733671203125 0.542365828125 0.733562126953125 0.548614875 0.737345068359375 0.555713228515625 0.729451951171875 0.56026366796875 0.71276187109375 0.57638108984375 0.71576368359375 0.58346580859375 0.72739883984375 0.58835711328125 0.72172640234375 0.59997863671875 0.72138553515625 0.619506912109375
2 0.74629814453125 0.7590254453125 0.74868244140625 0.75672295703125 0.75197058203125 0.747403923828125 0.75066737890625 0.732535166015625 0.75316075390625 0.72398362890625 0.77511423046875 0.71967861328125 0.789928451171875 0.721499935546875 0.807154236328125 0.71945650390625 0.808430169921875 0.735887525390625 0.813611759765625 0.75238671875 0.820601033203125 0.75485282421875 0.831605041015625 0.7511380546875 0.8349340859375 0.73947562890625 0.834439283203125 0.7230582421875 0.821251544921875 0.67282043359375 0.822209927734375 0.662679365234375 0.8191672109375 0.657938041015625 0.819330828125 0.64856446875 0.81635628515625 0.63991748828125 0.811710404296875 0.637492287109375 0.80858587890625 0.637437748046875 0.78900306640625 0.64022140625 0.7546605703125 0.638059216796875 0.74760312109375 0.639498767578125 0.739669099609375 0.646392599609375 0.7299819296875 0.66419499609375 0.7257899453125 0.68053057421875 0.725285462890625 0.709432421875 0.7308936796875 0.74625465625 0.7353759453125 0.7580534296875 0.74629814453125 0.7590254453125
4 0.595514365234375 0.6235607734375 0.6025718125 0.622121224609375 0.604202248046875 0.61824283984375 0.5972402421875 0.614214470703125 0.594896849609375 0.614173568359375 0.591745056640625 0.615681291015625 0.5900873515625 0.621121939453125 0.595514365234375 0.6235607734375
4 0.40557681640625 0.62727772265625 0.406412486328125 0.624166833984375 0.40756175390625 0.603089931640625 0.403697001953125 0.600678365234375 0.401353609375 0.6006374609375 0.396571380859375 0.6060235703125 0.39854663671875 0.62715501171875 0.40557681640625 0.62727772265625
1 0.344948560546875 0.609029333984375 0.329257767578125 0.612662296875 0.322913275390625 0.618021134765625 0.322063970703125 0.62191315625 0.362669150390625 0.623403291015625 0.3690681796875 0.614919927734375 0.36912271875 0.611795404296875 0.365257966796875 0.609383837890625 0.3611960859375 0.6093129375 0.344948560546875 0.609029333984375
0 0.513604685546875 0.615880083984375 0.51052106640625 0.61348215234375 0.49884500390625 0.61093423828125 0.483426904296875 0.598944580078125 0.46406224609375 0.589230140625 0.459766025390625 0.5891551484375 0.4554698046875 0.589080158203125 0.45226347265625 0.59371240625 0.43348905859375 0.594947435546875 0.42951523046875 0.598784916015625 0.427721177734375 0.612036875 0.432984576171875 0.623849283203125 0.439124544921875 0.630207408203125 0.4891169296875 0.631080029296875 0.513522876953125 0.620566869140625 0.513604685546875 0.615880083984375
0 0.62140165234375 0.550563951171875 0.6139672734375 0.551215552734375 0.612364107421875 0.553531677734375 0.61224139453125 0.56056185546875 0.6190806875 0.57162040234375 0.652669322265625 0.5722066953125 0.654177044921875 0.57535848828125 0.65808269921875 0.575426662109375 0.647365021484375 0.5627376796875 0.625697873046875 0.550638943359375 0.62140165234375 0.550563951171875