2 0.10558651171875 0.831555927734375 0.1111233125 0.82604421484375 0.138322228515625 0.81748808984375 0.146058697265625 0.816400798828125 0.154447541015625 0.819955390625 0.16141036328125 0.818976830078125 0.190821490234375 0.80932087109375 0.193723708984375 0.796290146484375 0.17910384765625 0.71471848828125 0.158253013671875 0.7010813984375 0.14423118359375 0.696740615234375 0.075050419921875 0.7040965546875 0.074168044921875 0.70343163671875 0.0600123984375 0.70936572265625 0.04959116796875 0.72503103125 0.0362426328125 0.764775578125 0.037329923828125 0.772512046875 0.034005333984375 0.776923927734375 0.043138568359375 0.84191026953125 0.049992662109375 0.8401580625 0.05696802734375 0.833655244140625 0.067907814453125 0.83290668359375 0.074858091796875 0.837452380859375 0.0980675 0.83419051171875 0.10558651171875 0.831555927734375
2 0.772482708984375 0.73230728515625 0.77712458984375 0.731654912109375 0.775493654296875 0.72005020703125 0.785007419921875 0.71476849609375 0.78690598828125 0.705823462890625 0.78508268359375 0.681622951171875 0.78939837890625 0.67864963671875 0.814602541015625 0.672740638671875 0.82056171484375 0.675847771484375 0.82322138671875 0.672318267578125 0.83770321875 0.668705123046875 0.841533822265625 0.68473425 0.850223763671875 0.701658296875 0.850633591796875 0.715801400390625 0.854380552734375 0.720008365234375 0.857366412109375 0.718799802734375 0.8536445390625 0.703544322265625 0.866144162109375 0.697054048828125 0.86849019140625 0.685679345703125 0.864889591796875 0.66567325390625 0.856212193359375 0.64322494921875 0.8434491015625 0.61977299609375 0.842918001953125 0.61038050390625 0.840270873046875 0.60838575 0.837648833984375 0.59534248046875 0.83434933203125 0.588705845703125 0.83015491015625 0.58692855078125 0.825513029296875 0.587580923828125 0.80738041796875 0.5932850078125 0.766377130859375 0.599047642578125 0.76094905859375 0.60533300390625 0.75749065234375 0.620019751953125 0.751615119140625 0.62873478125 0.750017650390625 0.65104926953125 0.75387333984375 0.6560298828125 0.76009598046875 0.6890792421875 0.770320671875 0.71131008984375 0.772482708984375 0.73230728515625
5 1 0.559442640625 0.97465960546875 0.54295190625 0.96582330078125 0.541826984375 0.9597553984375 0.537946205078125 0.9562133515625 0.540810791015625 0.945056107421875 0.540012056640625 0.9309004609375 0.545946140625 0.924941287109375 0.542839009765625 0.91499260546875 0.5450261328125 0.90770359765625 0.54368375390625 0.90692994921875 0.543792482421875 0.89818983203125 0.54896546484375 0.897621099609375 0.55614574609375 0.90742341796875 0.56975774609375 0.91040927734375 0.56854918359375 0.91073546484375 0.570870125 0.9155948046875 0.571765044921875 0.922085078125 0.58426466796875 0.959496142578125 0.6034636484375 0.980999349609375 0.621742619140625 1 0.631350732421875 1 0.559442640625
5 0.424973001953125 0.600482125 0.40588691796875 0.58817487109375 0.388661771484375 0.583495357421875 0.387478296875 0.569460984375 0.382305314453125 0.560720865234375 0.37479884765625 0.55783119140625 0.371704259765625 0.558266107421875 0.365841271484375 0.561456880859375 0.362177951171875 0.569072076171875 0.36888568359375 0.583118994140625 0.356904615234375 0.604526017578125 0.35952665625 0.617569287109375 0.363164888671875 0.62100260546875 0.374552134765625 0.617824376953125 0.423061888671875 0.6149514140625 0.42827250390625 0.607118759765625 0.424973001953125 0.600482125
0 0.47724226171875 0.59629187109375 0.476359884765625 0.595626953125 0.452146828125 0.602974515625 0.44572765234375 0.607821310546875 0.446246208984375 0.622738060546875 0.46101659765625 0.63801862890625 0.510421271484375 0.630286326171875 0.53210847265625 0.616193400390625 0.5290264296875 0.61110405859375 0.52195487890625 0.61130897265625 0.497127080078125 0.597441880859375 0.47724226171875 0.59629187109375
0 0.619463646484375 0.536068640625 0.62022475 0.541484169921875 0.62870977734375 0.551336666015625 0.66341516015625 0.54567021484375 0.657903447265625 0.5401334140625 0.632845646484375 0.53024328515625 0.628203765625 0.530895658203125 0.620576025390625 0.532756595703125 0.619463646484375 0.536068640625
4 0.620534224609375 0.59982133203125 0.613910134765625 0.597596576171875 0.6130277578125 0.596931658203125 0.606934767578125 0.60409939453125 0.612011564453125 0.606541609375 0.621077869140625 0.60368956640625 0.620534224609375 0.59982133203125
3 0.47335310546875 0.55739206640625 0.470910892578125 0.56246886328125 0.473315474609375 0.57396483984375 0.48336033984375 0.578075619140625 0.502701513671875 0.57535739453125 0.504817541015625 0.56795965625 0.499765830078125 0.554468927734375 0.49645378515625 0.55335655078125 0.492121361328125 0.553965431640625 0.47335310546875 0.55739206640625
3 0.287397666015625 0.609561015625 0.2897060625 0.614759087890625 0.299872201171875 0.6141192578125 0.308056130859375 0.610602296875 0.31261437109375 0.59812776171875 0.30687265625 0.596567923828125 0.3022307734375 0.597220296875 0.290952255859375 0.601172173828125 0.287397666015625 0.609561015625
1 0.34898415234375 0.63798520703125 0.342891162109375 0.645152943359375 0.343326078125 0.648247529296875 0.383664447265625 0.64336726953125 0.388766333984375 0.63476096875 0.38634920703125 0.628789251953125 0.3818620546875 0.62941987890625 0.363913447265625 0.631942392578125 0.34898415234375 0.63798520703125
4 0.421573146484375 0.638039548828125 0.422806798828125 0.629976892578125 0.42029348828125 0.617707271484375 0.416872712890625 0.61582124609375 0.41223083203125 0.61647362109375 0.410344806640625 0.61989439453125 0.4156014296875 0.64045667578125 0.421573146484375 0.638039548828125