2 0 0.743892197265625 0.0014433515625 0.7429905703125 0.00846496484375 0.74335855859375 0.02214020703125 0.751116146484375 0.042465755859375 0.751399041015625 0.04878896484375 0.750165783203125 0.052894298828125 0.74646932421875 0.083607505859375 0.7426026796875 0.092189478515625 0.74305244140625 0.099745947265625 0.748142392578125 0.105987380859375 0.7484694921875 0.137480765625 0.744643734375 0.142775154296875 0.733186369140625 0.144904619140625 0.70748133984375 0.1422336640625 0.69873581640625 0.14616549609375 0.65356719140625 0.141852408203125 0.646300251953125 0.1284224921875 0.633861587890625 0.1155274296875 0.62614488671875 0.043914482421875 0.6192625234375 0.04317519140625 0.61844145703125 0.028968412109375 0.62082619921875 0.019895791015625 0.62973858984375 0 0.661970048828125 0 0.743892197265625
2 0.724461830078125 0.769929853515625 0.72676148046875 0.7708326953125 0.7301275234375 0.766315169921875 0.73394664453125 0.76807996484375 0.73957144921875 0.7652454609375 0.7431419296875 0.756827037109375 0.744409439453125 0.732641478515625 0.766499787109375 0.729105251953125 0.7758619375 0.72959590234375 0.781159642578125 0.73300283203125 0.798528025390625 0.730001458984375 0.7993115234375 0.744906640625 0.804571658203125 0.763958044921875 0.811511498046875 0.765886390625 0.821858265625 0.76251703125 0.826413361328125 0.750238599609375 0.826450931640625 0.734594125 0.815065388671875 0.683146494140625 0.813910587890625 0.660398630859375 0.81128051953125 0.6508729296875 0.80750228515625 0.648327955078125 0.803601388671875 0.648123517578125 0.782372998046875 0.6501402734375 0.7489070625 0.64682175390625 0.7425838515625 0.64805501171875 0.734454958984375 0.653887572265625 0.730802705078125 0.663866353515625 0.7241115078125 0.6721212265625 0.7182446953125 0.6945011015625 0.718786185546875 0.728951654296875 0.72380099609375 0.752684134765625 0.724461830078125 0.769929853515625
5 0.71239223046875 0.59718644140625 0.698594328125 0.591769390625 0.69206336328125 0.582039251953125 0.683028310546875 0.57530716796875 0.685035115234375 0.55194267578125 0.68064025 0.546236095703125 0.66984040234375 0.5433231328125 0.665159326171875 0.54307780859375 0.66117665625 0.544433728515625 0.656086705078125 0.551990197265625 0.655640259765625 0.57543646484375 0.65092161328125 0.59083561328125 0.648424162109375 0.6235622578125 0.65376275390625 0.6261890078125 0.667025802734375 0.626884095703125 0.717161716796875 0.62559999609375 0.7175672734375 0.602933908203125 0.71239223046875 0.59718644140625
5 0.5782256875 0.51505214453125 0.5780588203125 0.50330856640625 0.575060765625 0.500804478515625 0.570379689453125 0.500559154296875 0.562169021484375 0.507952072265625 0.56323873046875 0.517396 0.566155009765625 0.521460447265625 0.559916892578125 0.535997640625 0.55791008984375 0.5593621328125 0.559596427734375 0.571967666015625 0.583904650390625 0.570894638671875 0.587393353515625 0.56403657421875 0.5889095078125 0.550034234375 0.5782256875 0.51505214453125
0 0.6292335078125 0.556841458984375 0.62307384765625 0.554954 0.619172951171875 0.5547495625 0.610509205078125 0.55586016015625 0.60862174609375 0.562019818359375 0.611497138671875 0.5668644453125 0.61121092578125 0.57232569921875 0.615728451171875 0.5756917421875 0.647674916015625 0.578148306640625 0.6493203671875 0.591534017578125 0.651081845703125 0.5728506015625 0.63514784375 0.5634099921875 0.6292335078125 0.556841458984375
0 0.461627568359375 0.590303 0.459287029296875 0.5901803359375 0.4333775625 0.591951767578125 0.425289556640625 0.5970041484375 0.4245126953125 0.6118275546875 0.43461745703125 0.62800356640625 0.48220839453125 0.630497701171875 0.5093478046875 0.620185185546875 0.5095522421875 0.6162842890625 0.488978048828125 0.60581817578125 0.479367255859375 0.595144306640625 0.461627568359375 0.590303
3 0.46289176171875 0.551253146484375 0.459566607421875 0.5549904921875 0.459692587890625 0.567514248046875 0.46958959375 0.572726861328125 0.48753371875 0.5736672734375 0.49118597265625 0.5636884921875 0.48859679296875 0.553382611328125 0.4839974921875 0.551576927734375 0.48009659375 0.551372490234375 0.46289176171875 0.551253146484375
3 0.270357654296875 0.5677618125 0.270153216796875 0.5716627109375 0.282554310546875 0.573877267578125 0.2912589453125 0.5719864921875 0.297292625 0.561350193359375 0.291994919921875 0.557943263671875 0.28731384375 0.557697939453125 0.27708973828125 0.55872676171875 0.270357654296875 0.5677618125
1 0.319723341796875 0.6110297109375 0.31787676953125 0.61640919140625 0.358446095703125 0.61853533984375 0.365096404296875 0.611060646484375 0.365300841796875 0.60715975 0.360742427734375 0.60457388671875 0.35632115234375 0.604342177734375 0.325429921875 0.60663484765625 0.319723341796875 0.6110297109375
4 0.402217912109375 0.6192646796875 0.402500806640625 0.59893912890625 0.39703955078125 0.598652916015625 0.392934216796875 0.602349376953125 0.394211681640625 0.622756701171875 0.398112578125 0.622961138671875 0.402217912109375 0.6192646796875
4 0.592704330078125 0.62690068359375 0.59906842578125 0.624887244140625 0.60001215625 0.6218074140625 0.593194978515625 0.61753853125 0.59085444140625 0.617415869140625 0.585968927734375 0.621071439453125 0.585764490234375 0.6249723359375 0.592704330078125 0.62690068359375