2 0 0.77421875 0.00625 0.77421875 0.01484375 0.76875 0.02421875 0.76875 0.034375 0.775 0.04921875 0.775 0.06796875 0.76875 0.1015625 0.76328125 0.115625 0.76953125 0.15078125 0.76328125 0.1546875 0.7546875 0.15625 0.72734375 0.15390625 0.71796875 0.15390625 0.6703125 0.14375 0.659375 0.1234375 0.64609375 0.05859375 0.64296875 0.0546875 0.64296875 0.0375 0.6453125 0.02890625 0.653125 0.02109375 0.6625 0.0171875 0.67421875 0.0046875 0.69609375 0.0046875 0.70546875 0 0.7109375 0 0.77421875
2 0.73203125 0.6609375 0.728125 0.68359375 0.73125 0.72109375 0.73984375 0.75859375 0.74296875 0.7546875 0.75078125 0.7546875 0.753125 0.75234375 0.75703125 0.71953125 0.7609375 0.7171875 0.78671875 0.71484375 0.79296875 0.71796875 0.7953125 0.715625 0.8109375 0.7140625 0.8125 0.73125 0.81875 0.74921875 0.83203125 0.74765625 0.8359375 0.74453125 0.8390625 0.73515625 0.83828125 0.715625 0.83203125 0.68828125 0.82421875 0.6703125 0.821875 0.64296875 0.81796875 0.63359375 0.8140625 0.63203125 0.8109375 0.63203125 0.790625 0.63515625 0.753125 0.634375 0.74296875 0.640625 0.73203125 0.6609375
5 0.9515625 0.5109375 0.94921875 0.5125 0.9515625 0.51328125 0.95390625 0.52578125 0.959375 0.534375 0.94296875 0.54453125 0.93359375 0.5671875 0.93359375 0.5828125 0.92890625 0.6125 0.9328125 0.62734375 0.92734375 0.63671875 0.925 0.6578125 0.93671875 0.66875 0.93671875 0.67265625 0.9265625 0.703125 0.92578125 0.7375 0.91328125 0.76953125 0.9125 0.778125 0.90625 0.7796875 0.88984375 0.77578125 0.8890625 0.78046875 0.99921875 0.78046875 0.99921875 0.490625 0.98984375 0.4875 0.98567734375 0.4875 0.9640625 0.490625 0.95390625 0.49609375 0.94921875 0.5046875 0.9515625 0.5109375
5 0.31171875 0.55078125 0.31171875 0.5625 0.309375 0.5671875 0.31328125 0.575 0.31015625 0.58984375 0.3171875 0.62109375 0.35 0.6109375 0.3515625 0.603125 0.3578125 0.5953125 0.3546875 0.5859375 0.36015625 0.57109375 0.35234375 0.534375 0.3484375 0.528125 0.35546875 0.51328125 0.35234375 0.50390625 0.34296875 0.4984375 0.3375 0.4984375 0.33046875 0.50546875 0.328125 0.515625 0.32109375 0.521875 0.31171875 0.55078125
3 0.4921875 0.575 0.4953125 0.56875 0.49140625 0.55390625 0.47578125 0.55234375 0.46875 0.55234375 0.4625 0.5578125 0.4640625 0.57109375 0.47265625 0.575 0.4921875 0.575
3 0.290625 0.584375 0.29609375 0.58125 0.3 0.5703125 0.29375 0.56875 0.28984375 0.56875 0.28046875 0.57109375 0.275 0.58046875 0.2765625 0.584375 0.290625 0.584375
0 0.4421875 0.63125 0.4890625 0.63125 0.515625 0.6203125 0.5140625 0.6140625 0.4984375 0.60859375 0.4890625 0.6015625 0.484375 0.59453125 0.4671875 0.5921875 0.4625 0.5921875 0.43828125 0.5953125 0.43046875 0.6 0.43046875 0.615625 0.4421875 0.63125
0 0.61953125 0.56875 0.65546875 0.56796875 0.65078125 0.56171875 0.62578125 0.5484375 0.621484375 0.5484375 0.6140625 0.54921875 0.6125 0.553125 0.6125 0.55703125 0.61953125 0.56875
4 0.60625 0.61640625 0.59921875 0.6125 0.596875 0.6125 0.59296875 0.61875 0.5984375 0.621875 0.6046875 0.6203125 0.60625 0.61640625
4 0.40390625 0.62578125 0.40546875 0.61875 0.4046875 0.60546875 0.40078125 0.60234375 0.4 0.60234375 0.3953125 0.6046875 0.3953125 0.62578125 0.3984375 0.628125 0.40390625 0.62578125
1 0.32578125 0.621875 0.33125 0.62578125 0.3625 0.6265625 0.365625 0.62578125 0.37109375 0.61796875 0.36953125 0.61171875 0.365234375 0.61171875 0.34140625 0.61328125 0.334375 0.61796875 0.3265625 0.61953125 0.32578125 0.621875