2 1 0.6475973046875 0.9890750859375 0.62869734765625 0.981461494140625 0.620615005859375 0.97228920703125 0.61264166015625 0.9588223203125 0.610450724609375 0.958042974609375 0.61050522265625 0.885836197265625 0.619470201171875 0.8606463359375 0.64002743359375 0.85646073046875 0.6473685390625 0.85905487109375 0.662067134765625 0.857370796875 0.671582791015625 0.858607849609375 0.700473123046875 0.8612401015625 0.726916421875 0.866733642578125 0.738279640625 0.903744427734375 0.74117369921875 0.915832498046875 0.734846314453125 0.95211843359375 0.738574216796875 0.954674462890625 0.74152811328125 0.962631423828125 0.743321181640625 0.985232484375 0.74174076171875 0.994928017578125 0.734797521484375 1 0.734442853515625 1 0.6475973046875
2 0.177840126953125 0.75355914453125 0.183660650390625 0.7695984453125 0.198631732421875 0.7709010390625 0.204899279296875 0.748534353515625 0.204752173828125 0.735230958984375 0.219723255859375 0.73653355078125 0.237539240234375 0.733721419921875 0.258908591796875 0.736926076171875 0.261900599609375 0.746114748046875 0.26132285546875 0.760251986328125 0.26514870703125 0.7701655078125 0.276893408203125 0.770127396484375 0.284899525390625 0.73902440234375 0.28400584375 0.703844796875 0.2860713984375 0.6997845703125 0.283477255859375 0.68508597265625 0.269988642578125 0.660184984375 0.265710427734375 0.655002041015625 0.254472587890625 0.651088921875 0.220290318359375 0.655045494140625 0.197136091796875 0.654315123046875 0.19284968359375 0.654614857421875 0.177747517578125 0.741035095703125 0.177840126953125 0.75355914453125
5 0.229751837890625 0.543958640625 0.216922533203125 0.56208522265625 0.218775439453125 0.588583017578125 0.230144001953125 0.61676488671875 0.23011123046875 0.63869559375 0.232503767578125 0.63931144921875 0.2446463359375 0.633763412109375 0.26084912890625 0.6302809296875 0.265688701171875 0.632291986328125 0.278937599609375 0.631365533203125 0.282616345703125 0.62797566015625 0.282360244140625 0.6131135703125 0.27671959765625 0.588446955078125 0.285417794921875 0.578440826171875 0.28755423046875 0.564194591796875 0.27767348046875 0.546089736328125 0.266108658203125 0.53750053515625 0.26835408984375 0.524812994140625 0.263639896484375 0.51339527734375 0.25312690625 0.5086483125 0.249230169921875 0.508920798828125 0.240313986328125 0.515809541015625 0.229751837890625 0.543958640625
5 0.620057537109375 0.503352125 0.628325095703125 0.52078662890625 0.618684060546875 0.52850921484375 0.614046091796875 0.540580900390625 0.61555562890625 0.573367966796875 0.622662359375 0.585401541015625 0.62916962109375 0.588862296875 0.62781253125 0.603054033203125 0.629589212890625 0.60606242578125 0.63431979296875 0.6065147890625 0.63944823828125 0.6014572265625 0.6700062578125 0.601669875 0.67375588671875 0.588093994140625 0.667826369140625 0.570495998046875 0.669401447265625 0.559421650390625 0.66615333984375 0.535370890625 0.660768794921875 0.52556636328125 0.645596107421875 0.510181029296875 0.64706219140625 0.497547986328125 0.644342669921875 0.49225605078125 0.633938673828125 0.489067779296875 0.630041939453125 0.489340265625 0.623409298828125 0.495286169921875 0.620057537109375 0.503352125
3 0.509815208984375 0.561966271484375 0.5095263359375 0.569034892578125 0.513025205078125 0.57427233203125 0.533288224609375 0.57285540234375 0.54225890625 0.5667460078125 0.541386951171875 0.55427645703125 0.537997076171875 0.5505977109375 0.520173470703125 0.55106090234375 0.516120865234375 0.551344287109375 0.511608275390625 0.5540093125 0.509815208984375 0.561966271484375
3 0.7065757265625 0.56465375 0.711578791015625 0.56900284765625 0.73033761328125 0.568474259765625 0.7299561328125 0.56301883203125 0.724735080078125 0.555552345703125 0.714050404296875 0.553950017578125 0.70976399609375 0.55424975390625 0.703692712890625 0.557023771484375 0.7065757265625 0.56465375
0 0.52218110546875 0.59321103125 0.5142077578125 0.602383318359375 0.509422681640625 0.601151607421875 0.511199365234375 0.60416 0.503841875 0.610939748046875 0.493928353515625 0.614765599609375 0.49280563671875 0.621109369140625 0.51850769921875 0.630276314453125 0.566827208984375 0.626897486328125 0.577372970703125 0.6097137421875 0.5763375234375 0.594906150390625 0.5682170703125 0.590775041015625 0.54456417578125 0.588513224609375 0.54066744140625 0.5887857109375 0.52769103125 0.5936088984375 0.52218110546875 0.59321103125
0 0.35467067578125 0.572031876953125 0.349705720703125 0.57942748046875 0.3855556796875 0.576920607421875 0.391697845703125 0.56396058203125 0.388869330078125 0.557109951171875 0.381746212890625 0.556041732421875 0.38018751953125 0.5561507265625 0.370273998046875 0.559976578125 0.35467067578125 0.572031876953125
4 0.602530060546875 0.611087216796875 0.605358576171875 0.61793784765625 0.61175684375 0.61983991015625 0.6117351171875 0.59712985546875 0.606116197265625 0.595173294921875 0.60539134765625 0.596007140625 0.6017126015625 0.599397013671875 0.602530060546875 0.611087216796875
4 0.40396008984375 0.6273220546875 0.410303859375 0.628444771484375 0.417154490234375 0.625616255859375 0.4112085859375 0.61898361328125 0.408870544921875 0.61914710546875 0.40212891015625 0.62353431640625 0.40396008984375 0.6273220546875
1 0.63682132421875 0.608689337890625 0.6428217265625 0.616101326171875 0.683293267578125 0.612488123046875 0.68135309375 0.607141689453125 0.6764590234375 0.60435128515625 0.666834373046875 0.601108517578125 0.6527516328125 0.60131012109375 0.650413591796875 0.60147361328125 0.6372736875 0.603958759765625 0.63682132421875 0.608689337890625