2 0 0.775 0.00703125 0.77421875 0.0140625 0.76875 0.0234375 0.76875 0.034375 0.775 0.04609375 0.775 0.09921875 0.76328125 0.10703125 0.7640625 0.11484375 0.76875 0.15078125 0.76328125 0.15546875 0.7546875 0.15703125 0.72734375 0.15234375 0.7015625 0.1546875 0.67265625 0.1515625 0.6671875 0.13671875 0.65390625 0.11953125 0.6453125 0.05078125 0.6421875 0.05 0.6421875 0.0359375 0.6453125 0.02265625 0.66015625 0.00546875 0.6953125 0.0046875 0.703125 0 0.70859375 0 0.775
3 0.2859375 0.58515625 0.2953125 0.5828125 0.3015625 0.57109375 0.29609375 0.56796875 0.29375 0.56796875 0.28046875 0.5703125 0.27421875 0.5796875 0.275 0.584375 0.2859375 0.58515625
1 0.32421875 0.62578125 0.36484375 0.62578125 0.37109375 0.61796875 0.36875 0.61171875 0.364375 0.61171875 0.346875 0.61171875 0.33125 0.615625 0.32421875 0.621875 0.32421875 0.62578125
4 0.4078125 0.60390625 0.40234375 0.60390625 0.39921875 0.60625 0.40078125 0.62890625 0.4078125 0.62421875 0.4078125 0.60390625
0 0.428125 0.6140625 0.4328125 0.61796875 0.43671875 0.6265625 0.44296875 0.63125 0.48671875 0.63203125 0.515625 0.6203125 0.51328125 0.61328125 0.49765625 0.609375 0.48359375 0.59765625 0.46484375 0.5921875 0.46328125 0.590625 0.46328125 0.59296875 0.43515625 0.59609375 0.42890625 0.59921875 0.428125 0.6140625
5 0.43984375 0.5671875 0.43515625 0.5859375 0.4359375 0.5953125 0.4515625 0.59296875 0.46328125 0.58828125 0.4796875 0.5953125 0.4828125 0.59375 0.4859375 0.56484375 0.49453125 0.54609375 0.49453125 0.51875 0.49140625 0.5078125 0.475 0.4984375 0.46953125 0.4984375 0.4546875 0.51484375 0.44453125 0.534375 0.4390625 0.55234375 0.43984375 0.5671875
5 0.72109375 0.56953125 0.7234375 0.57578125 0.734375 0.57890625 0.7375 0.58515625 0.74765625 0.5828125 0.74609375 0.58046875 0.75 0.5765625 0.771875 0.5765625 0.76953125 0.56015625 0.75390625 0.54765625 0.75390625 0.5375 0.74765625 0.53125 0.7421875 0.53125 0.73671875 0.5359375 0.740625 0.5515625 0.73046875 0.5578125 0.72109375 0.56953125
5 0.740625 0.6109375 0.74609375 0.61171875 0.74765625 0.60234375 0.7375 0.58984375 0.73359375 0.58984375 0.7234375 0.59765625 0.7234375 0.615625 0.73671875 0.6140625 0.740625 0.6109375
2 0.74140625 0.64375 0.7375 0.6546875 0.7328125 0.66015625 0.72890625 0.68203125 0.73125 0.7234375 0.73359375 0.73671875 0.740625 0.75390625 0.75078125 0.7546875 0.753125 0.75234375 0.75546875 0.74453125 0.7546875 0.72890625 0.7578125 0.71796875 0.78046875 0.71484375 0.79375 0.71640625 0.8109375 0.7140625 0.81171875 0.72890625 0.81796875 0.746875 0.825 0.74921875 0.83515625 0.74609375 0.83984375 0.7296875 0.83828125 0.715625 0.83203125 0.6890625 0.8234375 0.66640625 0.821875 0.64296875 0.81875 0.634375 0.81484375 0.63203125 0.8109375 0.63203125 0.79453125 0.63515625 0.753125 0.634375 0.74609375 0.6375 0.74140625 0.64375
4 0.60546875 0.61953125 0.60625 0.61640625 0.59921875 0.6125 0.5953125 0.6125 0.5921875 0.615625 0.59296875 0.61953125 0.5984375 0.621875 0.60546875 0.61953125
0 0.65546875 0.56796875 0.65078125 0.56171875 0.6265625 0.5484375 0.621875 0.5484375 0.61484375 0.54921875 0.6125 0.55390625 0.61953125 0.56875 0.65546875 0.56796875
3 0.49375 0.57109375 0.49375 0.55703125 0.49140625 0.55390625 0.490625 0.55390625 0.48515625 0.5703125 0.4875 0.575 0.49140625 0.575 0.49375 0.57109375