2 0 0.72603225 0.002606134765625 0.7262602578125 0.012957291015625 0.733439740234375 0.023853171875 0.734393005859375 0.04124762890625 0.73277788671875 0.045411376953125 0.73000523046875 0.0785756484375 0.727417087890625 0.08551205078125 0.7288081796875 0.0913297265625 0.734022564453125 0.12916366015625 0.73184296484375 0.132685310546875 0.7274456640625 0.1353313125 0.715129412109375 0.137461166015625 0.654929712890625 0.14095353515625 0.6419032734375 0.13902724609375 0.63702933984375 0.114404265625 0.613700783203125 0.047034609375 0.60388553125 0.041586669921875 0.6034088984375 0.025038578125 0.604313830078125 0.0139677109375 0.61432453515625 0 0.6362710546875 0 0.72603225
2 0.715721763671875 0.76825969921875 0.714019501953125 0.787716626953125 0.718047068359375 0.786500525390625 0.71547868359375 0.780001947265625 0.718153966796875 0.77631483203125 0.7206930703125 0.774184271484375 0.72840775 0.775643453125 0.730168576171875 0.773444802734375 0.73409876953125 0.76437783984375 0.73376784375 0.750232669921875 0.739390771484375 0.739745333984375 0.758341783203125 0.738266396484375 0.76690283203125 0.739015390625 0.77363496484375 0.7427413125 0.790319236328125 0.740279826171875 0.79078634375 0.75286844140625 0.79652640234375 0.776897658203125 0.794318224609375 0.79317338671875 0.799055978515625 0.79280365234375 0.798014865234375 0.777812115234375 0.812432396484375 0.774368080078125 0.817549408203125 0.760699544921875 0.818132939453125 0.745065912109375 0.8084136484375 0.694808826171875 0.808763626953125 0.67288088671875 0.8051153203125 0.6607981875 0.801360115234375 0.658901181640625 0.7982470078125 0.6586288203125 0.780074271484375 0.660175849609375 0.745187982421875 0.655555224609375 0.73726903125 0.656430875 0.729787904296875 0.661266001953125 0.717899951171875 0.68061603125 0.7139697578125 0.689682994140625 0.7130164921875 0.700578873046875 0.710477388671875 0.70270943359375 0.710896162109375 0.742742017578125 0.715721763671875 0.76825969921875
5 0.692877248046875 0.58118178125 0.697342638671875 0.583925154296875 0.701438296875 0.581930775390625 0.702761296875 0.5757726484375 0.70338363671875 0.5507316015625 0.7009221484375 0.534047330078125 0.696729119140625 0.52819084765625 0.6953475546875 0.517090697265625 0.692438716796875 0.51448350390625 0.6862125 0.513938779296875 0.676260361328125 0.520126189453125 0.6764939140625 0.52642049609375 0.681766865234375 0.537861099609375 0.676854123046875 0.549194802734375 0.68331389453125 0.556033833984375 0.68645628515625 0.564935333984375 0.68286654296875 0.570110912109375 0.6826915546875 0.5810748828125 0.69033814453125 0.583312341796875 0.692877248046875 0.58118178125
5 0.70924082421875 0.609277373046875 0.712023005859375 0.59540456640625 0.709795072265625 0.5850146015625 0.706886236328125 0.582407408203125 0.702790578125 0.584401787109375 0.6950758984375 0.582942607421875 0.690133873046875 0.585647171875 0.684111927734375 0.5827676171875 0.680765265625 0.57620094921875 0.683887900390625 0.558436755859375 0.673741015625 0.54892244140625 0.66984962890625 0.548581990234375 0.66044221484375 0.548543181640625 0.654177189453125 0.557405875 0.64849640234375 0.613373736328125 0.64838950390625 0.623559427734375 0.653360810546875 0.629484001953125 0.660501484375 0.628540259765625 0.66186329296875 0.61297471875 0.666027041015625 0.6102020625 0.700135052734375 0.614754595703125 0.70924082421875 0.609277373046875
4 0.595700212890625 0.6252235859375 0.589036171875 0.62071938671875 0.5859230625 0.620447025390625 0.580776767578125 0.625486423828125 0.582197140625 0.627179158203125 0.59464957421875 0.62826860546875 0.595700212890625 0.6252235859375
4 0.389991978515625 0.6189899609375 0.398115201171875 0.61577948046875 0.40059573828125 0.596390642578125 0.397618810546875 0.5945617265625 0.3960622578125 0.594425546875 0.391188322265625 0.5963518359375 0.3892232265625 0.60088531640625 0.389991978515625 0.6189899609375
1 0.314265544921875 0.6060908828125 0.313925091796875 0.60998226953125 0.354395501953125 0.613522970703125 0.361370712890625 0.605506646484375 0.361643076171875 0.602393537109375 0.35717768359375 0.5996501640625 0.352508021484375 0.59924162109375 0.32266112890625 0.59976729296875 0.314265544921875 0.6060908828125
0 0.476195515625 0.592809720703125 0.456232673828125 0.58792626171875 0.454676119140625 0.58779008203125 0.430209076171875 0.5895706640625 0.421949671875 0.59433769921875 0.420013857421875 0.6075003203125 0.426639091796875 0.621411935546875 0.431746580078125 0.625779953125 0.47688665234375 0.629729197265625 0.5050796171875 0.621216482421875 0.50477797265625 0.615700453125 0.494932732421875 0.611702169921875 0.476195515625 0.592809720703125
0 0.6279493203125 0.561385107421875 0.618814267578125 0.55823319140625 0.617257712890625 0.558097009765625 0.608492392578125 0.559682845703125 0.607101302734375 0.56661925 0.609397326171875 0.5762309375 0.613016349609375 0.579684498046875 0.64478953125 0.584032759765625 0.646103005859375 0.5959111875 0.6497315546875 0.581328193359375 0.648515453125 0.577300626953125 0.632852537109375 0.56808795703125 0.6279493203125 0.561385107421875
3 0.458003025390625 0.567691056640625 0.46622362109375 0.5723314375 0.484902271484375 0.573965607421875 0.489338380859375 0.56807984375 0.486740712890625 0.552952125 0.469754796875 0.54989758203125 0.463528580078125 0.549352859375 0.4576040078125 0.554324166015625 0.458003025390625 0.567691056640625
3 0.269280705078125 0.5645119765625 0.28724916796875 0.565299779296875 0.295275017578125 0.554238435546875 0.28854288671875 0.550512513671875 0.282316669921875 0.549967791015625 0.275107904296875 0.55168980859375 0.268979060546875 0.5589959453125 0.269280705078125 0.5645119765625