2 0 0.775 0.00703125 0.77421875 0.01484375 0.76875 0.02578125 0.76953125 0.0328125 0.775 0.053125 0.775 0.06796875 0.76875 0.10078125 0.76328125 0.10703125 0.7640625 0.11328125 0.76875 0.15078125 0.76328125 0.15546875 0.75078125 0.15625 0.72734375 0.15234375 0.6859375 0.15390625 0.67109375 0.15078125 0.66640625 0.13671875 0.65390625 0.1234375 0.64609375 0.05859375 0.64296875 0.05442734375 0.64296875 0.0375 0.64453125 0.0328125 0.6484375 0.02109375 0.6625 0.00546875 0.69609375 0.0046875 0.70546875 0 0.71015625 0 0.775
2 0.7328125 0.65859375 0.7265625 0.684375 0.7296875 0.69375 0.73125 0.7234375 0.73828125 0.74921875 0.73828125 0.76796875 0.7421875 0.7671875 0.7421875 0.75546875 0.75078125 0.7546875 0.753125 0.75234375 0.75625 0.74375 0.7546875 0.72890625 0.75703125 0.71953125 0.7609375 0.7171875 0.78671875 0.71484375 0.79375 0.71796875 0.79921875 0.71484375 0.81015625 0.7140625 0.81328125 0.73359375 0.8203125 0.75078125 0.81796875 0.7609375 0.81796875 0.765625 0.8203125 0.7671875 0.8234375 0.765625 0.82109375 0.75078125 0.8328125 0.74765625 0.8359375 0.74453125 0.8390625 0.7328125 0.83828125 0.71796875 0.83203125 0.68828125 0.82421875 0.6671875 0.82109375 0.63984375 0.81875 0.634375 0.81484375 0.63203125 0.81015625 0.63203125 0.78984375 0.63515625 0.7515625 0.634375 0.7421875 0.64140625 0.7328125 0.65859375
5 0.65390625 0.53671875 0.665625 0.53515625 0.67890625 0.5421875 0.68046875 0.52734375 0.67578125 0.5140625 0.6703125 0.509375 0.66875 0.5015625 0.6640625 0.496875 0.66171875 0.496875 0.6515625 0.503125 0.65390625 0.51484375 0.659375 0.5203125 0.65390625 0.53671875
5 0.65390625 0.615625 0.678125 0.6171875 0.7171875 0.6140625 0.7171875 0.609375 0.7140625 0.61015625 0.71328125 0.61328125 0.703125 0.61015625 0.70703125 0.60625 0.7046875 0.6 0.71328125 0.5984375 0.715625 0.59296875 0.7234375 0.58515625 0.7265625 0.58515625 0.72734375 0.58203125 0.7171875 0.578125 0.709375 0.57890625 0.703125 0.58359375 0.69296875 0.58125 0.68984375 0.5765625 0.69296875 0.575 0.6921875 0.57109375 0.68515625 0.57109375 0.6796875 0.5609375 0.67890625 0.54296875 0.66484375 0.53515625 0.6609375 0.53515625 0.65546875 0.5359375 0.65 0.54375 0.6484375 0.584375 0.65390625 0.615625
4 0.6046875 0.6203125 0.60625 0.61640625 0.5984375 0.6125 0.59765625 0.6125 0.59375 0.6140625 0.59296875 0.61953125 0.5984375 0.621875 0.6046875 0.6203125
4 0.4078125 0.60390625 0.40234375 0.60390625 0.3984375 0.61015625 0.40234375 0.6265625 0.4078125 0.6234375 0.4078125 0.60390625
1 0.32421875 0.62578125 0.3640625 0.62578125 0.37109375 0.6171875 0.37109375 0.6140625 0.3671875 0.61171875 0.362890625 0.61171875 0.35 0.61171875 0.33125 0.615625 0.32421875 0.621875 0.32421875 0.62578125
3 0.471875 0.575 0.490625 0.57578125 0.4953125 0.56875 0.49453125 0.5625 0.49140625 0.55390625 0.4859375 0.55234375 0.4814453125 0.55234375 0.46796875 0.55234375 0.46328125 0.55625 0.4640625 0.57109375 0.471875 0.575
3 0.29453125 0.58359375 0.29921875 0.57890625 0.3015625 0.571875 0.29609375 0.56875 0.2921875 0.56875 0.2796875 0.5703125 0.27421875 0.57890625 0.275 0.58359375 0.29453125 0.58359375
0 0.43671875 0.6265625 0.44296875 0.63125 0.48671875 0.63125 0.4953125 0.6296875 0.50546875 0.62265625 0.51484375 0.62109375 0.515625 0.61640625 0.50546875 0.6125 0.49609375 0.60390625 0.4984375 0.6015625 0.49375 0.60390625 0.484375 0.59453125 0.4671875 0.5921875 0.46015625 0.5921875 0.4375 0.5953125 0.43046875 0.60078125 0.4296875 0.6140625 0.43671875 0.6265625
0 0.6203125 0.56875 0.646875 0.571875 0.64921875 0.56875 0.6484375 0.5609375 0.62734375 0.5484375 0.622265625 0.5484375 0.6140625 0.55 0.61328125 0.553125 0.61328125 0.5578125 0.6203125 0.56875