2 1 0.676506041015625 0.984285681640625 0.645687421875 0.9728913359375 0.6327959765625 0.96648155078125 0.628329453125 0.948469216796875 0.627395005859375 0.944565345703125 0.62753133203125 0.88221248046875 0.632835646484375 0.86843119921875 0.641134162109375 0.851826740234375 0.658130251953125 0.8531825703125 0.741727609375 0.8581943984375 0.750933306640625 0.89586241015625 0.755089994140625 0.907383166015625 0.74921559765625 0.94273612109375 0.75423485546875 0.95463858984375 0.759291294921875 0.976500263671875 0.758527869140625 0.983336373046875 0.7528170625 0.993459171875 0.751681841796875 1 0.755530255859375 1 0.676506041015625
2 0.182966083984375 0.666634583984375 0.18073282421875 0.669839474609375 0.181813515625 0.678400724609375 0.169450025390625 0.7272994921875 0.168351986328125 0.740627181640625 0.17366373046875 0.75842139453125 0.186292443359375 0.761889021484375 0.186029708984375 0.776750994140625 0.1892073359375 0.778203482421875 0.191495126953125 0.776560138671875 0.190114517578125 0.759410373046875 0.195788140625 0.74279599609375 0.197530626953125 0.725537169921875 0.211666357421875 0.72738871875 0.208307791015625 0.743140525390625 0.20868950390625 0.75407136328125 0.214935697265625 0.7538532421875 0.21719622265625 0.751429123046875 0.213582353515625 0.73748425 0.21584287890625 0.7350601328125 0.2156520234375 0.72959471484375 0.21944683203125 0.726335291015625 0.246047681640625 0.726969822265625 0.24922530859375 0.72842230859375 0.251785751953125 0.73458670703125 0.25135942578125 0.74476403515625 0.255055091796875 0.761051228515625 0.265314216796875 0.763819876953125 0.267284744140625 0.775476958984375 0.27121587890625 0.77612140625 0.27061604296875 0.758944376953125 0.279130193359375 0.711743484375 0.27817591015625 0.684416390625 0.27369946875 0.6681564609375 0.267235154296875 0.662128390625 0.262059736328125 0.648238048828125 0.255649953125 0.643771525390625 0.20799546875 0.6446539296875 0.19385973828125 0.6428023828125 0.189955869140625 0.642938708984375 0.184708572265625 0.6493757578125 0.182966083984375 0.666634583984375
5 0.240892064453125 0.51217515234375 0.24054753515625 0.5246948046875 0.24469679296875 0.5315854453125 0.2363809296875 0.539693103515625 0.234365791015625 0.5491441875 0.2382523125 0.57089680078125 0.236455294921875 0.586594078125 0.23993283984375 0.596635080078125 0.239216513671875 0.620893607421875 0.242475935546875 0.62468841796875 0.281432845703125 0.620982833984375 0.280887541015625 0.6053673515625 0.284682349609375 0.6021079296875 0.289711525390625 0.5894246875 0.289357076171875 0.579274623046875 0.292207521484375 0.571357822265625 0.29800012109375 0.58053625390625 0.2999706484375 0.5921933359375 0.311092341796875 0.597277041015625 0.31399731640625 0.590921787109375 0.31097336328125 0.57148423046875 0.31326115625 0.56984088671875 0.30693316796875 0.567716685546875 0.298334734375 0.545346890625 0.292705724609375 0.5408531015625 0.2885019375 0.5324009140625 0.279749830078125 0.5280161875 0.2740662890625 0.5219608515625 0.270479685546875 0.508796751953125 0.259167134765625 0.49824762890625 0.254482490234375 0.49841121875 0.247591849609375 0.5025604765625 0.240892064453125 0.51217515234375
5 0.276490408203125 0.524221376953125 0.2909260546875 0.534661439453125 0.3024839921875 0.55223753125 0.30854924609375 0.569223705078125 0.31326115625 0.56984088671875 0.31460458203125 0.5635401640625 0.309828224609375 0.53869171875 0.291052462890625 0.51589559765625 0.28843748828125 0.50816965234375 0.2805206875 0.50531920703125 0.27661681640625 0.505455533203125 0.272123029296875 0.511084544921875 0.276490408203125 0.524221376953125
5 0.28680655078125 0.59577994140625 0.287723650390625 0.599656544921875 0.29534053515625 0.593918474609375 0.29646583984375 0.58137155859375 0.294041720703125 0.579111033203125 0.292480171875 0.5791655625 0.29199931640625 0.58778134375 0.28680655078125 0.59577994140625
4 0.398767080078125 0.623139240234375 0.405875841796875 0.62523617578125 0.410505955078125 0.623511037109375 0.410287833984375 0.61726484375 0.40632943359375 0.61583962109375 0.405548658203125 0.61586688671875 0.39863075390625 0.61923537109375 0.398767080078125 0.623139240234375
4 0.595658474609375 0.6201722734375 0.598917896484375 0.62396708203125 0.603629806640625 0.624584265625 0.605345029296875 0.606544666015625 0.603619888671875 0.60191455078125 0.59963422265625 0.5997085546875 0.598072673828125 0.5997630859375 0.594277865234375 0.6030225078125 0.595658474609375 0.6201722734375
0 0.51891457421875 0.593928359375 0.5090916953125 0.603652095703125 0.50510602734375 0.601446099609375 0.50599586328125 0.604541931640625 0.499214283203125 0.61181428515625 0.49221458203125 0.612840447265625 0.4884197734375 0.616099869140625 0.48858336328125 0.620784513671875 0.51394984765625 0.63084286328125 0.562357841796875 0.62915241796875 0.56765966796875 0.62427691796875 0.574250390625 0.61153914453125 0.573006107421875 0.598293251953125 0.56578828515625 0.59307321875 0.547775951171875 0.592138771484375 0.540639923828125 0.5892610625 0.539078375 0.58931559375 0.52750308984375 0.59362844140625 0.51891457421875 0.593928359375
0 0.34769701171875 0.5709835390625 0.347806072265625 0.574106634765625 0.38294090625 0.57287969921875 0.38431159765625 0.56735975 0.39033966796875 0.560895435546875 0.386943919921875 0.553196755859375 0.37949930078125 0.552675001953125 0.37520504296875 0.5528249609375 0.352218064453125 0.566135302734375 0.34769701171875 0.5709835390625
1 0.6337528125 0.6141516328125 0.63868284375 0.6210150078125 0.67928309765625 0.61959721484375 0.679927544921875 0.615666080078125 0.67268245703125 0.6096652734375 0.649122908203125 0.606579361328125 0.645999810546875 0.606688421875 0.63431546484375 0.607878173828125 0.6337528125 0.6141516328125
3 0.507083984375 0.56854452734375 0.512014015625 0.575407904296875 0.531506103515625 0.573945498046875 0.539150251953125 0.568988201171875 0.539494783203125 0.55646855078125 0.533057734375 0.55122125390625 0.526811541015625 0.551439376953125 0.51049708203125 0.554354267578125 0.507083984375 0.56854452734375
3 0.703358197265625 0.57028946875 0.70984977734375 0.577098314453125 0.72856108984375 0.57566317578125 0.721851388671875 0.56260813671875 0.708263701171875 0.561519177734375 0.7038390546875 0.561673689453125 0.70155126171875 0.563317033203125 0.703358197265625 0.57028946875