2 0.14533929296875 0.822735822265625 0.15317782421875 0.82228530859375 0.16162742578125 0.825692953125 0.196266974609375 0.814669669921875 0.199552404296875 0.805448435546875 0.196818162109375 0.778196904296875 0.188155296875 0.7534663515625 0.1859482578125 0.724549341796875 0.18200623046875 0.719636779296875 0.1652675859375 0.7088411171875 0.146947333984375 0.70304188671875 0.078554904296875 0.71071023046875 0.077783271484375 0.7108324453125 0.06438276171875 0.716118830078125 0.0535871015625 0.732857474609375 0.042110857421875 0.770269611328125 0.042561369140625 0.778108140625 0.03878708203125 0.78424284765625 0.049175306640625 0.849831525390625 0.05599777734375 0.84795996484375 0.062086958984375 0.841458615234375 0.071346537109375 0.839992041015625 0.08312709375 0.844454091796875 0.09470156640625 0.842620875 0.14533929296875 0.822735822265625
3 0.28946436328125 0.6140263828125 0.29096928125 0.618533958984375 0.301894337890625 0.617594587890625 0.310787271484375 0.61381312109375 0.315127107421875 0.601260931640625 0.309236830078125 0.59902990625 0.306921935546875 0.59939655078125 0.294170841796875 0.60378908984375 0.28946436328125 0.6140263828125
1 0.351415328125 0.64059978125 0.345448359375 0.64787276171875 0.346059431640625 0.651730919921875 0.38618426953125 0.64537576953125 0.391135177734375 0.63668173828125 0.387842568359375 0.630875330078125 0.383521431640625 0.63155973046875 0.366236884765625 0.634297333984375 0.351415328125 0.64059978125
4 0.419800580078125 0.617903794921875 0.417080697265625 0.620707546875 0.422168177734375 0.642840431640625 0.42837957421875 0.637110712890625 0.425202 0.61704829296875 0.419800580078125 0.617903794921875
0 0.530838828125 0.609808923828125 0.514795125 0.6083950546875 0.499072541015625 0.599020443359375 0.479697884765625 0.59655216796875 0.47791019140625 0.595253333984375 0.4782768359375 0.597568228515625 0.450986958984375 0.605054474609375 0.445302763671875 0.60911871484375 0.44685320703125 0.623901927734375 0.452094068359375 0.627026798828125 0.457296583984375 0.634903673828125 0.464202923828125 0.638555748046875 0.507536501953125 0.63248337109375 0.53425365234375 0.61638696484375 0.530838828125 0.609808923828125
5 0.497689837890625 0.5952845 0.4962544296875 0.566245275390625 0.50180923046875 0.546381759765625 0.4975317265625 0.519374658203125 0.492734197265625 0.509060673828125 0.47506336328125 0.50236759765625 0.46966194140625 0.503223099609375 0.4575674453125 0.521749435546875 0.45059159765625 0.54262901171875 0.448001107421875 0.561232037109375 0.451094814453125 0.5757708203125 0.449398171875 0.595023263671875 0.451636375 0.604160626953125 0.46670236328125 0.5994014453125 0.477543548828125 0.592938439453125 0.494847740234375 0.597316619140625 0.497689837890625 0.5952845
5 0.758899099609375 0.536511271484375 0.78050478125 0.533089267578125 0.775623384765625 0.517251650390625 0.758235322265625 0.507349833984375 0.75664653515625 0.497318625 0.749495767578125 0.492123287109375 0.74409434765625 0.4929787890625 0.739426212890625 0.498464078125 0.745728658203125 0.51328563671875 0.7366751640625 0.5210474765625 0.729248802734375 0.534088521484375 0.732541412109375 0.539894931640625 0.743833111328125 0.541270455078125 0.747897353515625 0.546954650390625 0.757561919921875 0.543050966796875 0.755652013671875 0.540980501953125 0.758899099609375 0.536511271484375
5 0.73877434765625 0.579248138671875 0.75164765625 0.57562723046875 0.755016955078125 0.5719296328125 0.76054058984375 0.57184576171875 0.76061728125 0.562341755859375 0.748630640625 0.551584439453125 0.744772482421875 0.55219551171875 0.735963416015625 0.56150061328125 0.73877434765625 0.579248138671875
2 0.7773821953125 0.71313819921875 0.787535619140625 0.71232104296875 0.78948387109375 0.709639505859375 0.79057662109375 0.701556546875 0.787360701171875 0.686246130859375 0.788736224609375 0.674954431640625 0.810624681640625 0.6683236875 0.823986845703125 0.667789306640625 0.840596095703125 0.662785693359375 0.84368980078125 0.677324478515625 0.85267378515625 0.694094287109375 0.85998511328125 0.695309251953125 0.86952746484375 0.690633939453125 0.87159075 0.673696390625 0.86784762890625 0.660051451171875 0.85751928515625 0.6347936953125 0.84548712109375 0.613760740234375 0.840277423828125 0.590856224609375 0.8358465390625 0.582857134765625 0.83162173828125 0.5811533125 0.82776358203125 0.581764384765625 0.812048177734375 0.5874174140625 0.7710294921875 0.593123146484375 0.764573666015625 0.597309603515625 0.76092159375 0.60421594140625 0.7587744375 0.61562985546875 0.7550001484375 0.6217645625 0.75456399609375 0.64398131640625 0.76335625390625 0.68451114453125 0.767748794921875 0.697262236328125 0.7773821953125 0.71313819921875
4 0.616291021484375 0.604975498046875 0.6228690625 0.601560673828125 0.6231518359375 0.59835193359375 0.615596080078125 0.59559370703125 0.611737921875 0.596204779296875 0.60914025390625 0.599780162109375 0.61052295703125 0.60351610546875 0.616291021484375 0.604975498046875
0 0.6288144921875 0.549204765625 0.664187326171875 0.542811271484375 0.658579822265625 0.537371505859375 0.632581599609375 0.52804241796875 0.627951810546875 0.528775703125 0.621129341796875 0.530647265625 0.619547734375 0.535643697265625 0.6288144921875 0.549204765625
3 0.503244638671875 0.575420984375 0.5049484609375 0.57119618359375 0.5027486015625 0.55730681640625 0.499944849609375 0.55458693359375 0.499173216796875 0.5547091484375 0.496338298828125 0.57176891015625 0.49938648046875 0.576032056640625 0.503244638671875 0.575420984375