2 0.09617823828125 0.81345928125 0.129711626953125 0.803650353515625 0.14426873046875 0.807619212890625 0.18021469140625 0.798342267578125 0.183733232421875 0.78697470703125 0.181815328125 0.761253025390625 0.1729070390625 0.72134055078125 0.174626650390625 0.70780540625 0.16922986328125 0.701302650390625 0.15479642578125 0.6910363671875 0.139994333984375 0.684736595703125 0.068186421875 0.689141697265625 0.067327787109375 0.688446390625 0.053668974609375 0.693024203125 0.044016333984375 0.705822037109375 0.032193763671875 0.73534455859375 0.02867522265625 0.746712119140625 0.029328525390625 0.752927880859375 0.024543037109375 0.759715283203125 0.03148437890625 0.825757751953125 0.039172419921875 0.824164154296875 0.04559351171875 0.817990396484375 0.05414018359375 0.81709210546875 0.0656710703125 0.822164587890625 0.085872294921875 0.8200413515625 0.09617823828125 0.81345928125
2 0.768178171875 0.72711817578125 0.776029537109375 0.727078515625 0.778115458984375 0.7245026171875 0.78024338671875 0.714852322265625 0.778570470703125 0.691461552734375 0.79983566015625 0.684513171875 0.814066111328125 0.685374150390625 0.831609775390625 0.6803880234375 0.834960298828125 0.69731804296875 0.84211401171875 0.713062779296875 0.8462438515625 0.714985375 0.85904403125 0.709712255859375 0.861990931640625 0.69290590234375 0.858885396484375 0.678306794921875 0.83914152734375 0.632463205078125 0.8350560390625 0.608540453125 0.830191232421875 0.599625125 0.826143056640625 0.598479498046875 0.822258205078125 0.5988878125 0.804714541015625 0.603873939453125 0.7657843671875 0.60718011328125 0.76128587109375 0.609224029296875 0.755109767578125 0.617728697265625 0.752368197265625 0.629014595703125 0.748196353515625 0.63416639453125 0.74598441796875 0.657965478515625 0.7557093359375 0.70564765625 0.765560267578125 0.7321066484375 0.768178171875 0.72711817578125
5 1 0.57868730859375 0.9917613828125 0.574787884765625 0.961095580078125 0.55208773046875 0.949277701171875 0.551758732421875 0.940280708984375 0.55584656640625 0.929118478515625 0.546807572265625 0.918527888671875 0.5432073671875 0.9154200078125 0.54353401953125 0.90392878125 0.54631290234375 0.89734436328125 0.55093271875 0.898445638671875 0.568884697265625 0.904864384765625 0.57763669921875 0.90441406640625 0.580826244140625 0.9113227890625 0.594240068359375 0.944933146484375 0.615059630859375 0.974289998046875 0.640254021484375 0.983940291015625 0.642381947265625 0.992157966796875 0.65330153515625 0.993137921875 0.662625177734375 1 0.66956923046875 1 0.57868730859375
5 0.382133783203125 0.589372466796875 0.378696904296875 0.60151699609375 0.3795951953125 0.610063669921875 0.412391271484375 0.60818776953125 0.422123228515625 0.611092666015625 0.4383999453125 0.601526380859375 0.436561357421875 0.591507431640625 0.407325828125 0.574941375 0.40111006640625 0.575594677734375 0.382133783203125 0.589372466796875
0 0.473895587890625 0.595438978515625 0.473036953125 0.594743671875 0.44130249609375 0.60672018359375 0.44285408984375 0.621482619140625 0.451153427734375 0.63317917578125 0.457000533203125 0.63649238671875 0.503618748046875 0.631592615234375 0.528115486328125 0.618020158203125 0.525049609375 0.6112724140625 0.516339611328125 0.610616765625 0.49372815625 0.5972822578125 0.473895587890625 0.595438978515625
0 0.6178451015625 0.544959375 0.625285806640625 0.555960625 0.65800021875 0.553307755859375 0.662417052734375 0.5504868671875 0.63731136328125 0.535843408203125 0.629296671875 0.534329126953125 0.6254118203125 0.53473744140625 0.61711013671875 0.537966642578125 0.6178451015625 0.544959375
4 0.60908371484375 0.61108116015625 0.616690091796875 0.608710591796875 0.61783571875 0.604662416015625 0.610434671875 0.601512529296875 0.608103759765625 0.601757517578125 0.605159205078125 0.603638109375 0.604176904296875 0.609240228515625 0.60908371484375 0.61108116015625
4 0.406747150390625 0.61427986328125 0.408788720703125 0.633704119140625 0.40989234375 0.636730337890625 0.41394051953125 0.63787596484375 0.416803412109375 0.63521840234375 0.418317693359375 0.6272037109375 0.417092751953125 0.615549158203125 0.4127995859375 0.61207262109375 0.409691705078125 0.612399271484375 0.406747150390625 0.61427986328125
1 0.33755244921875 0.643548013671875 0.3802041484375 0.6382795859375 0.38364102734375 0.626135056640625 0.37026920703125 0.625969384765625 0.36638435546875 0.626377697265625 0.344260533203125 0.632630771484375 0.33792110546875 0.6395815 0.33755244921875 0.643548013671875
3 0.471366384765625 0.556427142578125 0.468666818359375 0.56063864453125 0.469114791015625 0.572374861328125 0.4812593203125 0.57581173828125 0.498434330078125 0.574792126953125 0.503138154296875 0.56722775390625 0.49786503515625 0.55442757421875 0.493039888671875 0.553363611328125 0.488999642578125 0.5537882578125 0.471366384765625 0.556427142578125
3 0.2890210234375 0.5928745859375 0.2844805234375 0.6019928984375 0.285052162109375 0.607431689453125 0.302922478515625 0.605553443359375 0.30778962890625 0.59954301171875 0.30938557421875 0.592305291015625 0.308363615234375 0.59005604296875 0.303620130859375 0.58976905078125 0.298958310546875 0.59025902734375 0.2890210234375 0.5928745859375