2 0 0.726496953125 0.004094599609375 0.72717471484375 0.01140073828125 0.73330355859375 0.027744556640625 0.73473345703125 0.0387766171875 0.734130169921875 0.0469679296875 0.73014141015625 0.07383789453125 0.727786822265625 0.10151541796875 0.734129462890625 0.12916366015625 0.73184296484375 0.13458231640625 0.7236904609375 0.137811849609375 0.69574057421875 0.13773352734375 0.65181660546875 0.141021625 0.64112499609375 0.136896685546875 0.634490236328125 0.121778494140625 0.619051349609375 0.109092505859375 0.611667595703125 0.05623775390625 0.606259169921875 0.040876482421875 0.602562529296875 0.03854165234375 0.602358259765625 0.025038578125 0.604313830078125 0.00875332421875 0.620142208984375 0 0.635441763671875 0 0.726496953125
2 0.713241224609375 0.787648537109375 0.718047068359375 0.786500525390625 0.718153966796875 0.77631483203125 0.730168576171875 0.773444802734375 0.73409876953125 0.76437783984375 0.73468230078125 0.74874420703125 0.737698037109375 0.74116570703125 0.743350248046875 0.739307509765625 0.751843205078125 0.74083478125 0.75438230859375 0.738704220703125 0.76690283203125 0.739015390625 0.7728566875 0.74267322265625 0.77617406640625 0.740610751953125 0.791097513671875 0.740347916015625 0.791156078125 0.757606193359375 0.79652640234375 0.776897658203125 0.812432396484375 0.774368080078125 0.817413228515625 0.762256099609375 0.81826912109375 0.743509357421875 0.807703462890625 0.693962458984375 0.808763626953125 0.67288088671875 0.8058255078125 0.6616445546875 0.801360115234375 0.658901181640625 0.800581837890625 0.658833091796875 0.77851771875 0.66003966796875 0.74045023046875 0.655924958984375 0.728941537109375 0.6619761875 0.723182427734375 0.674020080078125 0.717189763671875 0.679769662109375 0.711090203125 0.695704939453125 0.712335587890625 0.70836164453125 0.709923140625 0.726972205078125 0.71602340625 0.77377573046875 0.713241224609375 0.787648537109375
4 0.58514478515625 0.620378935546875 0.580776767578125 0.625486423828125 0.58744080859375 0.629990623046875 0.596410400390625 0.626069955078125 0.58981444921875 0.620787478515625 0.58514478515625 0.620378935546875
0 0.453829751953125 0.588500267578125 0.451494919921875 0.58829599609375 0.430140986328125 0.59034894140625 0.422017763671875 0.593559421875 0.420655955078125 0.60912496484375 0.42947983984375 0.624797404296875 0.47688665234375 0.629729197265625 0.5050796171875 0.621216482421875 0.50406778515625 0.6148540859375 0.48529176171875 0.605369052734375 0.47457087109375 0.593451818359375 0.453829751953125 0.588500267578125
0 0.60822003125 0.562795955078125 0.607811490234375 0.5674656171875 0.613084439453125 0.578906220703125 0.64810691015625 0.5819702890625 0.645538525390625 0.5754717109375 0.62185928515625 0.559283830078125 0.617189623046875 0.558875287109375 0.6101170390625 0.55904075 0.60822003125 0.562795955078125
3 0.478938466796875 0.550701048828125 0.462750302734375 0.549284767578125 0.45753591796875 0.555102443359375 0.457292837890625 0.566844689453125 0.46544534375 0.57226334765625 0.485680548828125 0.574033697265625 0.489338380859375 0.56807984375 0.48859891015625 0.5586043359375 0.4874508984375 0.553798494140625 0.4829855078125 0.551055119140625 0.478938466796875 0.550701048828125
3 0.275175994140625 0.55091153125 0.272296439453125 0.5569334765625 0.268200783203125 0.55892785546875 0.268502427734375 0.564443884765625 0.28088676953125 0.566311609375 0.2888738125 0.564657681640625 0.295275017578125 0.554238435546875 0.290099439453125 0.5506486953125 0.28542977734375 0.55024015234375 0.275175994140625 0.55091153125
4 0.384952580078125 0.613843666015625 0.387657146484375 0.61878569140625 0.391616623046875 0.618347865234375 0.39429190625 0.614660751953125 0.396568171875 0.59760674609375 0.393795515625 0.593442998046875 0.389125853515625 0.593034455078125 0.386654841796875 0.59438673828125 0.384952580078125 0.613843666015625
1 0.315890189453125 0.605448787109375 0.316328013671875 0.609408263671875 0.355173779296875 0.613591060546875 0.361302623046875 0.606284923828125 0.361711166015625 0.601615259765625 0.348616634765625 0.598901169921875 0.34550352734375 0.598628806640625 0.32181476171875 0.60047748046875 0.315890189453125 0.605448787109375
5 0.393950748046875 0.5558133359375 0.38772453125 0.555268611328125 0.367314337890625 0.56446223046875 0.361555228515625 0.57650612109375 0.360806232421875 0.585067169921875 0.39413596875 0.58955161328125 0.403134841796875 0.594260083984375 0.406520310546875 0.5914193359375 0.418466830078125 0.589327583984375 0.421920390625 0.585708560546875 0.4216868359375 0.57941425390625 0.393950748046875 0.5558133359375
5 0.90996893359375 0.69036178125 0.928093333984375 0.71625872265625 0.909716328125 0.72014058203125 0.904871677734375 0.730696009765625 0.931411419921875 0.7769350546875 0.9336100703125 0.77869587890625 0.964371419921875 0.776681744140625 0.960684306640625 0.7740064609375 0.96809734375 0.769949611328125 0.97743666796875 0.770766697265625 0.985471337890625 0.678929998046875 0.953678400390625 0.64791604296875 0.941566419921875 0.6429352109375 0.9358168359375 0.636942546875 0.9227223046875 0.63422845703125 0.922012119140625 0.633382087890625 0.903129197265625 0.63408275 0.897136533203125 0.639832333984375 0.883536087890625 0.63393704296875 0.867056087890625 0.63406369921875 0.85872859375 0.63960901171875 0.858349333984375 0.6529078125 0.864672923828125 0.6613033984375 0.879829921875 0.667334869140625 0.885443326171875 0.6748840859375 0.90996893359375 0.69036178125