2 1 0.610399548828125 0.99514032421875 0.602924759765625 0.98179513671875 0.590395236328125 0.9726941796875 0.586789990234375 0.958899505859375 0.587696646484375 0.953988728515625 0.58829961328125 0.895341931640625 0.59786188671875 0.8857374375 0.60297675390625 0.867480552734375 0.620960759765625 0.86378009765625 0.6292862890625 0.868948947265625 0.65856208203125 0.870744201171875 0.6795938125 0.86889397265625 0.683756578125 0.87377719140625 0.71070608984375 0.878701638671875 0.718759732421875 0.91658859375 0.7196176171875 0.92755351953125 0.712761474609375 0.96156333984375 0.7140954140625 0.977058130859375 0.718489828125 0.99566837109375 0.716204779296875 1 0.71297080078125 1 0.610399548828125
2 0.198124392578125 0.68897925390625 0.2007363046875 0.691019904296875 0.19743043359375 0.696148515625 0.199253173828125 0.704582998046875 0.191811033203125 0.7401299296875 0.190885421875 0.764644208984375 0.192027947265625 0.773949328125 0.19733323828125 0.78510467578125 0.2118621796875 0.78804344921875 0.211440109375 0.80383761328125 0.216772884765625 0.80239571484375 0.212637607421875 0.78794823828125 0.21526326171875 0.783690263671875 0.21831098828125 0.763638123046875 0.21688283203125 0.75200672265625 0.224446677734375 0.749503765625 0.234132638671875 0.751462947265625 0.232853673828125 0.760278271484375 0.236730806640625 0.759802220703125 0.234418271484375 0.7537892265625 0.241601275390625 0.7481845625 0.26912205078125 0.747953904296875 0.275107556640625 0.758238615234375 0.275175279296875 0.771611291015625 0.27941951171875 0.780535568359375 0.282902060546875 0.78325643359375 0.289010263671875 0.78171932421875 0.29162217578125 0.78375997265625 0.292179693359375 0.79471115625 0.29692746484375 0.7949153203125 0.293091560546875 0.776495501953125 0.297703884765625 0.74995431640625 0.295065478515625 0.71564512109375 0.29682049609375 0.7107069296875 0.293270224609375 0.694613390625 0.288345775390625 0.68655975 0.274238904296875 0.6678268125 0.26513794921875 0.66422156640625 0.227237251953125 0.6696623046875 0.20562738671875 0.669954310546875 0.2013625390625 0.67047796875 0.19813813671875 0.682680630859375 0.198124392578125 0.68897925390625
5 0.08337598046875 0.65190598046875 0.064180734375 0.65583709375 0.061555078125 0.660095068359375 0.038455212890625 0.677099482421875 0.031938681640625 0.688132134765625 0.02087854296875 0.694212849609375 0.024972591796875 0.727556197265625 0.035515447265625 0.73649421875 0.0342502265625 0.739010919921875 0.039474048828125 0.74309221875 0.041364513671875 0.764899375 0.045432068359375 0.76597417578125 0.053989248046875 0.75232961328125 0.065634390625 0.744602833984375 0.089931755859375 0.711709044921875 0.112745990234375 0.6923783515625 0.116051861328125 0.68724973828125 0.11714040625 0.676883560546875 0.12451383203125 0.67282975 0.13083994140625 0.66024624609375 0.130663263671875 0.652396767578125 0.124664015625 0.648410681640625 0.11342719921875 0.646641919921875 0.100530578125 0.65058677734375 0.100054525390625 0.64670964453125 0.09337505859375 0.643594193359375 0.08949792578125 0.64407024609375 0.085035787109375 0.646192361328125 0.08337598046875 0.65190598046875
5 0.59985237109375 0.524734171875 0.601185318359375 0.53559014453125 0.58671035546875 0.552322671875 0.580180080078125 0.5696539453125 0.581036974609375 0.576632787109375 0.584900365234375 0.582455357421875 0.600490365234375 0.58762519921875 0.593769669921875 0.60340562109375 0.595701365234375 0.606316908203125 0.6072375546875 0.60411332421875 0.610271537109375 0.59035980859375 0.64323404296875 0.583164052734375 0.650716421875 0.573587044921875 0.642336912109375 0.550215291015625 0.630937162109375 0.5342984296875 0.620285353515625 0.53088360546875 0.617796138671875 0.517021134765625 0.6095658203125 0.51409610546875 0.608014966796875 0.51428652734375 0.602097185546875 0.517374490234375 0.59985237109375 0.524734171875
3 0.5132352421875 0.562918515625 0.5149627734375 0.5705775703125 0.51854053125 0.57407386328125 0.536280134765625 0.571108595703125 0.5450139921875 0.56531351171875 0.544170841796875 0.552036046875 0.53981765625 0.548634966796875 0.524213912109375 0.549763748046875 0.5195613515625 0.550335009765625 0.51441899609375 0.553327763671875 0.5132352421875 0.562918515625
3 0.70890091015625 0.553849015625 0.714124732421875 0.5579303125 0.733510400390625 0.555550052734375 0.733714564453125 0.55080228125 0.72723926171875 0.5429390625 0.71334937890625 0.543070291015625 0.70921402734375 0.543578048828125 0.705622525390625 0.546380380859375 0.70890091015625 0.553849015625
0 0.50896253125 0.61145727734375 0.499262826171875 0.615796720703125 0.49915387109375 0.62131991796875 0.5103906875 0.623088677734375 0.518036 0.627659771484375 0.53314994921875 0.62895248046875 0.57337692578125 0.623226111328125 0.578233650390625 0.617907078125 0.5831041171875 0.606289421875 0.581199908203125 0.59078088671875 0.565800328125 0.5871618984375 0.547387380859375 0.587848490234375 0.542347107421875 0.588467357421875 0.527994841796875 0.5933780625 0.50896253125 0.61145727734375
0 0.353973396484375 0.58640899609375 0.389738234375 0.5828047421875 0.3947039140625 0.57196251171875 0.39471765625 0.565663888671875 0.3927859609375 0.562752603515625 0.384548771484375 0.562976884765625 0.379508498046875 0.56359575390625 0.35931991796875 0.57866847265625 0.353973396484375 0.58640899609375
4 0.40988459375 0.631493689453125 0.417149064453125 0.632963076171875 0.422291419921875 0.629970322265625 0.4236518515625 0.628229048828125 0.4183328203125 0.62337232421875 0.41523111328125 0.623753166015625 0.40872832421875 0.628487193359375 0.40988459375 0.631493689453125
4 0.609645302734375 0.610901744140625 0.612447634765625 0.61449324609375 0.61797083203125 0.61460219921875 0.61888269921875 0.596386544921875 0.616570162109375 0.59037355078125 0.613278033203125 0.5892035390625 0.61095175390625 0.589489171875 0.607550671875 0.593842357421875 0.609645302734375 0.610901744140625
1 0.649477693359375 0.60837229296875 0.689799880859375 0.603421349609375 0.6894190390625 0.600319642578125 0.680032453125 0.5943881171875 0.66482329296875 0.592319982421875 0.647453736328125 0.5944526953125 0.643111345703125 0.594985875 0.64232217578125 0.601379708984375 0.649477693359375 0.60837229296875