2 1 0.62542917578125 0.994862224609375 0.619238513671875 0.992409994140625 0.610855166015625 0.987953501953125 0.605824689453125 0.976791271484375 0.596785693359375 0.961313701171875 0.59527023828125 0.957040365234375 0.595719384765625 0.93483487890625 0.60119548828125 0.89287848828125 0.605605283203125 0.8802416328125 0.612432341796875 0.8698120234375 0.62531183984375 0.86531352734375 0.627355755859375 0.86163166015625 0.637169376953125 0.868330361328125 0.68595517578125 0.866162775390625 0.687754103515625 0.866734416015625 0.693192896484375 0.871146556640625 0.72022352734375 0.8739674453125 0.724640361328125 0.90561789453125 0.726812638671875 0.92610611328125 0.719945919921875 0.958533533203125 0.722036533203125 0.969287447265625 0.727190677734375 0.989488673828125 0.725067443359375 1 0.718354201171875 1 0.62542917578125
2 0.19475090625 0.675053681640625 0.19503320703125 0.700161716796875 0.18647949609375 0.7458372890625 0.187293779296875 0.768532751953125 0.191544939453125 0.77908368359375 0.2067973515625 0.78219391015625 0.209660244140625 0.77953634765625 0.21383443359375 0.7594587890625 0.213918443359375 0.74531 0.2297028359375 0.74600765234375 0.2450789140625 0.742820455078125 0.26560679296875 0.7438051015625 0.269694626953125 0.75280209375 0.2705509140625 0.76842316015625 0.27463875 0.77742015234375 0.2772146484375 0.77950607421875 0.288705876953125 0.77672719140625 0.293372390625 0.746385693359375 0.29231546484375 0.706433560546875 0.285122095703125 0.682837458984375 0.277312734375 0.67580272265625 0.273143236328125 0.66602876171875 0.2671328046875 0.661161609375 0.258341142578125 0.659728990234375 0.221986869140625 0.6651210859375 0.205343841796875 0.663728125 0.201458990234375 0.664136439453125 0.19773746484375 0.666098693359375 0.19475090625 0.675053681640625
5 0.312829490234375 0.53538348046875 0.308044001953125 0.5421708828125 0.301006919921875 0.564906001953125 0.29237623828125 0.579953083984375 0.300227603515625 0.57991342578125 0.31151584765625 0.567729236328125 0.31417341015625 0.57059212890625 0.320629466796875 0.6021212578125 0.34185265234375 0.60224726953125 0.345492515625 0.599508044921875 0.3427532890625 0.59586818359375 0.343040283203125 0.59112469921875 0.3472937890625 0.58674987109375 0.3555978203125 0.568594908203125 0.354536203125 0.558494294921875 0.348446455078125 0.5379244140625 0.332664408203125 0.522301 0.3260823359375 0.511995056640625 0.319089603515625 0.512730021484375 0.314836095703125 0.517104849609375 0.312829490234375 0.53538348046875
5 0.58922791015625 0.4969061953125 0.589881212890625 0.50312195703125 0.598262212890625 0.515595486328125 0.5870556328125 0.52855664453125 0.580387205078125 0.547325251953125 0.57866759375 0.560860396484375 0.58111982421875 0.569243744140625 0.595513603515625 0.5716586640625 0.597760505859375 0.58556246484375 0.595427248046875 0.600733212890625 0.597716154296875 0.607562619140625 0.606099501953125 0.605110388671875 0.60867774609375 0.59227055078125 0.61522016015625 0.594725126953125 0.619389658203125 0.60449908984375 0.6340704296875 0.602170525390625 0.637098994140625 0.586141142578125 0.6337088125 0.5613597578125 0.636858697265625 0.553958712890625 0.63457213671875 0.532203544921875 0.62414721875 0.515231521484375 0.61351931640625 0.488854193359375 0.609226150390625 0.48537765625 0.602847064453125 0.484477017578125 0.60207009375 0.484558681640625 0.593236427734375 0.49020045703125 0.58922791015625 0.4969061953125
3 0.51221680859375 0.563916888671875 0.51716327734375 0.5736091875 0.5349519296875 0.57095397265625 0.5430902890625 0.566170830078125 0.543337623046875 0.55357598046875 0.539739765625 0.549240810546875 0.520078451171875 0.550521744140625 0.515572025390625 0.550995388671875 0.51332277734375 0.55201734765625 0.51221680859375 0.563916888671875
3 0.7057220546875 0.551434201171875 0.712222462890625 0.560963173828125 0.721014125 0.56239579296875 0.732587015625 0.560393880859375 0.732015375 0.55495508984375 0.72567829296875 0.546980056640625 0.7146373828125 0.546569396484375 0.709198591796875 0.547141037109375 0.70547706640625 0.549103291015625 0.7057220546875 0.551434201171875
0 0.507097630859375 0.612373689453125 0.499409591796875 0.6139672890625 0.496955013671875 0.620509703125 0.521407400390625 0.628937400390625 0.571215158203125 0.624487947265625 0.58193176171875 0.606864966796875 0.578744564453125 0.59148888671875 0.571343517578125 0.588339001953125 0.544681541015625 0.58878462890625 0.540796689453125 0.589192943359375 0.525665599609375 0.59471105078125 0.507097630859375 0.612373689453125
0 0.367579025390625 0.570477845703125 0.355023833984375 0.578081876953125 0.35007501953125 0.583315337890625 0.34970636328125 0.5872818515625 0.387532916015625 0.5809494609375 0.39346403125 0.5701138828125 0.393669361328125 0.564593427734375 0.391707107421875 0.56087190234375 0.383774078125 0.56013458984375 0.382997107421875 0.56021625390625 0.37244617578125 0.5644674140625 0.367579025390625 0.570477845703125
1 0.641308150390625 0.603766470703125 0.646786599609375 0.6110461953125 0.68175026171875 0.607371365234375 0.685226796875 0.603078201171875 0.6799933359375 0.59812938671875 0.67034304296875 0.596001458984375 0.649784248046875 0.596591169921875 0.645316669921875 0.59706073046875 0.641595142578125 0.599022986328125 0.641308150390625 0.603766470703125
4 0.606589478515625 0.609772208984375 0.610432326171875 0.6164382890625 0.615175810546875 0.616725283203125 0.617180068359375 0.6133724140625 0.615997130859375 0.59464346484375 0.61170396484375 0.591166927734375 0.608596083984375 0.591493580078125 0.605037884765625 0.595009775390625 0.606589478515625 0.609772208984375
4 0.4084620703125 0.63059623828125 0.41639509765625 0.63133355078125 0.421588900390625 0.628431 0.415415142578125 0.622009908203125 0.413084232421875 0.622254896484375 0.406499814453125 0.626874712890625 0.4084620703125 0.63059623828125