2 0 0.775 0.0078125 0.77421875 0.015625 0.76875 0.02578125 0.76953125 0.0328125 0.775 0.05703125 0.775 0.06875 0.76875 0.10078125 0.76328125 0.1140625 0.76875 0.15078125 0.76328125 0.15546875 0.75078125 0.15546875 0.72578125 0.153125 0.7171875 0.1546875 0.671875 0.15 0.66484375 0.1234375 0.64609375 0.05078125 0.64296875 0.05 0.6421875 0.0359375 0.64609375 0.02734375 0.6546875 0.02109375 0.6625 0.0046875 0.69609375 0.00390625 0.70546875 0 0.709375 0 0.775
2 0.74140625 0.64375 0.740625 0.64921875 0.73203125 0.6625 0.728125 0.68125 0.73046875 0.71796875 0.7390625 0.75859375 0.74140625 0.75859375 0.74296875 0.75390625 0.75234375 0.753125 0.75546875 0.74453125 0.7546875 0.728125 0.75703125 0.71953125 0.7609375 0.7171875 0.78359375 0.71484375 0.79296875 0.7171875 0.81171875 0.7140625 0.8125 0.73046875 0.81875 0.7484375 0.825 0.74921875 0.83515625 0.74609375 0.8390625 0.73359375 0.83828125 0.715625 0.8234375 0.66640625 0.825 0.66015625 0.821875 0.6546875 0.821875 0.64375 0.81875 0.634375 0.8140625 0.63203125 0.81171875 0.63203125 0.78984375 0.63515625 0.753125 0.634375 0.74765625 0.63671875 0.74140625 0.64375
5 0.8765625 0.6015625 0.86953125 0.61015625 0.87109375 0.62109375 0.87890625 0.62890625 0.8921875 0.6328125 0.8984375 0.640625 0.92421875 0.653125 0.9453125 0.678125 0.92734375 0.68359375 0.9234375 0.68828125 0.9234375 0.69375 0.93984375 0.715625 0.94453125 0.7265625 0.95625 0.73984375 0.9875 0.7359375 0.99921875 0.73203125 0.99921875 0.6359375 0.98671875 0.6265625 0.98125 0.61875 0.96328125 0.60703125 0.95625 0.60546875 0.94453125 0.59765625 0.9375 0.596875 0.93255234375 0.596875 0.91796875 0.59765625 0.90859375 0.6046875 0.890625 0.59921875 0.8765625 0.6015625
5 0.39921875 0.59765625 0.41171875 0.60078125 0.4265625 0.59609375 0.4296875 0.590625 0.428125 0.58515625 0.39921875 0.56484375 0.39296875 0.56484375 0.37265625 0.5765625 0.36796875 0.5921875 0.36875 0.596875 0.39921875 0.59765625
0 0.6546875 0.56953125 0.65625 0.57265625 0.659375 0.571875 0.65078125 0.56171875 0.6390625 0.55625 0.6328125 0.55 0.625 0.54765625 0.61875 0.54765625 0.61328125 0.54921875 0.6125 0.55234375 0.61875 0.56875 0.6546875 0.56953125
0 0.44296875 0.63125 0.4921875 0.63046875 0.515625 0.61953125 0.515625 0.61640625 0.51171875 0.61328125 0.509375 0.6140625 0.51015625 0.61796875 0.50703125 0.61953125 0.5046875 0.61640625 0.50703125 0.6140625 0.4953125 0.60390625 0.48359375 0.59609375 0.4703125 0.59296875 0.46588515625 0.59296875 0.4453125 0.59453125 0.43046875 0.60078125 0.43046875 0.615625 0.44296875 0.63125
1 0.334375 0.6265625 0.36484375 0.62578125 0.37109375 0.6171875 0.36953125 0.61171875 0.365625 0.61171875 0.3390625 0.61328125 0.33125 0.61640625 0.3265625 0.62265625 0.334375 0.6265625
4 0.40390625 0.62421875 0.40546875 0.60625 0.4015625 0.60234375 0.39765625 0.60234375 0.39453125 0.60625 0.396875 0.62734375 0.4015625 0.62734375 0.40390625 0.62421875
4 0.59921875 0.6125 0.59609375 0.6125 0.59140625 0.61953125 0.60546875 0.61953125 0.60625 0.61640625 0.59921875 0.6125
3 0.47109375 0.575 0.4921875 0.575 0.49453125 0.5640625 0.49140625 0.55390625 0.4875 0.55234375 0.48359375 0.55234375 0.46640625 0.553125 0.4625 0.55859375 0.4640625 0.57109375 0.47109375 0.575
3 0.275 0.58359375 0.2875 0.58515625 0.2953125 0.5828125 0.30078125 0.57109375 0.29609375 0.56875 0.291015625 0.56875 0.28046875 0.5703125 0.278125 0.5765625 0.27421875 0.57890625 0.275 0.58359375