2 0 0.77421875 0.00625 0.77421875 0.01484375 0.76875 0.0234375 0.76875 0.03671875 0.77578125 0.05625 0.775 0.065625 0.76953125 0.1015625 0.76328125 0.11328125 0.76875 0.15078125 0.76328125 0.15390625 0.75859375 0.15625 0.74453125 0.15546875 0.7109375 0.153125 0.70234375 0.15390625 0.6703125 0.14375 0.659375 0.1234375 0.64609375 0.06171875 0.64296875 0.0578125 0.64296875 0.04140625 0.64375 0.0328125 0.6484375 0.02109375 0.6625 0.0046875 0.696875 0.00390625 0.70625 0 0.71015625 0 0.77421875
2 0.7328125 0.66015625 0.72734375 0.6828125 0.7296875 0.71171875 0.7390625 0.75390625 0.7390625 0.76015625 0.74140625 0.7546875 0.75078125 0.7546875 0.753125 0.75078125 0.75625 0.7421875 0.7546875 0.72734375 0.75703125 0.71953125 0.7609375 0.7171875 0.771875 0.7171875 0.77421875 0.71484375 0.7875 0.71484375 0.79375 0.7171875 0.81015625 0.7140625 0.81171875 0.728125 0.81796875 0.746875 0.8234375 0.74921875 0.83515625 0.7453125 0.8390625 0.73125 0.83828125 0.71796875 0.82578125 0.671875 0.821875 0.64296875 0.81875 0.634375 0.8140625 0.63203125 0.8109375 0.63203125 0.796875 0.63515625 0.75703125 0.63359375 0.746875 0.63671875 0.74140625 0.64296875 0.73984375 0.65 0.7328125 0.66015625
5 0.659375 0.5828125 0.66015625 0.59609375 0.6546875 0.615625 0.6578125 0.61796875 0.6734375 0.61796875 0.71640625 0.61484375 0.72578125 0.590625 0.7109375 0.584375 0.7078125 0.57890625 0.69921875 0.575 0.6921875 0.5671875 0.69609375 0.5421875 0.69296875 0.53671875 0.6828125 0.5328125 0.678125 0.5328125 0.671875 0.53359375 0.66484375 0.54296875 0.66640625 0.55 0.659375 0.5828125
5 0.50546875 0.54140625 0.5046875 0.55625 0.5078125 0.56640625 0.5140625 0.5703125 0.51171875 0.58984375 0.5140625 0.6265625 0.5328125 0.6296875 0.5359375 0.6234375 0.534375 0.58984375 0.5375 0.58671875 0.54375 0.5671875 0.55078125 0.55703125 0.55078125 0.54453125 0.54453125 0.52265625 0.53515625 0.515625 0.5359375 0.50078125 0.53046875 0.49609375 0.52734375 0.49609375 0.5203125 0.50390625 0.521875 0.515625 0.51171875 0.5234375 0.50546875 0.54140625
4 0.60546875 0.61953125 0.60625 0.61640625 0.59921875 0.6125 0.59609375 0.6125 0.5921875 0.6171875 0.59296875 0.61953125 0.5984375 0.621875 0.60546875 0.61953125
4 0.409375 0.61796875 0.4078125 0.60390625 0.4015625 0.60390625 0.3984375 0.609375 0.40078125 0.62734375 0.40546875 0.62578125 0.409375 0.61796875
0 0.4359375 0.62578125 0.44140625 0.63125 0.4890625 0.63125 0.5 0.62734375 0.50390625 0.6234375 0.5125 0.621875 0.51171875 0.61640625 0.50703125 0.61953125 0.50703125 0.61328125 0.49765625 0.6046875 0.490625 0.60234375 0.4828125 0.5953125 0.465625 0.59140625 0.4625 0.59140625 0.4375 0.5953125 0.43125 0.59921875 0.4296875 0.61328125 0.4359375 0.62578125
0 0.6578125 0.57109375 0.65390625 0.56953125 0.65625 0.5671875 0.65 0.56171875 0.63828125 0.55625 0.63203125 0.55 0.62421875 0.54765625 0.6203125 0.54765625 0.6140625 0.54921875 0.6125 0.55390625 0.61875 0.56875 0.6578125 0.57109375
1 0.36484375 0.62578125 0.37109375 0.61796875 0.37109375 0.6140625 0.36640625 0.61171875 0.36171875 0.61171875 0.33203125 0.61484375 0.32421875 0.621875 0.32421875 0.625 0.36484375 0.62578125
3 0.471875 0.575 0.48984375 0.57421875 0.4953125 0.56875 0.4953125 0.56484375 0.49140625 0.5546875 0.4859375 0.55234375 0.48125 0.55234375 0.465625 0.553125 0.4625 0.55703125 0.4625 0.5703125 0.471875 0.575
3 0.29296875 0.584375 0.2984375 0.57890625 0.30078125 0.57109375 0.29453125 0.56875 0.290234375 0.56875 0.2796875 0.57109375 0.275 0.57890625 0.275 0.584375 0.29296875 0.584375