2 0 0.775 0.0078125 0.77421875 0.01484375 0.76875 0.02578125 0.76953125 0.0328125 0.775 0.05078125 0.775 0.0953125 0.7640625 0.10546875 0.7640625 0.1140625 0.76875 0.11953125 0.76875 0.15078125 0.76328125 0.1546875 0.75859375 0.15625 0.74296875 0.153125 0.70234375 0.1546875 0.67109375 0.15 0.66484375 0.13125 0.65 0.12109375 0.6453125 0.06640625 0.64453125 0.0515625 0.6421875 0.05 0.6421875 0.0359375 0.64609375 0.0265625 0.65546875 0.0046875 0.69609375 0.00390625 0.70390625 0 0.70625 0 0.775
2 0.73828125 0.653125 0.7328125 0.66015625 0.72734375 0.68203125 0.73125 0.72265625 0.73828125 0.753125 0.740625 0.7546875 0.73828125 0.75625 0.740625 0.75703125 0.74140625 0.75390625 0.75078125 0.7546875 0.753125 0.75234375 0.75703125 0.71953125 0.77890625 0.71484375 0.79375 0.7171875 0.81015625 0.7140625 0.81171875 0.728125 0.81796875 0.74765625 0.825 0.74921875 0.83515625 0.74609375 0.8390625 0.73359375 0.83828125 0.71640625 0.82421875 0.66640625 0.8234375 0.64921875 0.81875 0.634375 0.8140625 0.63203125 0.8109375 0.63203125 0.78984375 0.63515625 0.753125 0.634375 0.74296875 0.640625 0.73828125 0.653125
5 0.7171875 0.52578125 0.725 0.52890625 0.7265625 0.53359375 0.71953125 0.5546875 0.72265625 0.5734375 0.7203125 0.578125 0.71484375 0.58125 0.715625 0.58828125 0.70546875 0.59609375 0.70546875 0.60234375 0.71640625 0.603125 0.7203125 0.59921875 0.7265625 0.5984375 0.72890625 0.6 0.73046875 0.615625 0.75859375 0.615625 0.7609375 0.6140625 0.76328125 0.60234375 0.76328125 0.590625 0.7578125 0.5734375 0.759375 0.56328125 0.75703125 0.54765625 0.7484375 0.51953125 0.7390625 0.51328125 0.734375 0.50234375 0.72734375 0.496875 0.7234375 0.496875 0.7125 0.503125 0.70859375 0.509375 0.7125 0.5203125 0.7171875 0.52578125
5 0.68203125 0.521875 0.67890625 0.53203125 0.678125 0.559375 0.68359375 0.56484375 0.68359375 0.57265625 0.6796875 0.575 0.68359375 0.584375 0.696875 0.58515625 0.69921875 0.58046875 0.696875 0.57265625 0.70703125 0.565625 0.70859375 0.55703125 0.7046875 0.5265625 0.7078125 0.5125 0.69921875 0.50546875 0.69765625 0.49609375 0.69375 0.4921875 0.68671875 0.4921875 0.67890625 0.496875 0.67890625 0.50390625 0.68203125 0.50859375 0.68203125 0.521875
0 0.61953125 0.56953125 0.65234375 0.5703125 0.6546875 0.57421875 0.659375 0.57421875 0.659375 0.57109375 0.64921875 0.5609375 0.63984375 0.55703125 0.63359375 0.55078125 0.6234375 0.54765625 0.62109375 0.54765625 0.61484375 0.54921875 0.6125 0.55390625 0.6125 0.5578125 0.61953125 0.56953125
0 0.43046875 0.615625 0.44140625 0.63046875 0.49296875 0.63046875 0.515625 0.61953125 0.515625 0.615625 0.50390625 0.60859375 0.5046875 0.60625 0.5015625 0.60390625 0.48984375 0.6015625 0.48125 0.59453125 0.48125 0.5921875 0.4671875 0.59140625 0.46171875 0.59140625 0.45625 0.59453125 0.4375 0.5953125 0.43125 0.59921875 0.43046875 0.615625
1 0.36484375 0.62578125 0.37109375 0.61796875 0.37109375 0.6140625 0.3640625 0.61171875 0.358984375 0.61171875 0.33203125 0.615625 0.3265625 0.62265625 0.3296875 0.62578125 0.36484375 0.62578125
4 0.40546875 0.61796875 0.40390625 0.60234375 0.39921875 0.60234375 0.3953125 0.6046875 0.39765625 0.62734375 0.403125 0.62578125 0.40546875 0.61796875
4 0.60625 0.61640625 0.59921875 0.6125 0.5953125 0.6125 0.59140625 0.61796875 0.59296875 0.61953125 0.60546875 0.61953125 0.60625 0.61640625
3 0.46484375 0.57109375 0.47265625 0.575 0.490625 0.57578125 0.49609375 0.56875 0.49140625 0.55390625 0.48515625 0.55234375 0.480859375 0.55234375 0.46796875 0.55234375 0.46328125 0.55625 0.4625 0.5671875 0.46484375 0.57109375
3 0.275 0.58359375 0.29375 0.58359375 0.2984375 0.57890625 0.30078125 0.571875 0.296875 0.56875 0.29296875 0.56875 0.28046875 0.5703125 0.278125 0.5765625 0.27421875 0.57890625 0.275 0.58359375