2 0 0.712688099609375 0.00656269921875 0.7172658359375 0.0252681484375 0.7187754609375 0.0392120859375 0.714190623046875 0.07244648046875 0.712761474609375 0.084186833984375 0.719712828125 0.121298361328125 0.718759732421875 0.127474287109375 0.70692416796875 0.13101081640625 0.68453200390625 0.130017482421875 0.6733903984375 0.13641032421875 0.627735435546875 0.1331996640625 0.621831396484375 0.120670140625 0.608486208984375 0.107664564453125 0.599018154296875 0.036706150390625 0.587157087890625 0.03602593359375 0.586286451171875 0.02246283984375 0.587769580078125 0.01288583203125 0.595251958984375 0.00485967578125 0.602924759765625 0 0.610399548828125 0 0.712688099609375
2 0.72048527734375 0.78131099609375 0.724729509765625 0.772386716796875 0.724987654296875 0.757463189453125 0.728361248046875 0.749219126953125 0.732524013671875 0.7473688984375 0.75917415234375 0.7482797734375 0.764221296875 0.752047953125 0.774777896484375 0.7494085546875 0.782532162109375 0.75036066015625 0.78168901171875 0.763638123046875 0.786097169921875 0.785431537109375 0.78900845703125 0.787363232421875 0.80266676171875 0.78510467578125 0.80806726171875 0.77317390234375 0.80929125390625 0.75679473046875 0.801427041015625 0.70545363671875 0.80195707421875 0.681905205078125 0.799997892578125 0.6722192421875 0.79563096484375 0.66932169921875 0.79330468359375 0.669036068359375 0.778190734375 0.67032877734375 0.73486205078125 0.66422156640625 0.722958763671875 0.671418314453125 0.705097455078125 0.70149701953125 0.702187162109375 0.744431119140625 0.705942591796875 0.77795114453125 0.70307253515625 0.7949153203125 0.70694966796875 0.795391373046875 0.70837782421875 0.78375997265625 0.72048527734375 0.78131099609375
4 0.59127167578125 0.628487193359375 0.58476888671875 0.623753166015625 0.5816671796875 0.62337232421875 0.577313994140625 0.62677340625 0.577708580078125 0.629970322265625 0.59011540625 0.631493689453125 0.59127167578125 0.628487193359375
4 0.386776939453125 0.61439803515625 0.389484060546875 0.6115819609375 0.39322475390625 0.59393756640625 0.390599099609375 0.589679591796875 0.3859465390625 0.589108330078125 0.38236878125 0.59260462109375 0.38212437890625 0.6138267734375 0.386776939453125 0.61439803515625
0 0.4957037734375 0.6183271640625 0.49241164453125 0.61949717578125 0.4930781171875 0.614069189453125 0.472685373046875 0.59424869921875 0.455421822265625 0.58740630078125 0.45309554296875 0.58712066796875 0.434199671875 0.5871618984375 0.418704880859375 0.591556314453125 0.4168958828125 0.606289421875 0.4273985 0.623321322265625 0.476345591796875 0.62854415234375 0.500941337890625 0.620544490234375 0.5013221796875 0.617442783203125 0.497825888671875 0.613865025390625 0.4954043984375 0.6143548203125 0.4957037734375 0.6183271640625
0 0.616709580078125 0.562344275390625 0.614383298828125 0.562058642578125 0.6072140390625 0.562752603515625 0.60431649609375 0.56711953125 0.6101665546875 0.583580169921875 0.64341469140625 0.58844964453125 0.646040345703125 0.592707619140625 0.650107900390625 0.591632818359375 0.641455509765625 0.57876368359375 0.631170798828125 0.57277817578125 0.62640928515625 0.566683716796875 0.616709580078125 0.562344275390625
5 0.90307566015625 0.70455352734375 0.906095900390625 0.712008419921875 0.921060658203125 0.731162435546875 0.90265458203125 0.73362515625 0.898206185546875 0.7378016640625 0.896478654296875 0.745460720703125 0.907471068359375 0.764914111328125 0.912246326171875 0.7773071953125 0.911185267578125 0.779538263671875 0.919932869140625 0.79163197265625 0.948909287109375 0.792828478515625 0.95131703515625 0.786040060546875 0.95530312109375 0.79203930859375 0.966839310546875 0.794242892578125 0.97893103515625 0.695763703125 0.965530875 0.683098732421875 0.962415423828125 0.676419265625 0.946784193359375 0.662693236328125 0.9363090625 0.658258583984375 0.929316478515625 0.65110306640625 0.920106568359375 0.649185115234375 0.916229435546875 0.6487090625 0.9037273984375 0.647961123046875 0.89201453125 0.653607017578125 0.8756216171875 0.646084400390625 0.863024369140625 0.64611188671875 0.856249693359375 0.650002763671875 0.852400046875 0.662123958984375 0.85969200390625 0.6732518203125 0.873078421875 0.67961816796875 0.87832973046875 0.688134119140625 0.90307566015625 0.70455352734375
5 0.364179619140625 0.56124794140625 0.357146798828125 0.58006234765625 0.39659834765625 0.585693505859375 0.403291556640625 0.5888766796875 0.415399009765625 0.586427701171875 0.419071978515625 0.582155984375 0.41828280859375 0.5757621484375 0.3920674921875 0.55207826953125 0.385864080078125 0.5513165859375 0.364179619140625 0.56124794140625
3 0.47733694140625 0.54995416796875 0.46018234375 0.548634966796875 0.455733947265625 0.552811474609375 0.45508121875 0.564538083984375 0.462944439453125 0.57101338671875 0.483105533203125 0.573488857421875 0.486968921875 0.56766628515625 0.48656059375 0.558170744140625 0.48558100390625 0.553327763671875 0.48121407421875 0.550430220703125 0.47733694140625 0.54995416796875
3 0.27266552734375 0.54371448828125 0.270448201171875 0.5489520546875 0.266285435546875 0.55080228125 0.266394390625 0.556325478515625 0.278706005859375 0.5586242734375 0.286745904296875 0.55725009765625 0.293602046875 0.546285169921875 0.287684265625 0.54319720703125 0.28341941796875 0.542673548828125 0.27266552734375 0.54371448828125
1 0.31919212109375 0.594292908203125 0.31145159765625 0.599639427734375 0.310975544921875 0.603516560546875 0.351297732421875 0.608467501953125 0.357773033203125 0.60060428125 0.356888654296875 0.594985875 0.35301151953125 0.594509822265625 0.330428935546875 0.592524146484375 0.31919212109375 0.594292908203125