2 0.948231080078125 0.6500330625 0.9458876875 0.649992158203125 0.930224162109375 0.652062857421875 0.91619107421875 0.650255169921875 0.87631248828125 0.651903193359375 0.863705314453125 0.657934087890625 0.8454802421875 0.672461978515625 0.842260275390625 0.677875357421875 0.843290783203125 0.708366736328125 0.84068833203125 0.7231673203125 0.83830403515625 0.725469810546875 0.8401020390625 0.756755955078125 0.844570671875 0.769335859375 0.88040725390625 0.775430970703125 0.88908150390625 0.77089416796875 0.896125318359375 0.770235748046875 0.927275115234375 0.776249052734375 0.941226396484375 0.782743525390625 0.963098064453125 0.783125296875 0.9694425546875 0.77776645703125 0.9803920234375 0.777176212890625 0.987326759765625 0.782766841796875 0.995124435546875 0.7836843203125 0.996228845703125 0.72041270703125 0.99165113671875 0.7140818515625 0.991033623046875 0.70469464453125 0.975997294921875 0.67083331640625 0.97065208984375 0.6637076953125 0.96067463671875 0.653375740234375 0.948231080078125 0.6500330625
2 0.176514544921875 0.634218591796875 0.175474353515625 0.649046447265625 0.173076421875 0.65213006640625 0.1736939375 0.6615172734375 0.161377044921875 0.695682517578125 0.156213044921875 0.722940294921875 0.1605998671875 0.740206986328125 0.17457841796875 0.7451391953125 0.172743462890625 0.760734546875 0.1774438828125 0.760035224609375 0.1761406796875 0.74516646484375 0.184347396484375 0.722650013671875 0.185373951171875 0.7086032890625 0.20328542578125 0.712041412109375 0.21973008203125 0.70998434765625 0.2384226875 0.713436103515625 0.240629732421875 0.721288318359375 0.239548638671875 0.73845956640625 0.2440445390625 0.74947720703125 0.25576150390625 0.749681728515625 0.26488569921875 0.719367599609375 0.2687192265625 0.678803326171875 0.26444148046875 0.655287587890625 0.25983650390625 0.650518994140625 0.256135369140625 0.63873385546875 0.251544025390625 0.633184130859375 0.244568384765625 0.62993689453125 0.206279330078125 0.630049923828125 0.187586724609375 0.62659816796875 0.182899939453125 0.626516359375 0.178953380859375 0.628791580078125 0.176514544921875 0.634218591796875
5 0.296701416015625 0.5081719453125 0.28715059375 0.51816303125 0.2782445546875 0.535979064453125 0.2732578046875 0.553082138671875 0.280301619140625 0.55242371875 0.286659744140625 0.546283748046875 0.292608830078125 0.563577708984375 0.300379236328125 0.566057447265625 0.304216716796875 0.57003127734375 0.3041212734375 0.575499193359375 0.30794512109375 0.58025415234375 0.32354047265625 0.582089109375 0.325239080078125 0.574305068359375 0.32311384375 0.561766068359375 0.32967648828125 0.5439091328125 0.329249859375 0.523586091796875 0.319354216796875 0.5085673515625 0.314940123046875 0.492862921875 0.311842869140625 0.49124612109375 0.306374951171875 0.4911506796875 0.301633626953125 0.49419339453125 0.296701416015625 0.5081719453125
5 0.57933449609375 0.520919013671875 0.586187423828125 0.5311964296875 0.580555890625 0.54047455859375 0.5777761875 0.56542984765625 0.572993958984375 0.570815955078125 0.571308984375 0.577818865234375 0.5804371328125 0.59204283984375 0.58030078515625 0.599854150390625 0.575354939453125 0.61461383203125 0.57531403515625 0.616957224609375 0.579192421875 0.61858766015625 0.59170415234375 0.61802468359375 0.596622728515625 0.604827265625 0.602830873046875 0.607279736328125 0.606559275390625 0.617502611328125 0.614438759765625 0.6137333046875 0.6160691953125 0.60985491796875 0.617027578125 0.599713849609375 0.61269529296875 0.579322634765625 0.6184495390625 0.563014326171875 0.616174318359375 0.559067767578125 0.616392474609375 0.546569671875 0.612650435546875 0.53712792578125 0.613636087890625 0.525424595703125 0.605193626953125 0.516682171875 0.59998476953125 0.501745240234375 0.594585025390625 0.497744142578125 0.591460501953125 0.497689603515625 0.577250162109375 0.50603662109375 0.57933449609375 0.520919013671875
4 0.393228701171875 0.618467126953125 0.404150900390625 0.61943914453125 0.4057813359375 0.6155607578125 0.401957490234375 0.610805798828125 0.39883296484375 0.610751259765625 0.39173461328125 0.614534203125 0.393228701171875 0.618467126953125
4 0.592458013671875 0.619600580078125 0.596967548828125 0.629837091796875 0.601681603515625 0.628356638671875 0.601309513671875 0.604909072265625 0.59584159765625 0.604813630859375 0.59260799609375 0.611008138671875 0.592458013671875 0.619600580078125
0 0.503613599609375 0.606329259765625 0.4839489765625 0.613799703125 0.48227763671875 0.620021482421875 0.501642296875 0.629735921875 0.514880619140625 0.632311103515625 0.557088962890625 0.631485115234375 0.567516359375 0.61603974609375 0.567775419921875 0.6011982578125 0.56004591796875 0.596375125 0.53276087109375 0.59277338671875 0.531979740234375 0.592759751953125 0.513972822265625 0.594789546875 0.503613599609375 0.606329259765625
0 0.339381248046875 0.56986370703125 0.34328690234375 0.569931880859375 0.34646596484375 0.56686189453125 0.3792871015625 0.566653421875 0.385713400390625 0.556607794921875 0.385822478515625 0.550358748046875 0.384314755859375 0.547206953125 0.376907646484375 0.54629629296875 0.37261142578125 0.546221302734375 0.348150939453125 0.559858984375 0.339381248046875 0.56986370703125
1 0.626827779296875 0.6202005078125 0.634489107421875 0.628929294921875 0.66652911328125 0.628707185546875 0.671284072265625 0.62488333984375 0.666692728515625 0.619333615234375 0.6573736953125 0.616045474609375 0.63412326171875 0.6140768984375 0.630061380859375 0.614005998046875 0.626895951171875 0.6162948515625 0.626827779296875 0.6202005078125
3 0.697934015625 0.575340900390625 0.70475967578125 0.587180576171875 0.722712052734375 0.588275306640625 0.723588626953125 0.5828210234375 0.718257056640625 0.574914271484375 0.7081432578125 0.572393626953125 0.704237603515625 0.572325453125 0.69875605078125 0.573011140625 0.697934015625 0.575340900390625
3 0.504349873046875 0.564148185546875 0.504240794921875 0.570397234375 0.507283509765625 0.57513855859375 0.526030654296875 0.575465791015625 0.536294435546875 0.569393994140625 0.53571782421875 0.55766339453125 0.531893978515625 0.552908435546875 0.515021548828125 0.55261392578125 0.51080344140625 0.552540298828125 0.506870515625 0.55403438671875 0.504349873046875 0.564148185546875