2 1 0.71171875 0.99609375 0.70546875 0.99609375 0.69765625 0.97265625 0.6546875 0.96328125 0.6453125 0.95 0.6421875 0.94921875 0.64296875 0.8796875 0.6453125 0.8640625 0.653125 0.84765625 0.6671875 0.8453125 0.67109375 0.846875 0.70234375 0.84453125 0.7109375 0.84609375 0.7234375 0.84375 0.728125 0.84453125 0.75078125 0.84921875 0.76328125 0.88515625 0.76875 0.89296875 0.7640625 0.90078125 0.76328125 0.93125 0.76875 0.93828125 0.7734375 0.94609375 0.775 0.96328125 0.77578125 0.97421875 0.76953125 0.98515625 0.76875 0.99296875 0.77421875 1 0.775 1 0.71171875
2 0.17734375 0.64453125 0.1765625 0.66640625 0.16796875 0.68828125 0.16171875 0.715625 0.1609375 0.7328125 0.1640625 0.7453125 0.17578125 0.74921875 0.18125 0.74765625 0.1875 0.73125 0.18984375 0.7140625 0.20703125 0.7171875 0.2140625 0.71484375 0.228125 0.715625 0.24375 0.71953125 0.24453125 0.74453125 0.246875 0.75234375 0.2515625 0.7546875 0.26015625 0.753125 0.26875 0.7234375 0.27109375 0.68203125 0.2671875 0.66015625 0.25625 0.63984375 0.246875 0.634375 0.20859375 0.63515625 0.1875 0.63203125 0.1859375 0.63203125 0.18203125 0.63359375 0.17734375 0.64453125
5 0.25625 0.5484375 0.240625 0.5546875 0.23046875 0.56953125 0.23046875 0.57578125 0.25234375 0.57734375 0.2625 0.5859375 0.26796875 0.58046875 0.2828125 0.5765625 0.284375 0.56875 0.2734375 0.55390625 0.2765625 0.54140625 0.26953125 0.534375 0.26640625 0.534375 0.2609375 0.53828125 0.25625 0.5484375
5 0.26171875 0.60390625 0.2625 0.61171875 0.2765625 0.615625 0.2765625 0.59609375 0.27421875 0.5921875 0.26640625 0.58828125 0.26328125 0.58828125 0.26484375 0.6 0.26171875 0.60390625
5 0.53046875 0.553125 0.52890625 0.565625 0.5328125 0.57109375 0.52578125 0.59453125 0.53515625 0.5921875 0.5609375 0.59375 0.5703125 0.6 0.56875 0.6046875 0.57109375 0.60234375 0.57109375 0.59609375 0.56875 0.590625 0.55625 0.5765625 0.55625 0.57109375 0.56015625 0.565625 0.55703125 0.55625 0.56171875 0.55546875 0.5625 0.54921875 0.55546875 0.54140625 0.54557265625 0.540625 0.54140625 0.540625 0.534375 0.5453125 0.53046875 0.553125
5 0.475 0.6609375 0.45859375 0.671875 0.45625 0.67421875 0.4578125 0.6765625 0.46328125 0.67890625 0.4921875 0.67890625 0.49296875 0.65078125 0.4953125 0.6453125 0.48828125 0.63671875 0.4875 0.6375 0.47734375 0.6515625 0.475 0.6609375
3 0.50546875 0.56171875 0.50625 0.5734375 0.509375 0.57578125 0.5296875 0.575 0.5328125 0.56953125 0.528125 0.56484375 0.5296875 0.55234375 0.51640625 0.5515625 0.515625 0.5515625 0.50859375 0.553125 0.50546875 0.56171875
3 0.70546875 0.58359375 0.725 0.584375 0.72578125 0.58046875 0.71953125 0.5703125 0.70859375 0.56875 0.703125 0.56875 0.69921875 0.571875 0.70546875 0.58359375
1 0.62890625 0.6171875 0.63515625 0.62578125 0.67578125 0.625 0.67578125 0.621875 0.66875 0.615625 0.63854140625 0.61171875 0.634375 0.61171875 0.62890625 0.6140625 0.62890625 0.6171875
4 0.590625 0.6203125 0.59453125 0.628125 0.59921875 0.628125 0.6015625 0.60859375 0.596875 0.603125 0.59375 0.603125 0.590625 0.60546875 0.590625 0.6203125
4 0.3953125 0.6203125 0.403125 0.621875 0.40859375 0.61953125 0.403125 0.6125 0.40078125 0.6125 0.39375 0.61640625 0.3953125 0.6203125
0 0.36015625 0.55703125 0.3484375 0.5625 0.34453125 0.56953125 0.38046875 0.56875 0.38671875 0.5578125 0.38671875 0.55234375 0.38515625 0.54921875 0.37890625 0.54765625 0.3765625 0.54765625 0.36796875 0.55 0.36015625 0.55703125
0 0.5 0.6109375 0.4859375 0.6140625 0.484375 0.6203125 0.50625 0.63046875 0.55703125 0.63125 0.5625 0.62734375 0.56875 0.6171875 0.5703125 0.6046875 0.5578125 0.59453125 0.5390625 0.59375 0.5359375 0.59375 0.5203125 0.59765625 0.5 0.6109375