2 0.912063302734375 0.7100152890625 0.84663518359375 0.703607435546875 0.817099923828125 0.7202861953125 0.8140517421875 0.724549341796875 0.8110730703125 0.75334413671875 0.807413818359375 0.761465439453125 0.8015091796875 0.793751748046875 0.801257572265625 0.810322654296875 0.803733025390625 0.814669669921875 0.837600943359375 0.82557073828125 0.85466070703125 0.822735822265625 0.883898833984375 0.83290360546875 0.8907596484375 0.839527169921875 0.896810486328125 0.841276515625 0.91841616796875 0.84469851953125 0.926216353515625 0.840397029296875 0.937141408203125 0.841336400390625 0.94400222265625 0.84795996484375 0.950824693359375 0.849831525390625 0.9613351328125 0.78347121484375 0.957438630859375 0.778108140625 0.955253130859375 0.76194222265625 0.94328802734375 0.72761661328125 0.93484560546875 0.7159966171875 0.916950046875 0.7107892734375 0.912063302734375 0.7100152890625
3 0.691283193359375 0.61572302734375 0.709924564453125 0.617884541015625 0.71053563671875 0.6140263828125 0.705829158203125 0.60378908984375 0.69527074609375 0.60053482421875 0.68986932421875 0.59967932421875 0.684872892578125 0.601260931640625 0.691283193359375 0.61572302734375
1 0.614587361328125 0.645497984375 0.654062783203125 0.6509592890625 0.654551640625 0.64787276171875 0.648584671875 0.64059978125 0.616086283203125 0.632288587890625 0.612035216796875 0.6316469609375 0.609636453125 0.636803953125 0.614587361328125 0.645497984375
4 0.571742638671875 0.63633908203125 0.578076251953125 0.641297169921875 0.58307986328125 0.624687919921875 0.580199419921875 0.617903794921875 0.575569630859375 0.6171705078125 0.57276587890625 0.619890390625 0.571742638671875 0.63633908203125
0 0.4811022890625 0.60932724609375 0.469161171875 0.609808923828125 0.46574634765625 0.61638696484375 0.490148603515625 0.632116728515625 0.536568708984375 0.638677962890625 0.55314679296875 0.623901927734375 0.554697236328125 0.60911871484375 0.542312787109375 0.60241128125 0.529966681640625 0.600455849609375 0.524404703125 0.5956199765625 0.5197749140625 0.59488669140625 0.505152259765625 0.597316619140625 0.4811022890625 0.60932724609375
2 0.160983064453125 0.587891912109375 0.158256001953125 0.600115802734375 0.15419176171875 0.60579999609375 0.153741248046875 0.613638525390625 0.14613996875 0.626672392578125 0.131785728515625 0.662366345703125 0.12856980859375 0.67767676171875 0.13047253515625 0.690633939453125 0.14541630859375 0.69616475390625 0.156432412109375 0.67655284765625 0.16017553515625 0.662907908203125 0.176540357421875 0.669454783203125 0.182430634765625 0.6672237578125 0.191690212890625 0.66869033203125 0.211790978515625 0.67661991015625 0.212639298828125 0.686246130859375 0.20889617578125 0.6998910703125 0.21063834375 0.708867875 0.212464380859375 0.71232104296875 0.220952328125 0.71366540234375 0.222006732421875 0.716996357421875 0.23664374609375 0.68451114453125 0.24620763671875 0.64410353125 0.247269220703125 0.63240684375 0.238551205078125 0.60255046484375 0.235426333984375 0.597309603515625 0.225234564453125 0.591740443359375 0.191038349609375 0.587906271484375 0.17223641796875 0.581764384765625 0.169149892578125 0.58127552734375 0.1641534609375 0.582857134765625 0.160983064453125 0.587891912109375
4 0.3771309375 0.601560673828125 0.386146087890625 0.604570509765625 0.392036365234375 0.602339486328125 0.3860693984375 0.59506650390625 0.385297765625 0.5949442890625 0.377742009765625 0.597702517578125 0.3771309375 0.601560673828125
5 0.501567248046875 0.535051716796875 0.498962400390625 0.546503974609375 0.502163962890625 0.56124884375 0.500934638671875 0.58399280078125 0.495487693359375 0.5934129375 0.495931025390625 0.60060205078125 0.51014869140625 0.59573501171875 0.519530484375 0.596429953125 0.518231650390625 0.59464226171875 0.52156260546875 0.59358785546875 0.5339470546875 0.600295291015625 0.539348474609375 0.601150791015625 0.5421522265625 0.598430908203125 0.551510033203125 0.5643185625 0.552777703125 0.546326609375 0.5487278203125 0.52195551953125 0.543089150390625 0.507615638671875 0.53894821875 0.503795826171875 0.532775166015625 0.502818111328125 0.514332701171875 0.50938897265625 0.501567248046875 0.535051716796875
0 0.331465658203125 0.545286724609375 0.3711855078125 0.549204765625 0.379963408203125 0.53873022265625 0.38057448046875 0.53487206640625 0.378870658203125 0.530647265625 0.371662373046875 0.528714595703125 0.366646767578125 0.527920203125 0.341542392578125 0.536599875 0.331465658203125 0.545286724609375
5 0.23790651953125 0.50673876171875 0.221695078125 0.519199900390625 0.21949521875 0.533089267578125 0.24032926953125 0.53638905859375 0.244347986328125 0.540980501953125 0.242438080078125 0.543050966796875 0.24901612109375 0.54646579296875 0.255884115234375 0.53806171484375 0.272088376953125 0.54062821875 0.282447884765625 0.535150107421875 0.278956369140625 0.532224140625 0.268153529296875 0.530513138671875 0.2633248359375 0.5210474765625 0.253377494140625 0.5139350546875 0.252200875 0.51137573046875 0.256226771484375 0.500939533203125 0.248311552734375 0.490985013671875 0.245225025390625 0.490496154296875 0.239090318359375 0.494270443359375 0.23790651953125 0.50673876171875
5 0.241575400390625 0.56348003125 0.242263162109375 0.569125880859375 0.245876890625 0.57128021484375 0.24547190234375 0.56884310546875 0.248925072265625 0.567017068359375 0.2485967734375 0.574083966796875 0.26122565234375 0.579248138671875 0.26428101171875 0.5599573515625 0.255754720703125 0.55386098828125 0.253439826171875 0.553494345703125 0.25107940625 0.56340333984375 0.241575400390625 0.56348003125