2 0.939270916015625 0.65839557421875 0.934586271484375 0.658231982421875 0.870453736328125 0.659119330078125 0.84077440234375 0.68075296484375 0.83829575390625 0.6845750390625 0.839629263671875 0.7135454765625 0.8356064140625 0.7392019609375 0.836077353515625 0.770487455078125 0.8398176328125 0.775308423828125 0.876323158203125 0.78205530859375 0.890567947265625 0.7770806640625 0.923923111328125 0.78449926171875 0.936224640625 0.790400923828125 0.957305541015625 0.7911370859375 0.966892951171875 0.785218076171875 0.975481466796875 0.785517994140625 0.983098349609375 0.791256064453125 0.99012531640625 0.791501451171875 0.992415595703125 0.725916427734375 0.988648052734375 0.721876232421875 0.986714708984375 0.71008282421875 0.97439583203125 0.68229222265625 0.966216294921875 0.6702806953125 0.955612640625 0.66052969140625 0.939270916015625 0.65839557421875
2 0.174194109375 0.62933332421875 0.17014399609375 0.65577058203125 0.1543996171875 0.70368780078125 0.152937212890625 0.723179888671875 0.156459369140625 0.734247052734375 0.169596203125 0.738614431640625 0.173581869140625 0.736408435546875 0.179619857421875 0.72020303515625 0.181781240234375 0.703080537109375 0.1988492109375 0.70680346875 0.21532726171875 0.70503371484375 0.23317600390625 0.708783912109375 0.237506201171875 0.71909756640625 0.23542661328125 0.733877744140625 0.237496283203125 0.74176728125 0.240483052734375 0.7457802109375 0.249071568359375 0.74608012890625 0.251223033203125 0.75162734375 0.24866258984375 0.757791740234375 0.2525119296875 0.759489615234375 0.2522491953125 0.744627642578125 0.261120279296875 0.71445010546875 0.263854232421875 0.680931349609375 0.266360146484375 0.676328501953125 0.261739951171875 0.6519336484375 0.25797240625 0.647893451171875 0.25224425390625 0.63284062109375 0.244654634765625 0.62632177734375 0.2056159296875 0.624958515625 0.185424865234375 0.6211265234375 0.180740220703125 0.620962931640625 0.176781818359375 0.622388154296875 0.174194109375 0.62933332421875
5 0 0.718501544921875 0.034904 0.722966708984375 0.038862400390625 0.721541486328125 0.048586138671875 0.711718607421875 0.05367976171875 0.7001705859375 0.065046841796875 0.6880599140625 0.070058669921875 0.678854216796875 0.06650924609375 0.668567828125 0.051783599609375 0.66492669140625 0.04949580859375 0.66328334765625 0.05035837890625 0.660968291015625 0.0706956875 0.63822669921875 0.0968974765625 0.62663406640625 0.10260828125 0.61979795703125 0.116017767578125 0.616357595703125 0.12487893359375 0.608849771484375 0.127630234375 0.59721995703125 0.120122412109375 0.5883587890625 0.1053695 0.585498427734375 0.08880965234375 0.589610501953125 0.08275431640625 0.5839269609375 0.064330267578125 0.581720126953125 0.0601663984375 0.58157472265625 0.05076984375 0.5820283125 0.0467023828125 0.586576630859375 0.033265630859375 0.590797767578125 0.015679623046875 0.60190954296875 0 0.61530615234375 0 0.718501544921875
5 0.567161431640625 0.5914621171875 0.56777861328125 0.596174025390625 0.5854365 0.605389640625 0.599654025390625 0.601195771484375 0.627789158203125 0.601396544921875 0.62808907421875 0.59280803125 0.62456691796875 0.5817408671875 0.6008264296875 0.567622486328125 0.60004565625 0.567595220703125 0.570475384765625 0.5861057578125 0.567161431640625 0.5914621171875
0 0.507386357421875 0.60188234375 0.48982761328125 0.612213345703125 0.481965341796875 0.6135022421875 0.480185671875 0.619693904296875 0.507131052734375 0.631579025390625 0.553977498046875 0.6332149375 0.565480904296875 0.617200396484375 0.565971677734375 0.603146462890625 0.55676598046875 0.598134634765625 0.534287123046875 0.592659298828125 0.532725576171875 0.592604767578125 0.5130698984375 0.5958270078125 0.507386357421875 0.60188234375
0 0.3590591171875 0.5513625234375 0.3479646875 0.555665453125 0.3389671953125 0.5670771484375 0.345322447265625 0.564172173828125 0.378114958984375 0.5653173125 0.386413474609375 0.55153603125 0.385823556640625 0.54604334765625 0.37965916015625 0.543482904296875 0.373412966796875 0.54326478125 0.365523431640625 0.545334451171875 0.3590591171875 0.5513625234375
4 0.391177427734375 0.61658566796875 0.39814986328125 0.618392603515625 0.403697078125 0.61624113671875 0.40232638671875 0.6107211875 0.3992578203125 0.609050580078125 0.396915498046875 0.608968783203125 0.389752205078125 0.612627267578125 0.391177427734375 0.61658566796875
1 0.62546418359375 0.623203689453125 0.63068421484375 0.63042151171875 0.661107138671875 0.632265630859375 0.667407861328125 0.630922205078125 0.669859244140625 0.627880904296875 0.664611947265625 0.621443853515625 0.642105826171875 0.61674929296875 0.638201955078125 0.616612966796875 0.624874265625 0.617711005859375 0.62546418359375 0.623203689453125
4 0.59035661328125 0.62119598046875 0.595494849609375 0.630756125 0.59950778125 0.62776935546875 0.600970185546875 0.608277267578125 0.596367337890625 0.60577135546875 0.5955865625 0.60574408984375 0.590765591796875 0.609484369140625 0.59035661328125 0.62119598046875
3 0.503256935546875 0.563433556640625 0.502957017578125 0.572022072265625 0.505943787109375 0.57603500390625 0.525490404296875 0.575935861328125 0.53343447265625 0.572304642578125 0.53397977734375 0.55668916015625 0.530184966796875 0.55342973828125 0.516131033203125 0.55293896484375 0.511446388671875 0.552775373046875 0.50670721484375 0.554173330078125 0.503256935546875 0.563433556640625
3 0.69868592578125 0.585892611328125 0.703960486328125 0.59154888671875 0.721918291015625 0.59217598828125 0.7221091484375 0.586710568359375 0.716943646484375 0.577931197265625 0.7064577265625 0.576001568359375 0.7013826953125 0.575824345703125 0.696588990234375 0.578783849609375 0.69868592578125 0.585892611328125