2 0 0.76553298828125 0.0023205546875 0.765573494140625 0.00865141015625 0.76099578515625 0.017257486328125 0.76036463671875 0.0280842421875 0.7668045703125 0.05073704296875 0.7671999765625 0.062549451171875 0.761936580078125 0.09232787109375 0.75698678125 0.101701443359375 0.757150396484375 0.110212076171875 0.7619871640625 0.115679994140625 0.762082607421875 0.147020677734375 0.757160078125 0.150227009765625 0.752527830078125 0.152321025390625 0.722090990234375 0.150059439453125 0.71736330078125 0.149632810546875 0.697040259765625 0.151754095703125 0.665041158203125 0.149465240234375 0.661875728515625 0.134088044921875 0.647542677734375 0.1209451640625 0.639499578125 0.05850922265625 0.63528427734375 0.054603568359375 0.63521610546875 0.0342532578125 0.63720499609375 0.025510833984375 0.645647455078125 0.019125439453125 0.6533496875 0.00132699609375 0.688200619140625 0.000409517578125 0.695998294921875 0 0.69639376171875 0 0.76553298828125
3 0.274342853515625 0.5804489921875 0.293117265625 0.579213962890625 0.299570833984375 0.567606076171875 0.291019298828125 0.565112701171875 0.28633251171875 0.565030892578125 0.279261427734375 0.56725157421875 0.2736571640625 0.57496744140625 0.274342853515625 0.5804489921875
1 0.329257767578125 0.612662296875 0.322913275390625 0.618021134765625 0.3220503359375 0.622694287109375 0.362669150390625 0.623403291015625 0.369109083984375 0.61257653515625 0.3644768359375 0.609370203125 0.35998533203125 0.609291802734375 0.346510822265625 0.609056603515625 0.329257767578125 0.612662296875
4 0.403274328125 0.62489342578125 0.405672259765625 0.621809806640625 0.407534484375 0.604652193359375 0.40523199609375 0.602267896484375 0.399764078125 0.602172453125 0.3965304765625 0.608366962890625 0.39857390625 0.625592748046875 0.403274328125 0.62489342578125
3 0.46207335546875 0.568879830078125 0.47291374609375 0.5745386328125 0.49009862890625 0.574838595703125 0.494113361328125 0.568657720703125 0.49202902734375 0.553775328125 0.4694171328125 0.551036529296875 0.468636 0.55102289453125 0.46151037890625 0.55636809765625 0.46207335546875 0.568879830078125
0 0.499626134765625 0.610947873046875 0.492705033203125 0.60457611328125 0.493527068359375 0.602246353515625 0.4849618984375 0.600534111328125 0.46718676953125 0.589284677734375 0.462499984375 0.58920287109375 0.457813197265625 0.5891210625 0.45226347265625 0.59371240625 0.434270189453125 0.5949610703125 0.42872046484375 0.599552412109375 0.427693908203125 0.61359913671875 0.439124544921875 0.630207408203125 0.488335798828125 0.63106639453125 0.513522876953125 0.620566869140625 0.511302197265625 0.613495787109375 0.499626134765625 0.610947873046875
0 0.619875453125 0.57085290625 0.654258853515625 0.570671701171875 0.64968114453125 0.564340845703125 0.625697873046875 0.550638943359375 0.6210110859375 0.550557134765625 0.6131725078125 0.55198305078125 0.613022525390625 0.560575490234375 0.619875453125 0.57085290625
5 0.5923586171875 0.58053039453125 0.5759548671875 0.58024406640625 0.576009404296875 0.57711954296875 0.604171025390625 0.575266998046875 0.60129192578125 0.5611521015625 0.592054701171875 0.55317717578125 0.59005217578125 0.53360799609375 0.58466606640625 0.528825767578125 0.5831038046875 0.528798498046875 0.5752243203125 0.5325678046875 0.56804416015625 0.54103753515625 0.570923259765625 0.555152431640625 0.560550400390625 0.56747327734375 0.558701810546875 0.5838497578125 0.560977029296875 0.587796318359375 0.580546208984375 0.58579379296875 0.582930505859375 0.583491302734375 0.593852705078125 0.5844633203125 0.5923586171875 0.58053039453125
5 0.5605270859375 0.613573640625 0.565118427734375 0.6191233671875 0.567529994140625 0.615258615234375 0.566240427734375 0.5996087265625 0.556181166015625 0.59396355859375 0.555413669921875 0.593168791015625 0.545231697265625 0.594553802734375 0.53968197265625 0.599145146484375 0.535162755859375 0.634227869140625 0.528037134765625 0.639573072265625 0.531847345703125 0.6451091640625 0.55137562109375 0.64545003125 0.55375991796875 0.64314754296875 0.550880818359375 0.62903264453125 0.55349690625 0.6134509296875 0.5605270859375 0.613573640625
5 0.77051498046875 0.62505268359375 0.7750790546875 0.632164669921875 0.781300833984375 0.633836009765625 0.788371916015625 0.631615330078125 0.7915918828125 0.626201951171875 0.803458830078125 0.61781403125 0.808913111328125 0.618690603515625 0.80971183203125 0.6624612109375 0.81390776953125 0.690663734375 0.817636171875 0.700886611328125 0.8199017109375 0.750152404296875 0.818916060546875 0.761855734375 0.80784387890625 0.769476158203125 0.806980939453125 0.774149310546875 0.822467212890625 0.782233314453125 0.843489576171875 0.78650710546875 0.848244537109375 0.782683259765625 0.846037490234375 0.774831044921875 0.8484899609375 0.768622900390625 0.86808641015625 0.76505811328125 0.868331833984375 0.750997755859375 0.875058095703125 0.723767248046875 0.87580800390625 0.680805041015625 0.879959083984375 0.666812857421875 0.88017723828125 0.654314759765625 0.89139940234375 0.63810189453125 0.898306869140625 0.645254787109375 0.89804780859375 0.660096275390625 0.905009814453125 0.664124642578125 0.91054590625 0.660314431640625 0.910023833984375 0.645459306640625 0.91947921484375 0.64093613671875 0.92193168359375 0.6347279921875 0.91125491015625 0.6196956171875 0.913680111328125 0.615049736328125 0.913035326171875 0.607224791015625 0.8927356015625 0.561551056640625 0.86105009765625 0.5414637578125 0.858802146484375 0.5359549375 0.862857783203125 0.527430669921875 0.861513677734375 0.5149053046875 0.85693596875 0.508574447265625 0.846849439453125 0.504491541015625 0.84216265234375 0.504409732421875 0.830350244140625 0.509673130859375 0.82395121484375 0.518156494140625 0.82673487109375 0.53773930859375 0.829763953125 0.543261763671875 0.813210220703125 0.551567876953125 0.807646859375 0.556940349609375 0.784448673828125 0.587790185546875 0.7794482890625 0.605674390625 0.773035625 0.614938884765625 0.77051498046875 0.62505268359375
4 0.59629549609375 0.623574408203125 0.603366578125 0.621353728515625 0.603434751953125 0.61744807421875 0.5972402421875 0.614214470703125 0.594896849609375 0.614173568359375 0.590923021484375 0.618011048828125 0.592417109375 0.62194397265625 0.59629549609375 0.623574408203125