2 0 0.755959712890625 0.01044469921875 0.75181816796875 0.0158828515625 0.752789798828125 0.0211574140625 0.758446072265625 0.0484572421875 0.760181130859375 0.05804465234375 0.75426212109375 0.087124150390625 0.749805515625 0.096493439453125 0.750132697265625 0.103329548828125 0.75584350390625 0.1095757421875 0.756061625 0.144202455078125 0.7494535546875 0.14789812109375 0.733166359375 0.150014890625 0.6949356953125 0.147409833984375 0.679991927734375 0.150461052734375 0.659773595703125 0.13924021484375 0.64531068359375 0.1224721640625 0.63299923828125 0.1053769296875 0.630057080078125 0.0915411171875 0.62332011328125 0.0899795703125 0.623265583984375 0.08445962109375 0.624636275390625 0.08359705078125 0.62695133203125 0.086747412109375 0.626279619140625 0.09054222265625 0.629539041015625 0.042969533203125 0.626314314453125 0.031176126953125 0.628247658203125 0.01504260546875 0.642537060546875 0.0106206953125 0.65723544140625 0 0.67342623046875 0 0.755959712890625
2 0.72707881640625 0.73541209375 0.73232611328125 0.741849142578125 0.73428672265625 0.752861775390625 0.749629552734375 0.7612148203125 0.755875744140625 0.761432943359375 0.761668345703125 0.752254509765625 0.76588205078125 0.721132607421875 0.768306169921875 0.71887208203125 0.772963548828125 0.719816447265625 0.773826119140625 0.717501390625 0.77474570703125 0.64639641796875 0.764677439453125 0.643699646484375 0.75921201953125 0.643508791015625 0.74663783984375 0.645414869140625 0.73998266796875 0.656908359375 0.7336001484375 0.660594107421875 0.7270540390625 0.6689645 0.729178240234375 0.67529248828125 0.72182408984375 0.684416390625 0.724729064453125 0.69077164453125 0.714596349609375 0.712306134765625 0.718435771484375 0.736673724609375 0.72707881640625 0.73541209375
5 0.746494083984375 0.6047600859375 0.74544065625 0.6125405625 0.730814154296875 0.62844604296875 0.73124048046875 0.63862337109375 0.736515041015625 0.644279646484375 0.74825391796875 0.6439078515625 0.749706404296875 0.647085478515625 0.7570332890625 0.638742349609375 0.764922826171875 0.6366726796875 0.771359875 0.631425384765625 0.77609905078125 0.630027427734375 0.7783323125 0.633232318359375 0.772420732421875 0.668203560546875 0.774354076171875 0.67999696875 0.7722373046875 0.7182276328125 0.77441603515625 0.72299407421875 0.773516283203125 0.748759619140625 0.775667748046875 0.75430683203125 0.772852 0.79016791015625 0.85327173046875 0.792976228515625 0.85441687109375 0.760183716796875 0.85159369140625 0.751486140625 0.855071236328125 0.741445138671875 0.8537649921875 0.711693927734375 0.85576278515625 0.69925607421875 0.85977571484375 0.696269302734375 0.8567616796875 0.693037146484375 0.855029111328125 0.653108607421875 0.849999935546875 0.640425365234375 0.8528875625 0.6248916796875 0.851117810546875 0.608413626953125 0.852716541015625 0.585017669921875 0.843193578125 0.56670541796875 0.82639826171875 0.55517474609375 0.82443765234375 0.54416211328125 0.8146147734375 0.534438376953125 0.81047543359375 0.518659302734375 0.806762419921875 0.51305755859375 0.79911826953125 0.50810026171875 0.795995173828125 0.507991201171875 0.783339197265625 0.5122396015625 0.7735063984375 0.525185578125 0.7746044375 0.538513267578125 0.78730502734375 0.555373033203125 0.774567255859375 0.561963755859375 0.767294900390625 0.5687453359375 0.75899638671875 0.5825266171875 0.757970224609375 0.589526318359375 0.7496717109375 0.603307599609375 0.746494083984375 0.6047600859375
5 0.472053236328125 0.561562173828125 0.464354556640625 0.55816642578125 0.460450685546875 0.558030099609375 0.45568424609375 0.560208830078125 0.453931841796875 0.56561971875 0.443427330078125 0.575415333984375 0.44360826953125 0.59261962890625 0.47246964453125 0.594409216796875 0.480867302734375 0.600174552734375 0.484771173828125 0.60031087890625 0.4898920625 0.587982083984375 0.486451701171875 0.574572599609375 0.472053236328125 0.561562173828125
0 0.495374828125 0.610061880859375 0.47327768359375 0.59365570703125 0.46783953125 0.592684076171875 0.46638704296875 0.58950644921875 0.462455908203125 0.5901508984375 0.463345744140625 0.58705506640625 0.46033170703125 0.58382291015625 0.45955093359375 0.58379564453125 0.45378559765625 0.592193302734375 0.43262290234375 0.593799462890625 0.425486873046875 0.596677171875 0.425776873046875 0.61075837109375 0.43234033203125 0.62427691796875 0.437642158203125 0.62915241796875 0.484488603515625 0.63078833203125 0.51141663671875 0.620784513671875 0.509319701171875 0.613675751953125 0.495374828125 0.610061880859375
0 0.612275306640625 0.553169490234375 0.60966033203125 0.560895435546875 0.617839869140625 0.57290696484375 0.653001966796875 0.573353126953125 0.647001162109375 0.566108037109375 0.636233916015625 0.5610416796875 0.6286715625 0.553742060546875 0.621699126953125 0.551935125 0.6193568046875 0.551853330078125 0.612275306640625 0.553169490234375
3 0.272383275390625 0.571005794921875 0.27219241796875 0.57647121484375 0.2854383125 0.577715498046875 0.292547076171875 0.5756185625 0.29839420703125 0.56487858203125 0.293818623046875 0.56159189453125 0.288743591796875 0.561414669921875 0.278148611328125 0.56260813671875 0.272383275390625 0.571005794921875
3 0.490310958984375 0.553600759765625 0.472407685546875 0.551412111328125 0.468503814453125 0.55127578515625 0.462066765625 0.55652308203125 0.488067779296875 0.57306558203125 0.491354466796875 0.568489998046875 0.490310958984375 0.553600759765625
4 0.401054837890625 0.624747857421875 0.403533486328125 0.62092578125 0.405749400390625 0.602241734375 0.403488873046875 0.5998176171875 0.39958500390625 0.599681291015625 0.394682236328125 0.605763890625 0.396370193359375 0.624584265625 0.401054837890625 0.624747857421875
4 0.602122755859375 0.62004341015625 0.595232115234375 0.61589415234375 0.59288979296875 0.615812357421875 0.58717898828125 0.622648466796875 0.5910010625 0.625127115234375 0.600424880859375 0.62389275 0.602122755859375 0.62004341015625
1 0.339918990234375 0.606978421875 0.32731754296875 0.6096652734375 0.322496572265625 0.613405552734375 0.32074416796875 0.61881644140625 0.360536380859375 0.6209877421875 0.3670552265625 0.613398123046875 0.367191552734375 0.60949425390625 0.363369478515625 0.60701560546875 0.359465607421875 0.606879279296875 0.339918990234375 0.606978421875