2 0.938750140625 0.658377388671875 0.933805498046875 0.658204716796875 0.871234509765625 0.659146595703125 0.857688697265625 0.666490828125 0.84158244140625 0.67999945703125 0.839103794921875 0.68382153125 0.840120037109375 0.69949154296875 0.8355791484375 0.739982734375 0.835569232421875 0.762652447265625 0.838283349609375 0.77447312109375 0.872419287109375 0.781918982421875 0.890567947265625 0.7770806640625 0.922388828125 0.78366395703125 0.94169005859375 0.79059178125 0.958113580078125 0.790383578125 0.966112177734375 0.785190810546875 0.975481466796875 0.785517994140625 0.983098349609375 0.791256064453125 0.99012531640625 0.791501451171875 0.99236106640625 0.7274779765625 0.98786727734375 0.721848966796875 0.988112666015625 0.714822 0.9721898359375 0.678306556640625 0.9617225078125 0.66465168359375 0.954078359375 0.65969438671875 0.938750140625 0.658377388671875
2 0.1750294140625 0.627799041015625 0.16922689453125 0.6596471875 0.1607102578125 0.679674662109375 0.154317822265625 0.706030123046875 0.1530462734375 0.72005679296875 0.156459369140625 0.734247052734375 0.167253880859375 0.738532634765625 0.172746564453125 0.73794271875 0.179619857421875 0.72020303515625 0.1801106328125 0.7061491015625 0.182562015625 0.703107802734375 0.1988492109375 0.70680346875 0.20517719921875 0.704679267578125 0.2277651171875 0.7070315078125 0.235463796875 0.710427255859375 0.23822252734375 0.74335609375 0.240483052734375 0.7457802109375 0.248318060546875 0.74527208984375 0.250496791015625 0.75003853125 0.261093015625 0.71523087890625 0.265633904296875 0.6747396875 0.264508599609375 0.662192771484375 0.253724005859375 0.635237474609375 0.2500109921875 0.62963573046875 0.242339576171875 0.62545920703125 0.20093128515625 0.624794923828125 0.18464408984375 0.6210992578125 0.181520994140625 0.620990197265625 0.17756259375 0.622415419921875 0.1750294140625 0.627799041015625
5 0.27494620703125 0.49761303125 0.275454328125 0.505448037109375 0.279194607421875 0.5102690078125 0.26004705078125 0.52132625390625 0.247572013671875 0.54277894921875 0.243177369140625 0.556696556640625 0.242904716796875 0.564504298828125 0.24998621484375 0.56318813671875 0.25653232421875 0.554817744140625 0.259546359375 0.55804990234375 0.258138486328125 0.575980439453125 0.26152431640625 0.590951474609375 0.261732521484375 0.607374994140625 0.28047109765625 0.608029361328125 0.282124359375 0.58307185546875 0.29871147265625 0.578179005859375 0.306873662109375 0.568301595703125 0.309515900390625 0.559794876953125 0.309607615234375 0.53478283984375 0.304605705078125 0.52131882421875 0.290878955078125 0.51145876171875 0.290289037109375 0.505966078125 0.294356498046875 0.501417759765625 0.29452008984375 0.496733115234375 0.293875642578125 0.492801978515625 0.28932732421875 0.488734517578125 0.282300357421875 0.488489130859375 0.27831469140625 0.490695126953125 0.27494620703125 0.49761303125
5 0.5075053359375 0.576089533203125 0.50394599609375 0.588472859375 0.50668737890625 0.599512755859375 0.5113447578125 0.600457123046875 0.5232199609375 0.59618145703125 0.549793544921875 0.59632769921875 0.5518731328125 0.5815475234375 0.54000784765625 0.563153474609375 0.535404998046875 0.560647560546875 0.53228190234375 0.5605385 0.523584326171875 0.5633616796875 0.5075053359375 0.576089533203125
3 0.501559060546875 0.567282896484375 0.505190279296875 0.57522696484375 0.523557060546875 0.564142453125 0.534569693359375 0.56218184375 0.530965740234375 0.55345700390625 0.511446388671875 0.552775373046875 0.507542517578125 0.552639046875 0.505172931640625 0.553338025390625 0.501559060546875 0.567282896484375
3 0.69728796875 0.5811534375 0.703206978515625 0.59074084765625 0.7203567421875 0.59212145703125 0.722136412109375 0.585929794921875 0.7184779296875 0.578766501953125 0.707628888671875 0.576042466796875 0.702944244140625 0.575878875 0.697424294921875 0.57724956640625 0.69728796875 0.5811534375
1 0.624847 0.618491779296875 0.624710673828125 0.622395650390625 0.63068421484375 0.63042151171875 0.672065240234375 0.6318665703125 0.67142079296875 0.62793543359375 0.664611947265625 0.621443853515625 0.639009994140625 0.61585945703125 0.6358868984375 0.615750396484375 0.6272711171875 0.616231251953125 0.624847 0.618491779296875
4 0.590810205078125 0.630592533203125 0.594714076171875 0.630728859375 0.59762896875 0.614414400390625 0.5947512578125 0.607278373046875 0.58850506640625 0.60706025 0.587796169921875 0.627360376953125 0.590810205078125 0.630592533203125
4 0.39042391796875 0.61577762890625 0.399738677734375 0.617666359375 0.4045051171875 0.61548762890625 0.402353650390625 0.6099404140625 0.397723537109375 0.608215275390625 0.396915498046875 0.608968783203125 0.389752205078125 0.612627267578125 0.39042391796875 0.61577762890625
0 0.34144584375 0.563255072265625 0.378142224609375 0.5645365390625 0.386358943359375 0.553097580078125 0.385042783203125 0.54601608203125 0.376508798828125 0.5441546171875 0.371824154296875 0.543991025390625 0.3479646875 0.555665453125 0.34144584375 0.563255072265625
0 0.530492314453125 0.589399876953125 0.53113676171875 0.59333101171875 0.516165728515625 0.59671684375 0.4945667890625 0.610815388671875 0.4827733828125 0.612748732421875 0.480185671875 0.619693904296875 0.50635027734375 0.631551759765625 0.55319672265625 0.633187673828125 0.566261677734375 0.617227662109375 0.5675877578125 0.6016394453125 0.54825926171875 0.59549239453125 0.53888997265625 0.595165212890625 0.53751928125 0.589645263671875 0.53442344921875 0.588755427734375 0.537655607421875 0.585741392578125 0.533751736328125 0.58560506640625 0.53364267578125 0.5887281640625 0.530492314453125 0.589399876953125