2 0 0.775 0.0078125 0.77421875 0.015625 0.76875 0.02578125 0.76953125 0.03359375 0.775 0.05546875 0.775 0.06640625 0.76953125 0.0984375 0.76328125 0.10703125 0.7640625 0.11328125 0.76796875 0.15078125 0.76328125 0.15546875 0.75078125 0.15390625 0.6703125 0.13671875 0.65390625 0.1234375 0.64609375 0.05078125 0.64296875 0.05 0.6421875 0.0359375 0.6453125 0.021875 0.66171875 0.00546875 0.69609375 0.0046875 0.70546875 0 0.709375 0 0.775
2 0.740625 0.64375 0.7390625 0.6515625 0.72890625 0.66953125 0.728125 0.6765625 0.73125 0.72265625 0.73828125 0.746875 0.7375 0.76796875 0.740625 0.76875 0.7421875 0.76640625 0.73984375 0.76015625 0.74140625 0.75546875 0.753125 0.75234375 0.75625 0.74375 0.7546875 0.728125 0.75703125 0.71953125 0.76171875 0.7171875 0.7875 0.71484375 0.79375 0.71796875 0.79609375 0.715625 0.81015625 0.7140625 0.8125 0.73125 0.81875 0.7484375 0.81875 0.76640625 0.8234375 0.765625 0.821875 0.75078125 0.83515625 0.74609375 0.8390625 0.734375 0.83828125 0.71875 0.82890625 0.6796875 0.8234375 0.66640625 0.821875 0.64375 0.81875 0.634375 0.81484375 0.63203125 0.81015625 0.63203125 0.78984375 0.63515625 0.75234375 0.634375 0.746875 0.63671875 0.740625 0.64375
5 0.73203125 0.55703125 0.728125 0.56484375 0.72109375 0.57109375 0.72265625 0.57890625 0.74296875 0.58515625 0.7484375 0.5828125 0.74609375 0.57890625 0.75 0.5765625 0.77265625 0.57578125 0.77265625 0.56328125 0.7703125 0.55859375 0.7578125 0.5484375 0.759375 0.5359375 0.753125 0.53046875 0.75 0.53046875 0.74453125 0.53359375 0.740625 0.53984375 0.74296875 0.5515625 0.73203125 0.55703125
5 0.740625 0.6109375 0.7453125 0.6125 0.74375 0.59921875 0.7375 0.58984375 0.73359375 0.58984375 0.7265625 0.59296875 0.725 0.59609375 0.72734375 0.61484375 0.740625 0.6109375
5 0.48203125 0.54296875 0.47265625 0.56015625 0.46640625 0.56328125 0.46484375 0.57109375 0.45625 0.5875 0.45859375 0.58984375 0.46484375 0.5890625 0.4828125 0.5734375 0.4859375 0.565625 0.49140625 0.5640625 0.49765625 0.5875 0.4984375 0.60546875 0.5015625 0.61015625 0.5171875 0.615625 0.5171875 0.621875 0.51171875 0.628125 0.5109375 0.646875 0.50859375 0.64921875 0.509375 0.659375 0.50625 0.6734375 0.50859375 0.684375 0.50625 0.69765625 0.50859375 0.703125 0.51484375 0.6984375 0.5140625 0.69140625 0.51875 0.6875 0.5328125 0.696875 0.53984375 0.696875 0.54296875 0.69375 0.534375 0.67890625 0.53359375 0.66640625 0.53671875 0.6515625 0.5390625 0.60390625 0.5421875 0.5953125 0.5515625 0.5859375 0.5515625 0.56875 0.54921875 0.56328125 0.5515625 0.55546875 0.546875 0.534375 0.5390625 0.5234375 0.5296875 0.51796875 0.51953125 0.50078125 0.5109375 0.49453125 0.50625 0.49453125 0.503125 0.49609375 0.49765625 0.5078125 0.49609375 0.528125 0.48203125 0.54296875
0 0.43203125 0.5984375 0.43046875 0.6140625 0.4359375 0.625 0.44296875 0.63125 0.490625 0.63125 0.51484375 0.62109375 0.515625 0.6171875 0.51171875 0.61328125 0.5 0.6109375 0.46796875 0.590625 0.46328125 0.590625 0.45859375 0.590625 0.45234375 0.5953125 0.4390625 0.5953125 0.43203125 0.5984375
0 0.6515625 0.56953125 0.65546875 0.5765625 0.659375 0.5765625 0.66015625 0.57109375 0.65625 0.56875 0.65703125 0.5671875 0.63828125 0.55625 0.63203125 0.55 0.6234375 0.54765625 0.6203125 0.54765625 0.61484375 0.54921875 0.6125 0.55390625 0.61953125 0.56875 0.6515625 0.56953125
4 0.60546875 0.61953125 0.60625 0.61640625 0.6 0.61328125 0.5984375 0.61171875 0.5953125 0.6125 0.59140625 0.61875 0.59609375 0.62109375 0.60546875 0.61953125
4 0.4078125 0.62421875 0.409375 0.6171875 0.409375 0.60546875 0.4046875 0.603125 0.40390625 0.603125 0.39921875 0.6078125 0.40078125 0.62734375 0.4046875 0.62734375 0.4078125 0.62421875
1 0.365625 0.62578125 0.3703125 0.61875 0.36953125 0.6125 0.3578125 0.61171875 0.3546875 0.61171875 0.33125 0.615625 0.32578125 0.6203125 0.32421875 0.625 0.365625 0.62578125
3 0.2875 0.58515625 0.2953125 0.5828125 0.30078125 0.571875 0.296875 0.56875 0.29140625 0.56875 0.28046875 0.5703125 0.27421875 0.5796875 0.275 0.584375 0.2875 0.58515625
3 0.47265625 0.56171875 0.475 0.55546875 0.47265625 0.55234375 0.46796875 0.55234375 0.46328125 0.5546875 0.4640625 0.56796875 0.46796875 0.5671875 0.47265625 0.56171875
3 0.49140625 0.56328125 0.48984375 0.56328125 0.484375 0.5671875 0.48203125 0.57421875 0.49296875 0.575 0.49140625 0.56328125