2 0.9277666171875 0.695778439453125 0.911972453125 0.69620051171875 0.859148228515625 0.69050162890625 0.845204291015625 0.69508646484375 0.82720654296875 0.7070447265625 0.821792298828125 0.712676876953125 0.8227856328125 0.723818482421875 0.813576716796875 0.76676632421875 0.810924568359375 0.79477689453125 0.8145298125 0.8038778515625 0.841098484375 0.811862775390625 0.869489896484375 0.81141321875 0.895283142578125 0.819302931640625 0.902466146484375 0.82490759765625 0.91313169921875 0.827791396484375 0.929415658203125 0.829790814453125 0.9378363984375 0.82531493359375 0.94801215625 0.8257772421875 0.95509994921875 0.83215733203125 0.962759005859375 0.83388486328125 0.970756681640625 0.768749021484375 0.966675384765625 0.76352519921875 0.96577726171875 0.75160816796875 0.955532787109375 0.719652740234375 0.94289430859375 0.70078435546875 0.9300928984375 0.6960640703125 0.9277666171875 0.695778439453125
2 0.162039642578125 0.60490745703125 0.158693533203125 0.625748767578125 0.138057380859375 0.67201622265625 0.134996904296875 0.69053125390625 0.137350669921875 0.7034141328125 0.15238315234375 0.709195474609375 0.161647041015625 0.691442126953125 0.165292525390625 0.674573162109375 0.1798352109375 0.677933013671875 0.182651287109375 0.680640134765625 0.189235541015625 0.678300111328125 0.201547158203125 0.680598904296875 0.203587806640625 0.68321081640625 0.2122127109375 0.683482705078125 0.21735506640625 0.68647545703125 0.2187292421875 0.69451535546875 0.216049607421875 0.709928677734375 0.2180087890625 0.719614640625 0.22916413671875 0.7249199296875 0.227150974609375 0.734905267578125 0.23161311328125 0.7370273828125 0.231776046875 0.72287928125 0.247474009765625 0.678366841796875 0.2489836328125 0.659661392578125 0.252833279296875 0.647540197265625 0.250180138671875 0.63068497265625 0.2455138359375 0.623815087890625 0.242384642578125 0.610836998046875 0.2323855625 0.6025252109375 0.1942944453125 0.598635328125 0.17296333984375 0.592867728515625 0.172187912109375 0.592772517578125 0.167249720703125 0.59452753515625 0.162039642578125 0.60490745703125
4 0.387443412109375 0.608970048828125 0.3948983046875 0.60594980859375 0.39168764453125 0.60004576953125 0.387035083984375 0.5994745078125 0.37948498046875 0.603270173828125 0.387443412109375 0.608970048828125
0 0.492479369140625 0.606124501953125 0.47214159765625 0.6114985078125 0.469829060546875 0.6175115 0.495636048828125 0.631699837890625 0.543032287109375 0.636732248046875 0.55492183203125 0.623236876953125 0.556826041015625 0.60772834375 0.549547826171875 0.60289910546875 0.529087357421875 0.596451291015625 0.526761078125 0.596165658203125 0.50544371484375 0.59669668359375 0.492479369140625 0.606124501953125
0 0.338087 0.549385884765625 0.372981201171875 0.553670353515625 0.380517560546875 0.5435760625 0.381088822265625 0.538923501953125 0.380014021484375 0.53485594921875 0.373130390625 0.53322362890625 0.36847783203125 0.532652365234375 0.341950390625 0.5435633125 0.338087 0.549385884765625
3 0.498967421875 0.559694111328125 0.49627404296875 0.568808810546875 0.49861406640625 0.57539306640625 0.51877516015625 0.577868537109375 0.527876115234375 0.574263291015625 0.53007969921875 0.5627271015625 0.526188822265625 0.55595242578125 0.510059947265625 0.553972048828125 0.506027728515625 0.553476955078125 0.501089537109375 0.55523197265625 0.498967421875 0.559694111328125
3 0.693069486328125 0.607140359375 0.70053812109375 0.610418744140625 0.713040158203125 0.61116668359375 0.71448205859375 0.605833908203125 0.710890556640625 0.603031576171875 0.709325958984375 0.59654253125 0.699435833984375 0.59375394140625 0.6947832734375 0.5931826796875 0.6889744453125 0.595617912109375 0.693069486328125 0.607140359375
4 0.57955880859375 0.634133087890625 0.58140903515625 0.6382958515625 0.585190958984375 0.639547330078125 0.588863927734375 0.63527561328125 0.591244189453125 0.6158899453125 0.589108330078125 0.6140534609375 0.58445576953125 0.61348219921875 0.580878009765625 0.616978490234375 0.57955880859375 0.634133087890625
1 0.61356862890625 0.6327991484375 0.61804451171875 0.641219888671875 0.6569110546875 0.645204982421875 0.658162533203125 0.641423060546875 0.65340101953125 0.635328599609375 0.630614271484375 0.628595154296875 0.627512564453125 0.6282143125 0.614139890625 0.628146587890625 0.61356862890625 0.6327991484375
5 0.5585535703125 0.600069287109375 0.5611792265625 0.60432726171875 0.57242978515625 0.608857125 0.5751506484375 0.612339673828125 0.584931822265625 0.609605064453125 0.61846558984375 0.612148259765625 0.619512904296875 0.60361856640625 0.6163837109375 0.5906404765625 0.598330990234375 0.5774042421875 0.592127576171875 0.57664255859375 0.560090681640625 0.593961083984375 0.5585535703125 0.600069287109375
5 0 0.677400091796875 0.01792121875 0.682453103515625 0.02043791796875 0.681187880859375 0.05601134375 0.641477193359375 0.05346715625 0.63014516796875 0.036298814453125 0.622527341796875 0.059411431640625 0.6009645859375 0.08661908984375 0.590924275390625 0.093679396484375 0.584707119140625 0.109759193359375 0.581958767578125 0.11769013671875 0.57506139453125 0.120084140625 0.5619743515625 0.11309155859375 0.554818833984375 0.096998017578125 0.551268560546875 0.082469076171875 0.554207333984375 0.077802771484375 0.547337447265625 0.0594781640625 0.5427261171875 0.058607525390625 0.543406333984375 0.0452348515625 0.543338609375 0.03836496484375 0.548004912109375 0.0254820859375 0.5503586796875 0 0.56646119140625 0 0.677400091796875