2 0.93511687890625 0.680798427734375 0.9185687890625 0.681703359375 0.86557785546875 0.67785148828125 0.8567444453125 0.6802156015625 0.834301064453125 0.69472098046875 0.829864955078125 0.700606744140625 0.827919615234375 0.731805919921875 0.824086794921875 0.748723744140625 0.821363177734375 0.779854828125 0.82494339453125 0.7927158046875 0.855597845703125 0.800887361328125 0.870015376953125 0.797443326171875 0.877798146484375 0.79812423046875 0.906185857421875 0.80531323828125 0.9204283984375 0.812833173828125 0.941441880859375 0.814671615234375 0.9513259296875 0.809262484375 0.959886978515625 0.810011478515625 0.9671931171875 0.816140322265625 0.974197609375 0.81675313671875 0.98005338671875 0.7498213046875 0.975860357421875 0.743964822265625 0.976336990234375 0.7385168828125 0.962210873046875 0.702774701171875 0.948853505859375 0.6851371640625 0.93589515625 0.680866517578125 0.93511687890625 0.680798427734375
2 0.1756253203125 0.60415648046875 0.17075138671875 0.60608276953125 0.166889283203125 0.614371455078125 0.160478552734375 0.6428272578125 0.144008783203125 0.68765616015625 0.14186869921875 0.703153611328125 0.14467063671875 0.715946498046875 0.155294154296875 0.72001287109375 0.161724642578125 0.718222763671875 0.169585029296875 0.7000888359375 0.171588935546875 0.686147939453125 0.188438669921875 0.690759037109375 0.206543314453125 0.68999028515625 0.22034803125 0.693550744140625 0.224813421875 0.6962941171875 0.22633116796875 0.70583771484375 0.223480896484375 0.720488798828125 0.225845009765625 0.729322208984375 0.2279755703125 0.731861310546875 0.236536619140625 0.732610306640625 0.236974443359375 0.73656978125 0.239207138671875 0.73794146875 0.23971781640625 0.732104390625 0.25385275390625 0.687071216796875 0.256712552734375 0.654383578125 0.254114884765625 0.639255861328125 0.24992185546875 0.63339937890625 0.246341638671875 0.62053840234375 0.23690494140625 0.611870455078125 0.1924750546875 0.608767578125 0.17796015234375 0.604360751953125 0.1756253203125 0.60415648046875
5 0.262869267578125 0.530228974609375 0.26056371875 0.538653841796875 0.286178771484375 0.541679103515625 0.294058916015625 0.550210869140625 0.302824236328125 0.548625033203125 0.3039817734375 0.535394322265625 0.299856833984375 0.5287595625 0.29861144921875 0.516102857421875 0.29343587109375 0.512513115234375 0.288766208984375 0.51210457421875 0.2732980390625 0.518593626953125 0.262869267578125 0.530228974609375
5 0.305032412109375 0.5323493046875 0.307698169921875 0.546698744140625 0.2869475234375 0.559783748046875 0.284943619140625 0.573724646484375 0.323789384765625 0.577907443359375 0.333663908203125 0.5905348671875 0.34814952734375 0.5863125546875 0.350756720703125 0.583403716796875 0.350017251953125 0.5739282109375 0.335745427734375 0.557779138671875 0.323837716796875 0.550463474609375 0.32692154296875 0.542106697265625 0.326250166015625 0.5318529140625 0.322057134765625 0.525996431640625 0.315967099609375 0.523895154296875 0.315188822265625 0.523827064453125 0.30777578515625 0.527883912109375 0.305032412109375 0.5323493046875
0 0.338488802734375 0.55331374609375 0.340551271484375 0.556631126953125 0.3748635546875 0.558848828125 0.379027302734375 0.556076171875 0.384076224609375 0.543185912109375 0.382860123046875 0.539158345703125 0.375213533203125 0.536920888671875 0.372878701171875 0.5367166171875 0.362488736328125 0.538944548828125 0.338488802734375 0.55331374609375
4 0.38522494140625 0.61073055859375 0.391314978515625 0.6128318359375 0.396967189453125 0.61097363671875 0.39794973828125 0.608706896484375 0.39446689453125 0.60369678125 0.391353787109375 0.603424419921875 0.38400883984375 0.6067029921875 0.38522494140625 0.61073055859375
0 0.499641203125 0.602703294921875 0.491926521484375 0.601244115234375 0.47435707421875 0.613823203125 0.473948533203125 0.618492865234375 0.497900134765625 0.631567638671875 0.546153314453125 0.63578924609375 0.552009796875 0.631596216796875 0.558342912109375 0.62195524609375 0.560551087890625 0.605679517578125 0.553176859375 0.600328951171875 0.535344576171875 0.59798459375 0.52868053515625 0.59348039453125 0.52783416796875 0.59419058203125 0.509865703125 0.593402779296875 0.499641203125 0.602703294921875
3 0.50105134375 0.559693783203125 0.498677705078125 0.568896927734375 0.5020243671875 0.57546359765625 0.519924740234375 0.577029677734375 0.5305189765625 0.572466912109375 0.532386701171875 0.560082568359375 0.528835767578125 0.555850732421875 0.51178176171875 0.55357446484375 0.507890375 0.553234013671875 0.50301644140625 0.555160302734375 0.50105134375 0.559693783203125
3 0.696691017578125 0.600337064453125 0.705826072265625 0.60348898046875 0.716790041015625 0.603663970703125 0.718044951171875 0.59828412109375 0.714357837890625 0.595608837890625 0.713277916015625 0.590024716796875 0.704142861328125 0.58687280078125 0.70180803125 0.586668529296875 0.6923325234375 0.587407998046875 0.696691017578125 0.600337064453125
1 0.618065978515625 0.629533041015625 0.622901103515625 0.63701416796875 0.62750267578125 0.638200986328125 0.662661328125 0.639708501953125 0.663711966796875 0.636663484375 0.65803047265625 0.62989254296875 0.641248828125 0.62450316796875 0.6396922734375 0.62436698828125 0.620235345703125 0.6226647265625 0.618065978515625 0.629533041015625
4 0.58696417578125 0.6354385625 0.5908555625 0.635779013671875 0.595165015625 0.61341325 0.590699625 0.610669875 0.58680823828125 0.610329423828125 0.58419151953125 0.631274814453125 0.58696417578125 0.6354385625