2 0 0.775 0.00703125 0.77421875 0.01484375 0.76875 0.02578125 0.76953125 0.0328125 0.775 0.0546875 0.775 0.06640625 0.76953125 0.0984375 0.76328125 0.1046875 0.76328125 0.11875 0.76875 0.15234375 0.7625 0.15546875 0.7515625 0.15625 0.72734375 0.15234375 0.6859375 0.1546875 0.671875 0.15234375 0.66796875 0.14296875 0.65859375 0.1234375 0.64609375 0.0515625 0.6421875 0.04921875 0.6421875 0.034375 0.646875 0.02109375 0.6625 0.00625 0.69453125 0.0046875 0.7046875 0 0.709375 0 0.775
2 0.72890625 0.66875 0.73046875 0.69765625 0.728125 0.703125 0.7328125 0.73125 0.73828125 0.74765625 0.7375 0.76484375 0.73984375 0.76796875 0.74140625 0.76171875 0.73828125 0.759375 0.74140625 0.75859375 0.74140625 0.75546875 0.75078125 0.7546875 0.753125 0.75234375 0.75625 0.74375 0.75625 0.71953125 0.76171875 0.7171875 0.77265625 0.71484375 0.7875 0.71484375 0.79375 0.7171875 0.81015625 0.7140625 0.8125 0.73125 0.81953125 0.74921875 0.83515625 0.74609375 0.8390625 0.73359375 0.83828125 0.71796875 0.82421875 0.6671875 0.821875 0.64296875 0.81875 0.634375 0.81484375 0.63203125 0.8109375 0.63203125 0.79140625 0.63515625 0.75234375 0.634375 0.7421875 0.6421875 0.72890625 0.66875
5 0.690625 0.5609375 0.69375 0.5671875 0.69765625 0.56875 0.71328125 0.56796875 0.7171875 0.565625 0.7171875 0.5625 0.73359375 0.56015625 0.7359375 0.5578125 0.73046875 0.53671875 0.72109375 0.5265625 0.7109375 0.52265625 0.71015625 0.521875 0.703125 0.52578125 0.703125 0.5359375 0.6984375 0.55078125 0.690625 0.5609375
5 0.6609375 0.5703125 0.6515625 0.58203125 0.6453125 0.58515625 0.64140625 0.5921875 0.64375 0.59921875 0.65703125 0.60546875 0.6640625 0.6015625 0.67109375 0.5921875 0.70234375 0.59296875 0.70703125 0.590625 0.7078125 0.5796875 0.68984375 0.56328125 0.6890625 0.54921875 0.6828125 0.54140625 0.67578125 0.54140625 0.66875 0.54921875 0.67265625 0.56015625 0.67109375 0.56484375 0.6609375 0.5703125
0 0.653125 0.56953125 0.65625 0.5671875 0.6390625 0.55703125 0.63203125 0.55 0.62421875 0.54765625 0.61875 0.54765625 0.6140625 0.55 0.61328125 0.5578125 0.6203125 0.56875 0.653125 0.56953125
0 0.43046875 0.615625 0.4375 0.62734375 0.44296875 0.63125 0.4921875 0.63046875 0.515625 0.61953125 0.515625 0.61640625 0.5078125 0.61171875 0.5046875 0.60625 0.49453125 0.60625 0.48515625 0.59921875 0.48046875 0.5921875 0.47734375 0.59375 0.4640625 0.590625 0.46171875 0.590625 0.45390625 0.5953125 0.4375 0.5953125 0.43046875 0.6 0.43046875 0.615625
3 0.47265625 0.575 0.49140625 0.575 0.4953125 0.56875 0.4921875 0.55390625 0.48828125 0.55234375 0.4840625 0.55234375 0.4671875 0.55234375 0.4625 0.55703125 0.46328125 0.56953125 0.47265625 0.575
3 0.29375 0.58359375 0.29921875 0.5765625 0.3 0.5703125 0.29296875 0.56875 0.2859375 0.56875 0.2796875 0.57109375 0.275 0.57890625 0.2765625 0.584375 0.29375 0.58359375
1 0.3328125 0.6265625 0.365625 0.62578125 0.3703125 0.6171875 0.3703125 0.61328125 0.36640625 0.61171875 0.36197890625 0.61171875 0.33203125 0.61484375 0.325 0.621875 0.32734375 0.62578125 0.3328125 0.6265625
4 0.40234375 0.62578125 0.4046875 0.61796875 0.40390625 0.60234375 0.4 0.60234375 0.3953125 0.6046875 0.39609375 0.6234375 0.3984375 0.6265625 0.40234375 0.62578125
4 0.60546875 0.61953125 0.60625 0.61640625 0.59921875 0.6125 0.596875 0.6125 0.590625 0.61796875 0.59140625 0.61953125 0.5984375 0.621875 0.60546875 0.61953125