2 0 0.775 0.0078125 0.77421875 0.015625 0.76875 0.02578125 0.76953125 0.0328125 0.775 0.05625 0.775 0.06640625 0.76953125 0.1 0.76328125 0.11953125 0.76875 0.15234375 0.7625 0.15546875 0.75078125 0.153125 0.7078125 0.153125 0.68203125 0.15546875 0.67265625 0.15078125 0.665625 0.1234375 0.64609375 0.06015625 0.64296875 0.05546875 0.64296875 0.03671875 0.6453125 0.02734375 0.6546875 0.0046875 0.696875 0.00390625 0.70390625 0 0.70703125 0 0.775
2 0.740625 0.64453125 0.7328125 0.66015625 0.72734375 0.68359375 0.7296875 0.6890625 0.72890625 0.7078125 0.73125 0.7234375 0.7390625 0.7578125 0.74140625 0.7578125 0.7421875 0.75390625 0.74921875 0.7546875 0.753125 0.75234375 0.75703125 0.71953125 0.77265625 0.71484375 0.7875 0.71484375 0.79296875 0.71796875 0.8109375 0.7140625 0.8125 0.73125 0.81796875 0.74765625 0.82109375 0.75 0.83515625 0.74609375 0.8390625 0.734375 0.83671875 0.709375 0.82421875 0.6671875 0.82109375 0.640625 0.81875 0.634375 0.81484375 0.63203125 0.81015625 0.63203125 0.78984375 0.63515625 0.75625 0.63359375 0.74609375 0.6375 0.740625 0.64453125
5 0.72734375 0.54609375 0.7234375 0.54453125 0.721875 0.55390625 0.71484375 0.56640625 0.71953125 0.57734375 0.73203125 0.5796875 0.7375 0.58671875 0.73671875 0.58984375 0.72734375 0.5921875 0.7234375 0.59609375 0.7234375 0.615625 0.7375 0.6125 0.7453125 0.61328125 0.74609375 0.60234375 0.740625 0.5984375 0.7375 0.60078125 0.73671875 0.59453125 0.7375 0.5875 0.74375 0.584375 0.74921875 0.5765625 0.771875 0.575 0.76953125 0.5625 0.7625 0.5546875 0.74921875 0.54609375 0.75 0.5375 0.7421875 0.53046875 0.7390625 0.53046875 0.73203125 0.5359375 0.73515625 0.5515625 0.73046875 0.55625 0.72734375 0.54609375
5 0.43203125 0.58671875 0.428125 0.5984375 0.43828125 0.59453125 0.45078125 0.59453125 0.459375 0.58984375 0.46640625 0.58984375 0.48359375 0.59765625 0.5046875 0.59921875 0.50546875 0.59453125 0.4890625 0.5875 0.48828125 0.5828125 0.47890625 0.58359375 0.47265625 0.578125 0.46953125 0.57265625 0.4734375 0.5671875 0.47421875 0.54765625 0.4703125 0.54296875 0.45703125 0.53828125 0.45625 0.5375 0.4453125 0.5453125 0.4453125 0.5703125 0.4421875 0.57890625 0.43203125 0.58671875
0 0.6203125 0.56875 0.65546875 0.56796875 0.64921875 0.5609375 0.6390625 0.55625 0.63359375 0.55078125 0.6234375 0.54765625 0.62109375 0.54765625 0.61484375 0.54921875 0.61328125 0.55234375 0.61328125 0.5578125 0.6203125 0.56875
0 0.43125 0.61640625 0.44140625 0.63046875 0.48984375 0.63125 0.515625 0.61953125 0.51328125 0.6140625 0.50078125 0.6109375 0.48359375 0.5984375 0.4671875 0.590625 0.46328125 0.590625 0.45234375 0.5953125 0.4390625 0.5953125 0.43125 0.60078125 0.43125 0.61640625
3 0.29453125 0.58359375 0.30078125 0.571875 0.296875 0.56875 0.29140625 0.56875 0.28125 0.5703125 0.27421875 0.5796875 0.27421875 0.58359375 0.29453125 0.58359375
3 0.49140625 0.575 0.49375 0.57265625 0.49453125 0.56015625 0.49140625 0.5515625 0.48671875 0.5515625 0.47734375 0.55234375 0.475 0.5546875 0.471875 0.575 0.49140625 0.575
4 0.40625 0.62734375 0.409375 0.615625 0.409375 0.60625 0.4046875 0.603125 0.40390625 0.603125 0.4 0.60546875 0.3984375 0.61171875 0.40078125 0.628125 0.40625 0.62734375
4 0.60546875 0.61953125 0.60625 0.61640625 0.59921875 0.6125 0.596875 0.6125 0.59375 0.6140625 0.59296875 0.61953125 0.5984375 0.621875 0.60546875 0.61953125
1 0.3640625 0.62578125 0.37109375 0.61640625 0.36796875 0.61171875 0.35078125 0.61171875 0.34921875 0.61171875 0.33125 0.61484375 0.3234375 0.621875 0.32421875 0.625 0.3640625 0.62578125