2 0 0.775 0.00859375 0.77421875 0.015625 0.76875 0.02421875 0.76875 0.03671875 0.775 0.05703125 0.775 0.0671875 0.76875 0.09921875 0.76328125 0.1203125 0.76796875 0.1515625 0.7625 0.15390625 0.7578125 0.15546875 0.73046875 0.15546875 0.725 0.153125 0.7234375 0.1546875 0.67421875 0.15 0.66484375 0.1453125 0.66328125 0.13359375 0.6515625 0.1203125 0.64609375 0.078125 0.64609375 0.05546875 0.64296875 0.051171875 0.64296875 0.0359375 0.64609375 0.02578125 0.65625 0.021875 0.66171875 0.0203125 0.6703125 0.0109375 0.684375 0.00546875 0.703125 0 0.70625 0 0.775
2 0.75078125 0.7546875 0.753125 0.75234375 0.75625 0.74296875 0.75546875 0.72734375 0.75859375 0.71796875 0.77890625 0.71484375 0.79453125 0.71640625 0.81015625 0.7140625 0.81171875 0.728125 0.81796875 0.74765625 0.82109375 0.75 0.8359375 0.7453125 0.8390625 0.734375 0.8375 0.71171875 0.82421875 0.6671875 0.821875 0.6421875 0.81796875 0.63359375 0.8140625 0.63203125 0.81015625 0.63203125 0.79375 0.63515625 0.75703125 0.63359375 0.7484375 0.6359375 0.74296875 0.64140625 0.73984375 0.6515625 0.7328125 0.659375 0.728125 0.68359375 0.73125 0.7234375 0.7390625 0.753125 0.75078125 0.7546875
5 0.6890625 0.5828125 0.6921875 0.55078125 0.69453125 0.54765625 0.70703125 0.55859375 0.71484375 0.5578125 0.7046875 0.54375 0.6953125 0.521875 0.68984375 0.515625 0.6859375 0.49765625 0.68125 0.49375 0.67421875 0.49375 0.66875 0.5046875 0.6546875 0.521875 0.65078125 0.54296875 0.65078125 0.553125 0.6609375 0.5703125 0.665625 0.57421875 0.66640625 0.57890625 0.6640625 0.5828125 0.66796875 0.58515625 0.6890625 0.5828125
5 0.3953125 0.60625 0.4015625 0.603125 0.40546875 0.615625 0.4140625 0.6171875 0.415625 0.61015625 0.41171875 0.5953125 0.4125 0.58125 0.4265625 0.57734375 0.428125 0.56875 0.425 0.55546875 0.41640625 0.5375 0.40390625 0.52578125 0.4109375 0.5125 0.4109375 0.50625 0.40625 0.5 0.396875 0.4953125 0.39609375 0.4953125 0.38984375 0.496875 0.3859375 0.50078125 0.378125 0.528125 0.36953125 0.54609375 0.36953125 0.56796875 0.3734375 0.575 0.37265625 0.6 0.37734375 0.615625 0.3921875 0.61640625 0.3953125 0.60625
3 0.465625 0.553125 0.4625 0.5578125 0.4640625 0.5703125 0.47265625 0.57421875 0.490625 0.575 0.49453125 0.56484375 0.4921875 0.553125 0.48984375 0.55234375 0.4853125 0.55234375 0.465625 0.553125
3 0.28046875 0.5703125 0.275 0.57890625 0.275 0.584375 0.28671875 0.58515625 0.2953125 0.5828125 0.30078125 0.57265625 0.30078125 0.5703125 0.296875 0.56875 0.29140625 0.56875 0.28046875 0.5703125
0 0.46875 0.59296875 0.46484375 0.59296875 0.43828125 0.5953125 0.43125 0.59921875 0.4296875 0.61484375 0.4421875 0.63125 0.4921875 0.63046875 0.515625 0.61953125 0.5125 0.61328125 0.5046875 0.6125 0.484375 0.596875 0.46875 0.59296875
0 0.62265625 0.54765625 0.621875 0.54765625 0.6140625 0.54921875 0.6125 0.553125 0.61328125 0.55859375 0.6203125 0.56875 0.65859375 0.57109375 0.6578125 0.5671875 0.65234375 0.5625 0.6390625 0.55625 0.63359375 0.55078125 0.62265625 0.54765625
1 0.340625 0.61328125 0.33125 0.61640625 0.3265625 0.621875 0.33046875 0.62578125 0.365625 0.62578125 0.3703125 0.61796875 0.36953125 0.61328125 0.365625 0.61171875 0.3611328125 0.61171875 0.340625 0.61328125
4 0.3953125 0.625 0.39765625 0.628125 0.40234375 0.62734375 0.40546875 0.6203125 0.40546875 0.60546875 0.4015625 0.60234375 0.3984375 0.60234375 0.39453125 0.60625 0.3953125 0.625
4 0.60625 0.61640625 0.59921875 0.6125 0.596875 0.6125 0.59140625 0.61953125 0.596875 0.621875 0.6046875 0.6203125 0.60625 0.61640625