3 0.712222462890625 0.560963173828125 0.732587015625 0.560393880859375 0.732792345703125 0.55487342578125 0.728662505859375 0.552950830078125 0.72567829296875 0.546980056640625 0.712565203125 0.54678719140625 0.70842162109375 0.54722269921875 0.705640392578125 0.55065723046875 0.712222462890625 0.560963173828125
3 0.512503802734375 0.559173404296875 0.51184815234375 0.56788340234375 0.515609337890625 0.573772513671875 0.53503359375 0.57173094140625 0.543171951171875 0.566947798828125 0.542397326171875 0.552103701171875 0.53732719140625 0.548708828125 0.523924455078125 0.55011751171875 0.519456875 0.55058707421875 0.514263072265625 0.553489625 0.512503802734375 0.559173404296875
0 0.522476056640625 0.594260732421875 0.519939814453125 0.60002617578125 0.5063626640625 0.605380958984375 0.49654669921875 0.6166248515625 0.49703667578125 0.621286671875 0.52304300390625 0.629551044921875 0.57191046484375 0.623629314453125 0.581236455078125 0.607723599609375 0.578744564453125 0.59148888671875 0.57212048828125 0.58825733984375 0.5533915390625 0.58944027734375 0.547626095703125 0.586904037109375 0.541410333984375 0.58755733984375 0.52828350390625 0.589722578125 0.522476056640625 0.594260732421875
0 0.366883716796875 0.571336478515625 0.35719141796875 0.576282947265625 0.350851990234375 0.58323367578125 0.35179228515625 0.584705953125 0.38830988671875 0.580867798828125 0.39346403125 0.5701138828125 0.392810728515625 0.56389812109375 0.391707107421875 0.56087190234375 0.38532801953125 0.559971265625 0.382220138671875 0.560297916015625 0.37244617578125 0.5644674140625 0.366883716796875 0.571336478515625
2 0.19438225 0.6790201953125 0.18914644140625 0.688997140625 0.19171999609375 0.706008822265625 0.18782810546875 0.75119441796875 0.191710611328125 0.76571186328125 0.19772104296875 0.770579015625 0.209375595703125 0.769354072265625 0.212075162109375 0.7651425703125 0.212856826171875 0.73520938671875 0.2165783515625 0.733247130859375 0.233097708984375 0.740937517578125 0.26560679296875 0.7438051015625 0.270634923828125 0.75427437109375 0.271409546875 0.76911846875 0.274475423828125 0.7758662109375 0.276356015625 0.778810765625 0.28825555859375 0.779916734375 0.293454052734375 0.7471626640625 0.293743392578125 0.727493419921875 0.289986900390625 0.6917527890625 0.285980728515625 0.683532767578125 0.267909775390625 0.661079947265625 0.2614490234375 0.65940233984375 0.2396121953125 0.6609119296875 0.208904388671875 0.645286169921875 0.2057965078125 0.645612822265625 0.197084162109375 0.659882931640625 0.19438225 0.6790201953125
2 1 0.62273929296875 0.991469697265625 0.609382888671875 0.976791271484375 0.596785693359375 0.962397494140625 0.5943707734375 0.961702185546875 0.59522940625 0.8904659140625 0.60507330078125 0.86531352734375 0.627355755859375 0.861386671875 0.63483846484375 0.866125462890625 0.664976978515625 0.8689393125 0.714171091796875 0.874049107421875 0.72541733203125 0.911915318359375 0.7269363046875 0.91841807421875 0.721539517578125 0.924552171875 0.72010924609375 0.95620262109375 0.722281521484375 0.97394926953125 0.726700701171875 0.991819583984375 0.724822455078125 0.9997946171875 0.718485373046875 1 0.718448841796875 1 0.62273929296875
1 0.6475635703125 0.61096453125 0.677947072265625 0.608556650390625 0.684858142578125 0.60704471484375 0.686862400390625 0.603691845703125 0.679911673828125 0.597352416015625 0.663186984375 0.595182484375 0.646404427734375 0.59694640234375 0.642208787109375 0.5973873828125 0.64036785546875 0.60229419140625 0.6475635703125 0.61096453125
4 0.606262828125 0.606664328125 0.609492029296875 0.61496601171875 0.615094146484375 0.6159483125 0.615056833984375 0.5931711875 0.610150025390625 0.59133025390625 0.607042142578125 0.59165690625 0.605037884765625 0.595009775390625 0.606262828125 0.606664328125
4 0.4076034375 0.629900931640625 0.4208119296875 0.628512662109375 0.418686349609375 0.623237197265625 0.415415142578125 0.622009908203125 0.413084232421875 0.622254896484375 0.406499814453125 0.626874712890625 0.4076034375 0.629900931640625
5 0.10926563671875 0.541853390625 0.10652406640625 0.553139287109375 0.107830671875 0.565570810546875 0.10181789453125 0.575629419921875 0.1016942265625 0.58192684375 0.084271884765625 0.595541306640625 0.070078744140625 0.617457453125 0.0452063125 0.679773705078125 0.0582491328125 0.691757255859375 0.058739111328125 0.696419076171875 0.053829955078125 0.709503904296875 0.054646583984375 0.71727360546875 0.057304146484375 0.720136498046875 0.06515551171875 0.72009683984375 0.068795373046875 0.717357615234375 0.073172546875 0.706685361328125 0.074441841796875 0.696339759765625 0.08086293359375 0.690166001953125 0.094731767578125 0.65021621484375 0.09853495703125 0.649030931640625 0.101274181640625 0.65267079296875 0.106292927734375 0.722843103515625 0.11426326953125 0.746357541015625 0.11336028515625 0.767662388671875 0.117893748046875 0.80332135546875 0.125292447265625 0.821397001953125 0.180457333984375 0.8155989375 0.180093369140625 0.789713931640625 0.1875831171875 0.7488635078125 0.189470748046875 0.70703078125 0.180849451171875 0.662374822265625 0.169281251953125 0.63452521484375 0.170877197265625 0.627287494140625 0.174762048828125 0.626879181640625 0.179871841796875 0.638125419921875 0.18866350390625 0.6395580390625 0.191402728515625 0.64319790234375 0.207105458984375 0.643118583984375 0.2170007421875 0.647577421875 0.21961864453125 0.64258894921875 0.2162261171875 0.63273332421875 0.20943871484375 0.6279478359375 0.20056773828125 0.610812486328125 0.1890368515625 0.60574000390625 0.17215118359375 0.587090373046875 0.161929248046875 0.579523654296875 0.1449595703125 0.5750228125 0.151791322265625 0.557808146484375 0.150484716796875 0.545376623046875 0.143452326171875 0.538260224609375 0.127259619140625 0.53367771875 0.122597798828125 0.534167697265625 0.114991421875 0.536538265625 0.10926563671875 0.541853390625
5 0.25966886328125 0.537828673828125 0.2541460625 0.552549103515625 0.254384013671875 0.599657294921875 0.259699138671875 0.605383080078125 0.267877154296875 0.608451302734375 0.27360059375 0.6180619375 0.27502851953125 0.639121796875 0.29220352734375 0.63810218359375 0.29645703515625 0.63372735546875 0.295600748046875 0.6181062890625 0.309833546875 0.6040415078125 0.314990037109375 0.57836183203125 0.311352521484375 0.566175296875 0.2988020234375 0.543927806640625 0.28669949609375 0.533416533203125 0.278768814453125 0.5177534609375 0.26997715234375 0.516320841796875 0.266092302734375 0.51672915625 0.259752873046875 0.523679884765625 0.25966886328125 0.537828673828125