2 0.081886830078125 0.7918135234375 0.10968707421875 0.784880318359375 0.119829404296875 0.78434878125 0.12709634375 0.78866187109375 0.13489813671875 0.78825299609375 0.16503891796875 0.78119712890625 0.169106681640625 0.769249115234375 0.16853757421875 0.743462310546875 0.16255141796875 0.7038776015625 0.164196869140625 0.690491890625 0.1591478046875 0.6837156015625 0.14445037890625 0.67196870703125 0.129998275390625 0.664902888671875 0.0596185859375 0.66546204296875 0.057278048828125 0.665584705078125 0.04417855078125 0.669400509765625 0.03025466796875 0.68734131640625 0.024871869140625 0.704052181640625 0.01702587109375 0.718545171875 0.01529864453125 0.7303705234375 0.011602185546875 0.734475857421875 0.01507762109375 0.800791099609375 0.022838525390625 0.799602046875 0.029573927734375 0.7937728046875 0.038976966796875 0.794062333984375 0.04706497265625 0.79911471484375 0.069690173828125 0.797928978515625 0.081886830078125 0.7918135234375
2 0.7689485546875 0.705737525390625 0.783567525390625 0.701059767578125 0.807013791015625 0.700613322265625 0.818593818359375 0.69765947265625 0.8218780859375 0.700616640625 0.825159037109375 0.718438103515625 0.83209555859375 0.73137405078125 0.84071841796875 0.73170446875 0.8483157734375 0.727394697265625 0.850945841796875 0.71786899609375 0.849102587890625 0.697625220703125 0.83248344921875 0.6492098984375 0.828875400390625 0.625147001953125 0.823703673828125 0.616030173828125 0.8194126875 0.6162550546875 0.803541673828125 0.61943378515625 0.760590923828125 0.62090241796875 0.750036400390625 0.628496455078125 0.740875369140625 0.647752296875 0.73885861328125 0.6689806875 0.739468607421875 0.695547671875 0.751161345703125 0.739527244140625 0.76450616796875 0.740392515625 0.76857393359375 0.728444501953125 0.7689485546875 0.705737525390625
5 0.741556107421875 0.54132080859375 0.729280994140625 0.531011609375 0.701896259765625 0.516018017578125 0.70033590234375 0.51609979296875 0.69421712890625 0.518767431640625 0.692121916015625 0.523571169921875 0.695280203125 0.53905209375 0.69433315625 0.55083655859375 0.69847937890625 0.555313197265625 0.707224900390625 0.55798415234375 0.713343671875 0.555316513671875 0.716219064453125 0.550471888671875 0.7434026796875 0.5467002890625 0.741556107421875 0.54132080859375
5 0.6703011953125 0.599817669921875 0.66907125390625 0.5912765859375 0.676464171875 0.58306591796875 0.707712232421875 0.58221059765625 0.711490466796875 0.579665623046875 0.711657333984375 0.567922044921875 0.692854572265625 0.55247869140625 0.691338419921875 0.5384763515625 0.683907931640625 0.531042544921875 0.683127751953125 0.53108343359375 0.676927205078125 0.5321907109375 0.6710537578125 0.53953942578125 0.675033111328125 0.555759640625 0.66513610546875 0.56097225390625 0.648789908203125 0.577475365234375 0.645996291015625 0.583880349609375 0.64792463671875 0.590820189453125 0.66151478515625 0.596366537109375 0.667592669921875 0.59291871875 0.6703011953125 0.599817669921875
0 0.62580335546875 0.5419108984375 0.6249822890625 0.541171607421875 0.617262271484375 0.54314083984375 0.6152079453125 0.5487247578125 0.623006421875 0.563180177734375 0.65421359375 0.5615446796875 0.659058220703125 0.564420072265625 0.6595521875 0.558917927734375 0.65220347265625 0.55304448046875 0.641035638671875 0.548935830078125 0.632865857421875 0.54232308984375 0.62580335546875 0.5419108984375
0 0.520833865234375 0.613909498046875 0.50473962890625 0.605365095703125 0.500058552734375 0.605610421875 0.484621833984375 0.59468459375 0.4775184453125 0.593492220703125 0.472447279296875 0.593757990234375 0.45895769140625 0.59759423828125 0.443354103515625 0.59841198828125 0.43579763671875 0.6035019375 0.436574498046875 0.618325345703125 0.44174622265625 0.627442171875 0.44913582421875 0.634095798828125 0.4990264140625 0.630698822265625 0.511880587890625 0.62220194140625 0.521900255859375 0.6193298671875 0.520833865234375 0.613909498046875
4 0.6018498515625 0.6073166640625 0.597536763671875 0.614583603515625 0.611579990234375 0.61384762890625 0.61219662109375 0.6106860234375 0.604970568359375 0.607153115234375 0.6018498515625 0.6073166640625
4 0.400934890625 0.61002294921875 0.400440923828125 0.615525091796875 0.402079740234375 0.631867970703125 0.406062412109375 0.633223892578125 0.409881533203125 0.631459095703125 0.411813197265625 0.623534640625 0.41029704296875 0.60953230078125 0.407833841796875 0.607314423828125 0.404713125 0.607477974609375 0.400934890625 0.61002294921875
1 0.331618275390625 0.630866767578125 0.332602892578125 0.634726775390625 0.371611859375 0.63268240234375 0.376664240234375 0.624594396484375 0.3764189140625 0.619913322265625 0.373216421875 0.61851651171875 0.369315525390625 0.61872094921875 0.337532611328125 0.624298232421875 0.331618275390625 0.630866767578125
3 0.27943798828125 0.590573701171875 0.279724201171875 0.59603495703125 0.297668326171875 0.595094544921875 0.302843369140625 0.589347078125 0.304815919921875 0.58220280078125 0.29997129296875 0.579327408203125 0.294900126953125 0.579593177734375 0.284449482421875 0.581705517578125 0.27943798828125 0.590573701171875
3 0.485575515625 0.5531715390625 0.46845245703125 0.5548512421875 0.465536177734375 0.558915689453125 0.466970556640625 0.571357669921875 0.476618919921875 0.57632827734375 0.496123404296875 0.57530608984375 0.498917021484375 0.56890110546875 0.49785062890625 0.56348073828125 0.495060330078125 0.555021427734375 0.489476412109375 0.5529671015625 0.485575515625 0.5531715390625