2 0 0.775 0.00703125 0.77421875 0.01484375 0.76875 0.02578125 0.76953125 0.0328125 0.775 0.0546875 0.775 0.0625 0.7734375 0.065625 0.76953125 0.0984375 0.76328125 0.10703125 0.7640625 0.11484375 0.76875 0.15078125 0.76328125 0.15546875 0.75078125 0.15625 0.72734375 0.15234375 0.7015625 0.15390625 0.6703125 0.1515625 0.6671875 0.13671875 0.65390625 0.12265625 0.64609375 0.05078125 0.64296875 0.05 0.6421875 0.03671875 0.6453125 0.028125 0.65390625 0.01875 0.66640625 0.0046875 0.69609375 0.00390625 0.7046875 0 0.70859375 0 0.775
2 0.7375 0.76796875 0.7421875 0.76640625 0.74140625 0.75625 0.75078125 0.7546875 0.753125 0.7515625 0.75625 0.74375 0.7546875 0.728125 0.75703125 0.71953125 0.76171875 0.7171875 0.7875 0.71484375 0.79296875 0.71875 0.796875 0.715625 0.81015625 0.7140625 0.81171875 0.728125 0.8203125 0.75078125 0.81796875 0.75703125 0.81796875 0.765625 0.8203125 0.7671875 0.8234375 0.765625 0.82109375 0.75078125 0.83515625 0.74609375 0.8390625 0.734375 0.83828125 0.7171875 0.83203125 0.68984375 0.8234375 0.66640625 0.82421875 0.65703125 0.821875 0.6546875 0.8203125 0.6390625 0.81875 0.634375 0.8140625 0.63203125 0.8109375 0.63203125 0.78828125 0.63515625 0.75 0.63515625 0.7421875 0.64296875 0.7328125 0.66015625 0.72734375 0.684375 0.7296875 0.68984375 0.72890625 0.7078125 0.73125 0.7234375 0.7375 0.746875 0.7375 0.76796875
5 0.925 0.65390625 0.94453125 0.678125 0.92734375 0.68359375 0.92421875 0.6875 0.9234375 0.69453125 0.95390625 0.73828125 0.96875 0.73828125 0.99921875 0.73125 0.99921875 0.6359375 0.98046875 0.61875 0.9640625 0.6078125 0.95078125 0.603125 0.94609375 0.59765625 0.93984375 0.596875 0.93489609375 0.596875 0.9171875 0.59765625 0.9078125 0.6046875 0.890625 0.59921875 0.88046875 0.6 0.87109375 0.60625 0.86953125 0.61796875 0.8796875 0.6296875 0.89375 0.63359375 0.89921875 0.64140625 0.925 0.65390625
5 0.39921875 0.56484375 0.39296875 0.56484375 0.3734375 0.57578125 0.36796875 0.5921875 0.36953125 0.59765625 0.4015625 0.5984375 0.4109375 0.603125 0.4140625 0.59921875 0.42734375 0.5953125 0.4296875 0.5921875 0.428125 0.584375 0.39921875 0.56484375
4 0.4015625 0.62734375 0.40390625 0.62421875 0.40546875 0.60625 0.40234375 0.60234375 0.39765625 0.60234375 0.39453125 0.60625 0.396875 0.62734375 0.4015625 0.62734375
4 0.60625 0.61640625 0.59921875 0.6125 0.596875 0.6125 0.5921875 0.61953125 0.59765625 0.621875 0.6046875 0.6203125 0.60625 0.61640625
0 0.5015625 0.6078125 0.49140625 0.603125 0.48515625 0.59453125 0.4640625 0.59140625 0.46328125 0.590625 0.4359375 0.596875 0.43046875 0.60078125 0.43046875 0.615625 0.43671875 0.6265625 0.4421875 0.63125 0.48984375 0.63125 0.515625 0.6203125 0.5140625 0.6140625 0.5078125 0.6140625 0.5015625 0.6078125
0 0.6203125 0.54765625 0.61484375 0.54921875 0.61328125 0.55234375 0.61328125 0.5578125 0.61953125 0.56875 0.659375 0.57109375 0.6515625 0.5625 0.6390625 0.55625 0.6328125 0.55 0.62421875 0.54765625 0.6203125 0.54765625
1 0.325 0.62578125 0.36640625 0.625 0.37109375 0.61328125 0.3578125 0.61171875 0.35390625 0.61171875 0.33203125 0.615625 0.3265625 0.61953125 0.325 0.62578125
3 0.27421875 0.58046875 0.275 0.584375 0.29453125 0.58359375 0.30078125 0.571875 0.3 0.56953125 0.2953125 0.56875 0.290625 0.56875 0.28046875 0.5703125 0.27421875 0.58046875
3 0.46640625 0.553125 0.4625 0.5578125 0.46328125 0.5703125 0.47109375 0.575 0.4921875 0.575 0.49453125 0.5640625 0.49140625 0.55390625 0.4875 0.55234375 0.48359375 0.55234375 0.46640625 0.553125