2 0.09617823828125 0.81345928125 0.126685408203125 0.804753974609375 0.135232080078125 0.80385568359375 0.142633126953125 0.807005568359375 0.1535107109375 0.8058622890625 0.18021469140625 0.798342267578125 0.18352790234375 0.79249516015625 0.181652001953125 0.7596990859375 0.175317265625 0.73679829296875 0.17368635546875 0.70633312890625 0.16922986328125 0.701302650390625 0.15479642578125 0.6910363671875 0.1407713046875 0.684654931640625 0.0681047578125 0.688364728515625 0.067327787109375 0.688446390625 0.0544459453125 0.692942541015625 0.040703123046875 0.711669142578125 0.02867522265625 0.746712119140625 0.02879654296875 0.755340455078125 0.02462469921875 0.76049225390625 0.031402716796875 0.824980783203125 0.03839544921875 0.82424581640625 0.044121234375 0.818930693359375 0.053363212890625 0.817173767578125 0.063340158203125 0.822409576171875 0.085095326171875 0.820123015625 0.09617823828125 0.81345928125
3 0.2844805234375 0.6019928984375 0.285052162109375 0.607431689453125 0.297565349609375 0.606902052734375 0.3050900625 0.603754513671875 0.30938557421875 0.592305291015625 0.3043971015625 0.58968738671875 0.299346794921875 0.5902181953125 0.2897979921875 0.592792921875 0.2844805234375 0.6019928984375
1 0.359391625 0.6271126640625 0.345732810546875 0.6316904765625 0.33792110546875 0.6395815 0.338247755859375 0.642689380859375 0.379508841796875 0.63913821875 0.38413100390625 0.630796876953125 0.38364102734375 0.626135056640625 0.381146791015625 0.624826103515625 0.3767957578125 0.625283416015625 0.359391625 0.6271126640625
0 0.498266310546875 0.603089705078125 0.49879829296875 0.6006771328125 0.488044376953125 0.59552298828125 0.475367865234375 0.59449868359375 0.471156361328125 0.5917991171875 0.471095115234375 0.591216388671875 0.468825451171875 0.59204410546875 0.46984741015625 0.594293353515625 0.467066181640625 0.597727884765625 0.43958523046875 0.6053295703125 0.44285408984375 0.621482619140625 0.448577529296875 0.63109325390625 0.45544659375 0.636655712890625 0.50819890625 0.63032566796875 0.5281971484375 0.61879712890625 0.528402478515625 0.613276673828125 0.525826580078125 0.611190751953125 0.50497205078125 0.607098224609375 0.498266310546875 0.603089705078125
0 0.62606277734375 0.555878962890625 0.661721744140625 0.5513455 0.65640662109375 0.545619716796875 0.630932275390625 0.534942771484375 0.626658939453125 0.535391916015625 0.618664076171875 0.53780331640625 0.6178451015625 0.544959375 0.62606277734375 0.555878962890625
5 0.729516447265625 0.583497658203125 0.73429958984375 0.591636015625 0.765215072265625 0.586815560546875 0.770537236328125 0.547764064453125 0.7684956640625 0.52833980859375 0.76367286328125 0.5123500859375 0.758194412109375 0.505070361328125 0.74923942578125 0.50208380078125 0.742984005859375 0.49488573828125 0.74474327734375 0.489201958984375 0.743149677734375 0.481513919921875 0.736117287109375 0.47439751953125 0.729901525390625 0.475050822265625 0.7228667890625 0.48286018359375 0.724091732421875 0.494514736328125 0.72903819921875 0.50420703515625 0.7195092265625 0.510707443359375 0.715500708984375 0.51741318359375 0.71124485546875 0.536713771484375 0.71071052734375 0.55405210546875 0.716270640625 0.56210880078125 0.725920935546875 0.5642367265625 0.729516447265625 0.583497658203125
5 0.471856361328125 0.561088962890625 0.464413310546875 0.56501347265625 0.455087322265625 0.5809191875 0.456965568359375 0.598789501953125 0.476716474609375 0.5998558125 0.48587679296875 0.597321916015625 0.499493599609375 0.5998185 0.502316833984375 0.589309572265625 0.497739021484375 0.575650759765625 0.473410302734375 0.56092563671875 0.471856361328125 0.561088962890625
3 0.471448046875 0.557204111328125 0.469770439453125 0.563664861328125 0.480116041015625 0.56493415625 0.499292962890625 0.57548743359375 0.50330148046875 0.5687816953125 0.49692473828125 0.552955296875 0.4924183125 0.55342894140625 0.4743926015625 0.55532351953125 0.471448046875 0.557204111328125
2 0.76662423046875 0.7272815 0.7768065078125 0.726996853515625 0.778115458984375 0.7245026171875 0.7796297421875 0.71648792578125 0.7777935 0.691543216796875 0.792842927734375 0.68524813671875 0.80838233203125 0.683614880859375 0.81484308203125 0.68529248828125 0.8300558359375 0.680551349609375 0.8359822578125 0.699567291015625 0.84383127734375 0.714453392578125 0.85904403125 0.709712255859375 0.86145894921875 0.6953184765625 0.85557453125 0.669228140625 0.841103783203125 0.63618473046875 0.8341157421875 0.60706817578125 0.830191232421875 0.599625125 0.82622471875 0.59925646875 0.8253660859375 0.598561162109375 0.80549151171875 0.60379227734375 0.7657843671875 0.60718011328125 0.759118287109375 0.611022958984375 0.75502810546875 0.616951728515625 0.7537588125 0.627297330078125 0.748278015625 0.634943365234375 0.746066080078125 0.65874244921875 0.753257103515625 0.69726430859375 0.76609225 0.72969407421875 0.76662423046875 0.7272815
4 0.61063765625 0.6109178359375 0.616690091796875 0.608710591796875 0.61783571875 0.604662416015625 0.609657701171875 0.601594193359375 0.60888073046875 0.60167585546875 0.605854513671875 0.6027794765625 0.604953875 0.609158564453125 0.61063765625 0.6109178359375
4 0.413858857421875 0.637098994140625 0.419460974609375 0.638081294921875 0.422405529296875 0.636200703125 0.419097009765625 0.6121962890625 0.414435189453125 0.612686265625 0.41218594140625 0.613708224609375 0.410753322265625 0.622499884765625 0.413858857421875 0.637098994140625