2 1 0.71171875 0.9953125 0.70546875 0.9953125 0.696875 0.97890625 0.6625 0.971875 0.65390625 0.96328125 0.6453125 0.94401015625 0.64296875 0.9390625 0.64296875 0.8765625 0.64609375 0.8640625 0.653125 0.8484375 0.66640625 0.8453125 0.671875 0.846875 0.6859375 0.84375 0.728125 0.84453125 0.75078125 0.84921875 0.76328125 0.88671875 0.76875 0.89921875 0.76328125 0.93046875 0.76875 0.94453125 0.775 0.9671875 0.775 0.97421875 0.76953125 0.984375 0.76875 0.99296875 0.77421875 1 0.775 1 0.71171875
2 0.1765625 0.64921875 0.178125 0.653125 0.175 0.659375 0.17578125 0.6671875 0.16484375 0.7015625 0.1609375 0.725 0.1640625 0.74453125 0.17109375 0.7484375 0.18125 0.7484375 0.1875 0.73125 0.18984375 0.7140625 0.20625 0.7171875 0.2203125 0.71484375 0.23828125 0.7171875 0.24296875 0.71953125 0.2453125 0.72890625 0.24453125 0.74453125 0.246875 0.75234375 0.24921875 0.7546875 0.2578125 0.75390625 0.259375 0.7578125 0.26640625 0.73515625 0.27109375 0.7078125 0.27109375 0.6765625 0.2671875 0.66015625 0.2578125 0.6421875 0.25234375 0.63671875 0.2421875 0.63359375 0.20859375 0.63515625 0.18984375 0.63203125 0.1859375 0.63203125 0.18203125 0.63359375 0.1765625 0.64921875
5 0.33984375 0.50625 0.33984375 0.5203125 0.3234375 0.5390625 0.31796875 0.55546875 0.303125 0.57890625 0.3015625 0.5859375 0.28828125 0.59375 0.28671875 0.59765625 0.28984375 0.60234375 0.30390625 0.5984375 0.30625 0.59296875 0.315625 0.58515625 0.325 0.57265625 0.328125 0.571875 0.33046875 0.575 0.33203125 0.5890625 0.3359375 0.5953125 0.33671875 0.615625 0.34140625 0.61796875 0.3796875 0.61796875 0.3828125 0.6140625 0.38359375 0.603125 0.39140625 0.59921875 0.39453125 0.58671875 0.39375 0.55703125 0.390625 0.55234375 0.390625 0.54375 0.38515625 0.5296875 0.3765625 0.51953125 0.3671875 0.515625 0.365625 0.5 0.35625 0.49140625 0.353125 0.49140625 0.34296875 0.496875 0.33984375 0.50625
5 0.634375 0.584375 0.62421875 0.59375 0.61875 0.60625 0.61484375 0.6078125 0.6125 0.6125 0.61328125 0.6328125 0.6265625 0.63984375 0.634375 0.64921875 0.64296875 0.64140625 0.6921875 0.64140625 0.6890625 0.6171875 0.678125 0.60390625 0.671875 0.60234375 0.6640625 0.59609375 0.66875 0.57734375 0.665625 0.56875 0.65078125 0.5625 0.64609375 0.5625 0.63671875 0.56875 0.634375 0.584375
5 0.59765625 0.67109375 0.5921875 0.67734375 0.5921875 0.69453125 0.5875 0.7265625 0.59296875 0.73125 0.59375 0.73671875 0.5890625 0.73671875 0.5890625 0.7453125 0.58515625 0.75078125 0.59375 0.7578125 0.615625 0.76328125 0.621875 0.76015625 0.62109375 0.7515625 0.61640625 0.740625 0.61484375 0.721875 0.6171875 0.70703125 0.6203125 0.70390625 0.63046875 0.703125 0.6328125 0.7 0.63125 0.6796875 0.628125 0.6703125 0.63046875 0.66796875 0.6296875 0.66796875 0.60234375 0.66953125 0.59765625 0.67109375
5 0.6390625 0.73515625 0.6421875 0.73671875 0.64453125 0.74453125 0.6546875 0.74453125 0.65234375 0.7265625 0.64296875 0.7234375 0.64140625 0.7234375 0.6421875 0.73046875 0.6390625 0.73515625
0 0.49453125 0.6125 0.49296875 0.61953125 0.48984375 0.61796875 0.490625 0.6140625 0.48828125 0.61328125 0.484375 0.61953125 0.4953125 0.62265625 0.50234375 0.62890625 0.5203125 0.63203125 0.55546875 0.63203125 0.56171875 0.628125 0.5703125 0.61328125 0.56875 0.6 0.5640625 0.59609375 0.55625 0.59453125 0.53059921875 0.59375 0.5265625 0.59375 0.5171875 0.59609375 0.49453125 0.6125
4 0.3953125 0.6203125 0.40390625 0.621875 0.40859375 0.61953125 0.403125 0.6125 0.40078125 0.6125 0.39453125 0.615625 0.3953125 0.6203125
4 0.5953125 0.6234375 0.59921875 0.62734375 0.603125 0.62734375 0.6046875 0.60546875 0.60078125 0.60234375 0.59765625 0.60234375 0.59453125 0.60625 0.5953125 0.6234375
3 0.5046875 0.56875 0.50859375 0.57578125 0.528125 0.575 0.53671875 0.5703125 0.5375 0.55859375 0.53046875 0.55234375 0.52578125 0.55234375 0.50859375 0.5546875 0.5046875 0.56875
3 0.69921875 0.571875 0.7015625 0.57890625 0.70625 0.58359375 0.725 0.58359375 0.725 0.57890625 0.71875 0.5703125 0.709375 0.56875 0.7046875 0.56875 0.7 0.56953125 0.69921875 0.571875