2 0 0.775 0.0078125 0.77421875 0.0140625 0.76953125 0.0234375 0.76953125 0.03125 0.775 0.04296875 0.77578125 0.0609375 0.77421875 0.06953125 0.76875 0.09453125 0.7640625 0.1046875 0.7640625 0.1125 0.76875 0.12109375 0.76875 0.15078125 0.76328125 0.15390625 0.75859375 0.15625 0.74453125 0.1546875 0.7046875 0.15234375 0.70078125 0.1546875 0.67421875 0.15078125 0.66484375 0.12890625 0.6484375 0.12109375 0.6453125 0.05078125 0.64296875 0.05 0.6421875 0.0359375 0.6453125 0.02109375 0.6625 0.0046875 0.69609375 0.0046875 0.7015625 0 0.70625 0 0.775
2 0.740625 0.64453125 0.7390625 0.65234375 0.7328125 0.66015625 0.72890625 0.68359375 0.73125 0.72421875 0.73984375 0.7546875 0.7375 0.75703125 0.73984375 0.75859375 0.7421875 0.75390625 0.75078125 0.7546875 0.753125 0.75234375 0.7578125 0.71953125 0.77890625 0.71484375 0.7859375 0.71484375 0.79296875 0.71875 0.7953125 0.715625 0.81015625 0.7140625 0.81171875 0.72890625 0.81796875 0.74765625 0.821875 0.75 0.83515625 0.74609375 0.8390625 0.7328125 0.83828125 0.71796875 0.8296875 0.68203125 0.8234375 0.6671875 0.821875 0.64375 0.81796875 0.63359375 0.8140625 0.63203125 0.81015625 0.63203125 0.7921875 0.63515625 0.75234375 0.634375 0.746875 0.63671875 0.740625 0.64453125
5 0.678125 0.57421875 0.68125 0.590625 0.6765625 0.609375 0.67734375 0.61640625 0.690625 0.6140625 0.690625 0.60625 0.6953125 0.60390625 0.6953125 0.6015625 0.7328125 0.60625 0.74140625 0.60234375 0.7375 0.58984375 0.71953125 0.57265625 0.71328125 0.54296875 0.70625 0.53515625 0.69921875 0.53515625 0.6890625 0.5390625 0.684375 0.5453125 0.68671875 0.56640625 0.678125 0.57421875
5 0.3171875 0.5984375 0.296875 0.61875 0.2921875 0.63984375 0.3203125 0.64296875 0.35625 0.6421875 0.36171875 0.6484375 0.3625 0.65859375 0.371875 0.65703125 0.3859375 0.64765625 0.38984375 0.6421875 0.3875 0.62421875 0.3828125 0.6125 0.37265625 0.5984375 0.3609375 0.60234375 0.36328125 0.61328125 0.36171875 0.61484375 0.3484375 0.6109375 0.33984375 0.60546875 0.3484375 0.59296875 0.34921875 0.57890625 0.346875 0.5703125 0.33828125 0.565625 0.334375 0.565625 0.31875 0.56875 0.31484375 0.5734375 0.31328125 0.58046875 0.3171875 0.5984375
5 0.3765625 0.7046875 0.3796875 0.70234375 0.38203125 0.7046875 0.3875 0.725 0.38515625 0.72734375 0.37890625 0.7546875 0.3828125 0.75859375 0.4015625 0.7578125 0.41171875 0.7546875 0.41484375 0.7515625 0.41484375 0.74765625 0.40390625 0.73203125 0.4140625 0.71953125 0.40703125 0.68984375 0.40625 0.671875 0.3953125 0.66796875 0.37421875 0.66796875 0.3703125 0.66796875 0.3671875 0.68046875 0.3671875 0.7015625 0.36953125 0.7046875 0.3765625 0.7046875
5 0.3453125 0.74296875 0.34921875 0.74140625 0.35234375 0.74609375 0.3625 0.734375 0.365625 0.7359375 0.3734375 0.73125 0.36953125 0.728125 0.3625 0.73125 0.3578125 0.725 0.36015625 0.72265625 0.35625 0.71953125 0.35546875 0.71953125 0.34765625 0.72109375 0.346875 0.72578125 0.34765625 0.7390625 0.3453125 0.74296875
0 0.43046875 0.615625 0.4359375 0.62578125 0.4421875 0.63125 0.49375 0.63046875 0.515625 0.6203125 0.5140625 0.6140625 0.49453125 0.60703125 0.48359375 0.5953125 0.4640625 0.59140625 0.46328125 0.590625 0.45546875 0.59375 0.43828125 0.5953125 0.43046875 0.60078125 0.43046875 0.615625
0 0.61953125 0.56875 0.6546875 0.56953125 0.6578125 0.5671875 0.65078125 0.56171875 0.62734375 0.5484375 0.62265625 0.5484375 0.61484375 0.54921875 0.6125 0.55703125 0.61953125 0.56875
4 0.60546875 0.6203125 0.60625 0.615625 0.6 0.61328125 0.5984375 0.61171875 0.59296875 0.61484375 0.59140625 0.61953125 0.59609375 0.621875 0.60546875 0.6203125
3 0.4734375 0.575 0.49140625 0.575 0.4953125 0.56875 0.49375 0.55859375 0.49296875 0.5546875 0.4875 0.55234375 0.4834375 0.55234375 0.4671875 0.55234375 0.4625 0.55703125 0.4625 0.56953125 0.4734375 0.575
3 0.29296875 0.584375 0.2984375 0.5796875 0.30078125 0.57265625 0.30078125 0.5703125 0.296875 0.56875 0.291796875 0.56875 0.28125 0.5703125 0.275 0.5796875 0.275 0.584375 0.29296875 0.584375