2 0 0.775 0.00703125 0.77421875 0.015625 0.76875 0.02578125 0.76953125 0.03359375 0.775 0.05390625 0.775 0.065625 0.76953125 0.0953125 0.7640625 0.10234375 0.76328125 0.11328125 0.76875 0.11953125 0.76875 0.15234375 0.7625 0.15546875 0.75078125 0.15390625 0.66953125 0.1359375 0.653125 0.1234375 0.64609375 0.059375 0.64296875 0.05494765625 0.64296875 0.03671875 0.6453125 0.028125 0.65390625 0.01875 0.6671875 0.0046875 0.69609375 0.00390625 0.70625 0 0.709375 0 0.775
2 0.72890625 0.66953125 0.72734375 0.6828125 0.7296875 0.68984375 0.73125 0.7234375 0.7390625 0.753125 0.7390625 0.76015625 0.74140625 0.75546875 0.75078125 0.7546875 0.753125 0.75234375 0.75625 0.74375 0.7546875 0.72890625 0.75703125 0.71953125 0.7609375 0.7171875 0.7875 0.71484375 0.79375 0.71796875 0.803125 0.7140625 0.81015625 0.7140625 0.81171875 0.728125 0.81875 0.7484375 0.82109375 0.75 0.83515625 0.74609375 0.8390625 0.73359375 0.83671875 0.71015625 0.82421875 0.6671875 0.82109375 0.63984375 0.81875 0.634375 0.8140625 0.63203125 0.8109375 0.63203125 0.79609375 0.63515625 0.7578125 0.63359375 0.75 0.63515625 0.74296875 0.640625 0.73984375 0.65078125 0.72890625 0.66953125
5 0.71796875 0.57734375 0.73125 0.58046875 0.73828125 0.5859375 0.7484375 0.57734375 0.76875 0.57578125 0.76953125 0.56875 0.76328125 0.5578125 0.75859375 0.553125 0.7453125 0.55 0.7421875 0.546875 0.74140625 0.53984375 0.734375 0.53359375 0.7296875 0.53359375 0.72421875 0.53984375 0.7265625 0.5546875 0.715625 0.56875 0.71796875 0.57734375
5 0.73984375 0.6109375 0.74609375 0.61171875 0.74453125 0.60390625 0.7359375 0.6 0.734375 0.590625 0.73359375 0.590625 0.72265625 0.596875 0.72421875 0.615625 0.73515625 0.6140625 0.73984375 0.6109375
5 0.4421875 0.5828125 0.4296875 0.59609375 0.42890625 0.60078125 0.43125 0.60390625 0.4359375 0.59609375 0.44140625 0.59453125 0.46015625 0.59609375 0.46640625 0.59296875 0.4703125 0.5953125 0.4734375 0.5921875 0.46796875 0.590625 0.4703125 0.58515625 0.46796875 0.58046875 0.4734375 0.56953125 0.475 0.553125 0.4703125 0.54296875 0.45703125 0.5390625 0.45625 0.53828125 0.45 0.540625 0.44453125 0.546875 0.4453125 0.5734375 0.4421875 0.5828125
5 0.50859375 0.6734375 0.5359375 0.675 0.54296875 0.67265625 0.54140625 0.66796875 0.52421875 0.65859375 0.52421875 0.65078125 0.5125 0.63125 0.51171875 0.63046875 0.5109375 0.63671875 0.50390625 0.6453125 0.509375 0.66640625 0.50859375 0.6734375
0 0.61953125 0.56953125 0.65234375 0.5703125 0.6578125 0.57734375 0.6609375 0.5765625 0.6609375 0.57109375 0.65078125 0.56171875 0.63984375 0.55703125 0.63359375 0.55078125 0.62421875 0.54765625 0.61953125 0.54765625 0.6140625 0.54921875 0.6125 0.553125 0.61640625 0.56640625 0.61953125 0.56953125
0 0.4390625 0.628125 0.44609375 0.63203125 0.4875 0.63125 0.515625 0.61953125 0.51328125 0.6140625 0.5 0.6109375 0.47109375 0.59375 0.4671875 0.59375 0.4421875 0.59453125 0.4296875 0.603125 0.43046875 0.615625 0.4390625 0.628125
4 0.40625 0.628125 0.4078125 0.625 0.409375 0.60625 0.40546875 0.603125 0.4046875 0.603125 0.40078125 0.60390625 0.39921875 0.60703125 0.40078125 0.62890625 0.40625 0.628125
4 0.60625 0.61640625 0.59921875 0.6125 0.59609375 0.6125 0.5921875 0.61953125 0.59609375 0.621875 0.60625 0.61953125 0.60625 0.61640625
1 0.3640625 0.62578125 0.37109375 0.6171875 0.36875 0.61171875 0.35078125 0.61171875 0.3484375 0.61171875 0.33125 0.615625 0.32578125 0.6203125 0.325 0.62578125 0.3640625 0.62578125
3 0.29296875 0.584375 0.29921875 0.5765625 0.30078125 0.57109375 0.29765625 0.56875 0.29375 0.56875 0.28046875 0.5703125 0.27421875 0.5796875 0.27421875 0.584375 0.29296875 0.584375
3 0.47109375 0.575 0.490625 0.57578125 0.49375 0.57265625 0.4921875 0.553125 0.48515625 0.5515625 0.48125 0.5515625 0.475 0.553125 0.475 0.56484375 0.4703125 0.57265625 0.47109375 0.575