2 1 0.577660908203125 0.998943373046875 0.57623634375 0.981476216796875 0.562656931640625 0.96785408984375 0.561885671875 0.967084708984375 0.5620213359375 0.951334693359375 0.56717839453125 0.8991524453125 0.577172833984375 0.891231904296875 0.581742646484375 0.87330753125 0.601562541015625 0.87054592578125 0.60839590234375 0.8767418125 0.639035482421875 0.877418248046875 0.656368853515625 0.88284475390625 0.687144095703125 0.889631642578125 0.698640216796875 0.9213565234375 0.69859937890625 0.93439140625 0.6915411640625 0.942085216796875 0.6901845390625 0.971366291015625 0.689781306640625 0.98706983203125 0.693358765625 1 0.691078828125 1 0.577660908203125
2 0.21363580078125 0.684561779296875 0.209426501953125 0.6876838984375 0.207841267578125 0.696689740234375 0.20901387890625 0.72583515234375 0.20470787890625 0.77339923828125 0.20665175 0.788922521484375 0.2126692578125 0.8005543046875 0.2239832421875 0.801732552734375 0.229731302734375 0.798339107421875 0.23263044921875 0.778788662109375 0.23095790234375 0.764804140625 0.248426935546875 0.7648970859375 0.265715712890625 0.759468703125 0.27997155859375 0.75933491796875 0.284994833984375 0.7608290859375 0.288930927734375 0.769654669921875 0.289969755859375 0.784544234375 0.2945395703125 0.79246477734375 0.297254701171875 0.794365931640625 0.305717892578125 0.792873642578125 0.3071655859375 0.796584884765625 0.309677224609375 0.79733196875 0.30865975390625 0.791561611328125 0.310657611328125 0.744404513671875 0.30495978125 0.712090509765625 0.29853528515625 0.698150583984375 0.292969361328125 0.693578890625 0.28618247265625 0.68208276953125 0.274823892578125 0.67615257421875 0.231104833984375 0.6846547265625 0.215943943359375 0.684154791015625 0.21363580078125 0.684561779296875
5 0.278773134765625 0.5905728984375 0.278726662109375 0.5993074140625 0.304251900390625 0.595599927734375 0.31407171875 0.60180144921875 0.322127921875 0.598001017578125 0.31982165625 0.5849215390625 0.314120068359375 0.579580466796875 0.30964132421875 0.567677357421875 0.303713005859375 0.56554947265625 0.29909671875 0.56636344921875 0.28583510546875 0.576634849609375 0.278773134765625 0.5905728984375
5 0.32004838671875 0.581708353515625 0.326337220703125 0.5948788984375 0.309680283203125 0.612888705078125 0.311352830078125 0.6268732265625 0.349957544921875 0.6208594765625 0.3627638203125 0.6305009140625 0.375663041015625 0.6226733203125 0.377428533203125 0.61918880859375 0.3742618203125 0.610227560546875 0.356296607421875 0.598322572265625 0.3429012109375 0.594338126953125 0.343717064453125 0.585467947265625 0.3404146875 0.575737318359375 0.334848763671875 0.571165626953125 0.328422388671875 0.570712166015625 0.3276530078125 0.570847828125 0.3215425546875 0.576685078125 0.32004838671875 0.581708353515625
0 0.357790775390625 0.593299298828125 0.360641568359375 0.5959698359375 0.394358673828125 0.589231296875 0.397662927734375 0.5854754609375 0.399203568359375 0.571717669921875 0.3969864921875 0.56814208984375 0.389021357421875 0.567959953125 0.38671321484375 0.56836694140625 0.37725391015625 0.573208080078125 0.357790775390625 0.593299298828125
4 0.417794984375 0.6366634765625 0.424221359375 0.6371169375 0.429200037109375 0.63385915625 0.429562431640625 0.631415349609375 0.42490155078125 0.627477376953125 0.421824025390625 0.62802002734375 0.41557791015625 0.633087896484375 0.417794984375 0.6366634765625
0 0.526234998046875 0.59929662890625 0.5184055234375 0.599883875 0.50469044921875 0.6165816484375 0.50550442578125 0.621197935546875 0.532023896484375 0.62762806640625 0.579725521484375 0.619216982421875 0.584297212890625 0.613651056640625 0.587919265625 0.60269946484375 0.585839732421875 0.58640680078125 0.5773319453125 0.583147140625 0.559500517578125 0.585498 0.551897775390625 0.58287205859375 0.551264056640625 0.5837771015625 0.533703955078125 0.587666724609375 0.526234998046875 0.59929662890625
3 0.516465408203125 0.55738766015625 0.51655459765625 0.566891556640625 0.5214868046875 0.57236829296875 0.539182568359375 0.56924805078125 0.548234884765625 0.56209876953125 0.5468336640625 0.549653009765625 0.5423084453125 0.54648441796875 0.5252463984375 0.548699615234375 0.521399494140625 0.549377927734375 0.5171901953125 0.552500046875 0.516465408203125 0.55738766015625
3 0.715958076171875 0.54601078125 0.72559763671875 0.54669097265625 0.73623330859375 0.544022314453125 0.736053052734375 0.538500984375 0.731799158203125 0.536871154296875 0.7293107578125 0.5317568125 0.719671197265625 0.53107662109375 0.7173630546875 0.531483609375 0.708401806640625 0.534650322265625 0.715958076171875 0.54601078125
1 0.647568595703125 0.5945615859375 0.6541752265625 0.600536376953125 0.65892717578125 0.60049178125 0.693277998046875 0.592848201171875 0.693504728515625 0.589635013671875 0.68626437890625 0.584565265625 0.668659681640625 0.583702939453125 0.667120919921875 0.583974263671875 0.64788639453125 0.587365830078125 0.647568595703125 0.5945615859375
4 0.6190550234375 0.608315619140625 0.622901927734375 0.607637306640625 0.62127585546875 0.584918267578125 0.616252580078125 0.5834241015625 0.61240567578125 0.5841024140625 0.615299185546875 0.605011365234375 0.6190550234375 0.608315619140625