2 0.92133896875 0.7035891171875 0.917213111328125 0.703009263671875 0.8525655 0.697079345703125 0.8383262109375 0.702967423828125 0.82266090234375 0.71338865234375 0.81891394140625 0.7175956171875 0.818395384765625 0.7325123671875 0.808764513671875 0.772972009765625 0.806276291015625 0.796290146484375 0.809178509765625 0.80932087109375 0.845552458984375 0.819955390625 0.8523940078125 0.816183341796875 0.858691912109375 0.81627952734375 0.89042398046875 0.826261671875 0.90425344140625 0.83451669921875 0.924368259765625 0.83734365234375 0.932092185546875 0.83290668359375 0.94303197265625 0.833655244140625 0.950007337890625 0.8401580625 0.956861431640625 0.84191026953125 0.9658859375 0.77769757421875 0.9618964296875 0.772403318359375 0.96242753125 0.763010826171875 0.9516299375 0.7275694296875 0.94198235546875 0.712012849609375 0.937884119140625 0.707492240234375 0.92133896875 0.7035891171875
2 0.162568623046875 0.5937951875 0.155668521484375 0.6204379140625 0.144996369140625 0.640239091796875 0.1346754921875 0.668767841796875 0.13183599609375 0.683358404296875 0.1332996484375 0.695398025390625 0.1359593203125 0.698927529296875 0.147129107421875 0.70365305078125 0.14274231640625 0.71802615625 0.145619447265625 0.720008365234375 0.148157845703125 0.718787259765625 0.14881021875 0.714145376953125 0.147902755859375 0.703761779296875 0.157257615234375 0.687720109375 0.163070427734375 0.6688138515625 0.173792755859375 0.671109703125 0.1787733671875 0.67496539453125 0.18617110546875 0.6728493671875 0.211375267578125 0.678758365234375 0.21491731640625 0.681622951171875 0.2159335078125 0.691232900390625 0.21232036328125 0.705714734375 0.21421893359375 0.714659767578125 0.2162136875 0.71730689453125 0.22461507421875 0.719276560546875 0.222984138671875 0.730881263671875 0.22674364453125 0.732198556640625 0.229353140625 0.713631029296875 0.23990401953125 0.6890792421875 0.245583015625 0.6598981171875 0.249982349609375 0.65104926953125 0.24738123046875 0.62464908984375 0.240489505859375 0.606324109375 0.232184302734375 0.5980565390625 0.194166875 0.59350246484375 0.174486970703125 0.587580923828125 0.16984508984375 0.58692855078125 0.16565066796875 0.588705845703125 0.162568623046875 0.5937951875
5 0.33004022265625 0.48558084375 0.323972318359375 0.489461623046875 0.317482044921875 0.50196124609375 0.31696348828125 0.51687799609375 0.331094046875 0.51176356640625 0.34248129296875 0.514941794921875 0.339349072265625 0.497934107421875 0.345525705078125 0.493279681640625 0.349477580078125 0.4820011640625 0.340290001953125 0.47439851171875 0.337969060546875 0.474072326171875 0.3326748046875 0.478061833984375 0.33004022265625 0.48558084375
5 0.313580345703125 0.53533679296875 0.30675133984375 0.5446331015625 0.299788517578125 0.543654541015625 0.2984712265625 0.547414044921875 0.30134835546875 0.549396255859375 0.29760139453125 0.553603220703125 0.287217796875 0.554510685546875 0.28168099609375 0.54899897265625 0.274053255859375 0.54713803515625 0.263452201171875 0.54959279296875 0.263790931640625 0.552796109375 0.26688551953125 0.553231025390625 0.27353469921875 0.56205478515625 0.275094537109375 0.5677965 0.2833871953125 0.5705398125 0.280196421875 0.57640280078125 0.28352101171875 0.580814681640625 0.273028685546875 0.582495791015625 0.272689955078125 0.579292474609375 0.269704095703125 0.578083912109375 0.26905172265625 0.58272579296875 0.30729915234375 0.591256830078125 0.331499666015625 0.593080134765625 0.341264353515625 0.562895361328125 0.345370966796875 0.522448263671875 0.341042728515625 0.51395069140625 0.335735927734375 0.51241594140625 0.331867693359375 0.511872296875 0.316854759765625 0.517651642578125 0.313580345703125 0.53533679296875
4 0.379587046875 0.604571943359375 0.385558765625 0.606989068359375 0.39130048046875 0.60542923046875 0.3912879375 0.59990497265625 0.38763716015625 0.59781403515625 0.386863513671875 0.5977053046875 0.3785833984375 0.60048625 0.379587046875 0.604571943359375
4 0.57909176953125 0.63892192578125 0.585243314453125 0.623218984375 0.58224491015625 0.6164861640625 0.5768293828125 0.6157250625 0.574111158203125 0.635066234375 0.57909176953125 0.63892192578125
1 0.61134239453125 0.633987322265625 0.61710919921875 0.643475998046875 0.65656519140625 0.649021177734375 0.657108837890625 0.645152943359375 0.65101584765625 0.63798520703125 0.63299196484375 0.6315074765625 0.620226791015625 0.629713447265625 0.615971732421875 0.6291154375 0.611777310546875 0.630892734375 0.61134239453125 0.633987322265625
3 0.496717208984375 0.562652857421875 0.49507373046875 0.568733302734375 0.49873705078125 0.5763485 0.517413306640625 0.57818434765625 0.525693421875 0.575403404296875 0.52853291796875 0.560812841796875 0.524434681640625 0.556292232421875 0.5110892734375 0.554416658203125 0.506640802734375 0.553791466796875 0.50100781640625 0.55457765625 0.496717208984375 0.562652857421875
3 0.6878456328125 0.606081689453125 0.691835140625 0.6113759453125 0.711176314453125 0.614094169921875 0.712602333984375 0.609561015625 0.708382826171875 0.600289796875 0.696221931640625 0.59700283984375 0.692353697265625 0.5964591953125 0.68650325390625 0.5987926796875 0.6878456328125 0.606081689453125
0 0.491728220703125 0.603764873046875 0.487412525390625 0.60079155859375 0.489407279296875 0.603438685546875 0.478927498046875 0.6106440546875 0.468326443359375 0.6130988125 0.46844771484375 0.617849423828125 0.477514021484375 0.62070146484375 0.486592869140625 0.629077763671875 0.49488552734375 0.631821076171875 0.538209755859375 0.637909900390625 0.5450513046875 0.634137849609375 0.553753791015625 0.622738060546875 0.554828537109375 0.609477333984375 0.548626818359375 0.603083244140625 0.52662597265625 0.596835515625 0.519663150390625 0.595856955078125 0.50231673046875 0.595785857421875 0.491728220703125 0.603764873046875
0 0.34266528515625 0.547313693359375 0.344551310546875 0.55073446875 0.37129022265625 0.551336666015625 0.37977525 0.541484169921875 0.380427625 0.5368422890625 0.380088892578125 0.533638970703125 0.37218305859375 0.5309500234375 0.367154353515625 0.53024328515625 0.34452622265625 0.539685953125 0.34266528515625 0.547313693359375