2 1 0.70859375 0.99609375 0.7046875 0.9953125 0.696875 0.978125 0.66171875 0.971875 0.65390625 0.96328125 0.6453125 0.94296875 0.64296875 0.9390625 0.64296875 0.8765625 0.64609375 0.86328125 0.65390625 0.84765625 0.66796875 0.8453125 0.67109375 0.846875 0.703125 0.84609375 0.7234375 0.84375 0.728125 0.8453125 0.75859375 0.8484375 0.76328125 0.8796875 0.76875 0.88515625 0.76875 0.89375 0.7640625 0.903125 0.7640625 0.9328125 0.76953125 0.94453125 0.775 0.9671875 0.775 0.978125 0.76875 0.98671875 0.76953125 0.99296875 0.77421875 1 0.77421875 1 0.70859375
3 0.70546875 0.5828125 0.72421875 0.584375 0.725 0.57890625 0.71953125 0.57109375 0.7125 0.56875 0.7078125 0.56875 0.69921875 0.57109375 0.70546875 0.5828125
1 0.63515625 0.62578125 0.67578125 0.62578125 0.675 0.62109375 0.66875 0.615625 0.6515625 0.61171875 0.6380859375 0.61171875 0.63359375 0.61171875 0.62890625 0.61484375 0.63515625 0.62578125
4 0.5921875 0.6234375 0.59453125 0.6265625 0.59921875 0.62734375 0.6015625 0.61015625 0.5984375 0.60390625 0.59296875 0.60390625 0.590625 0.60625 0.5921875 0.6234375
3 0.5046875 0.56875 0.50859375 0.575 0.52578125 0.575 0.53671875 0.56953125 0.5375 0.55703125 0.53046875 0.5515625 0.5296875 0.5515625 0.50703125 0.55390625 0.5046875 0.56875
0 0.5046875 0.60234375 0.50546875 0.6046875 0.4984375 0.6109375 0.48671875 0.61328125 0.484375 0.6203125 0.509375 0.63125 0.55859375 0.63125 0.5703125 0.61484375 0.56953125 0.60078125 0.5640625 0.59609375 0.54609375 0.59453125 0.540625 0.58984375 0.5359375 0.58984375 0.53125 0.58984375 0.51328125 0.60078125 0.5046875 0.60234375
0 0.34453125 0.56796875 0.37890625 0.56875 0.3859375 0.55859375 0.3859375 0.55 0.378125 0.5484375 0.3734375 0.5484375 0.34921875 0.56171875 0.34453125 0.56796875
5 0.40703125 0.5515625 0.39765625 0.559375 0.39453125 0.5734375 0.42265625 0.57578125 0.42265625 0.57890625 0.40625 0.57890625 0.4046875 0.5828125 0.415625 0.58203125 0.41796875 0.584375 0.4375 0.58671875 0.43984375 0.5828125 0.43828125 0.56640625 0.428125 0.55390625 0.43125 0.53984375 0.42421875 0.53125 0.41640625 0.52734375 0.41484375 0.52734375 0.409375 0.53203125 0.40703125 0.5515625
5 0.43046875 0.6140625 0.4328125 0.61796875 0.4375 0.6125 0.44453125 0.6125 0.446875 0.628125 0.44375 0.6421875 0.44609375 0.64453125 0.465625 0.64453125 0.46953125 0.6390625 0.4625 0.63359375 0.45859375 0.5984375 0.453125 0.59375 0.44296875 0.5921875 0.4421875 0.59296875 0.43203125 0.5984375 0.43046875 0.6140625
5 0.13828125 0.50859375 0.13671875 0.52109375 0.140625 0.5296875 0.13828125 0.53515625 0.10625 0.5546875 0.08515625 0.6 0.084375 0.6078125 0.08671875 0.6125 0.07578125 0.62734375 0.078125 0.63359375 0.0875 0.63828125 0.08671875 0.653125 0.0921875 0.65703125 0.09921875 0.653125 0.09921875 0.63828125 0.10625 0.63125 0.1171875 0.64765625 0.1171875 0.66015625 0.12109375 0.67421875 0.12109375 0.7171875 0.12734375 0.74453125 0.12734375 0.75859375 0.146875 0.7625 0.14921875 0.76875 0.146875 0.7765625 0.1515625 0.78046875 0.17265625 0.7765625 0.18828125 0.76875 0.1875 0.7640625 0.1765625 0.75625 0.17578125 0.74453125 0.17890625 0.6953125 0.1828125 0.68515625 0.1875 0.65703125 0.1890625 0.61328125 0.19453125 0.6125 0.20625 0.62109375 0.209375 0.6265625 0.21640625 0.62890625 0.22265625 0.62734375 0.22734375 0.6203125 0.225 0.61015625 0.21875 0.60078125 0.2140625 0.5828125 0.19140625 0.5515625 0.1859375 0.54609375 0.16953125 0.5375 0.17265625 0.53203125 0.17578125 0.5125 0.16953125 0.50390625 0.1578125 0.4984375 0.153125 0.4984375 0.14296875 0.50234375 0.13828125 0.50859375
4 0.39453125 0.61953125 0.4015625 0.621875 0.40546875 0.6203125 0.40703125 0.61640625 0.403125 0.6125 0.40078125 0.6125 0.39453125 0.615625 0.39453125 0.61953125