2 1 0.577919896484375 0.9858657734375 0.565056142578125 0.981476216796875 0.562656931640625 0.96785408984375 0.561885671875 0.967084708984375 0.5620213359375 0.89697996484375 0.578349203125 0.88512144921875 0.5875798984375 0.870410263671875 0.607626521484375 0.88284475390625 0.687144095703125 0.889631642578125 0.698640216796875 0.926742189453125 0.697649740234375 0.9381026484375 0.690093470703125 0.97381009765625 0.69014369921875 0.97756593359375 0.693447955078125 0.984761689453125 0.69376575390625 1 0.691078828125 1 0.577919896484375
2 0.20987620703125 0.70823045703125 0.207612658203125 0.713389392578125 0.210372384765625 0.720042498046875 0.205118623046875 0.74873444921875 0.204300890625 0.77109109375 0.20705873828125 0.7912306640625 0.2126692578125 0.8005543046875 0.227332091796875 0.8027286640625 0.2276015390625 0.817753892578125 0.231584107421875 0.817844958984375 0.22887085546875 0.802457337890625 0.23204132421875 0.784445654296875 0.231727283203125 0.7646684765625 0.245847466796875 0.7637653125 0.24933198046875 0.7655308046875 0.25417499609375 0.761503642578125 0.279202177734375 0.759470580078125 0.284994833984375 0.7608290859375 0.2902875546875 0.77734848046875 0.28983409375 0.783774853515625 0.2945395703125 0.79246477734375 0.30598921875 0.794412404296875 0.308975673828125 0.797852322265625 0.308657875 0.805048076171875 0.311101681640625 0.805410470703125 0.308343833984375 0.785270900390625 0.31106272265625 0.760199123046875 0.30690365234375 0.72761379296875 0.307855169921875 0.71951299609375 0.300752361328125 0.701726162109375 0.29219998046875 0.6937145546875 0.2852774296875 0.681449052734375 0.273285130859375 0.676423900390625 0.23572112109375 0.68384075 0.216713326171875 0.68401912890625 0.21363580078125 0.684561779296875 0.208928447265625 0.689358322265625 0.20987620703125 0.70823045703125
0 0.373587263671875 0.57940772265625 0.362362466796875 0.587733373046875 0.3555272265625 0.598458236328125 0.357971033203125 0.59882062890625 0.35896714453125 0.595471779296875 0.394223009765625 0.588461916015625 0.39847878125 0.57660528125 0.397529142578125 0.57121961328125 0.39544773046875 0.5684134140625 0.389021357421875 0.567959953125 0.38671321484375 0.56836694140625 0.37725391015625 0.573208080078125 0.373587263671875 0.57940772265625
0 0.521663306640625 0.6048625546875 0.50595788671875 0.6147715625 0.50550442578125 0.621197935546875 0.528810708984375 0.6274013359375 0.578322421875 0.620257689453125 0.583663494140625 0.6145561015625 0.588552984375 0.601794421875 0.58751415625 0.58690485546875 0.5799114140625 0.5842789140625 0.5528028203125 0.58350577734375 0.551264056640625 0.5837771015625 0.53180280078125 0.59038185546875 0.521663306640625 0.6048625546875
5 0.6099693828125 0.52979415625 0.615397767578125 0.54708293359375 0.597655529296875 0.55893769140625 0.5859772734375 0.57368971484375 0.585930798828125 0.582424232421875 0.5976963671875 0.590662572265625 0.606657615234375 0.587495857421875 0.612361080078125 0.57935046484375 0.650060751953125 0.57270299609375 0.654134388671875 0.56881149609375 0.65341148046875 0.560212640625 0.647936623046875 0.551658380859375 0.637076099609375 0.54405376171875 0.632324150390625 0.54409835546875 0.632417095703125 0.526629322265625 0.6273492265625 0.520383205078125 0.62142091015625 0.5182553203125 0.6160352421875 0.519204958984375 0.611327888671875 0.524001501953125 0.6099693828125 0.52979415625
5 0.105247896484375 0.6727347109375 0.09062965625 0.675312302734375 0.083162576171875 0.6734557421875 0.074201328125 0.676622455078125 0.038623908203125 0.71780100390625 0.03224212890625 0.7220994921875 0.0512348984375 0.82981283984375 0.05598684765625 0.82976824609375 0.063229076171875 0.82135152734375 0.054676693359375 0.81333991796875 0.0735971796875 0.79017117578125 0.0713355078125 0.781843646484375 0.0738703828125 0.778223470703125 0.0724226875 0.774512228515625 0.07713004296875 0.769715685546875 0.087674646484375 0.771029595703125 0.0886707578125 0.76768074609375 0.084416865234375 0.766050916015625 0.0847792578125 0.763607109375 0.10822683984375 0.7301204921875 0.13036051171875 0.70717848046875 0.1328507890625 0.698806357421875 0.13172089453125 0.687899359375 0.138827458984375 0.678713259765625 0.137561900390625 0.667036880859375 0.1326296953125 0.661560146484375 0.121180046875 0.659612517578125 0.120546328125 0.660517560546875 0.10837189453125 0.663457544921875 0.105247896484375 0.6727347109375
4 0.417794984375 0.6366634765625 0.424990740234375 0.636981275390625 0.429969419921875 0.6337234921875 0.42490155078125 0.627477376953125 0.421824025390625 0.62802002734375 0.41557791015625 0.633087896484375 0.417794984375 0.6366634765625
4 0.613580166015625 0.599761359375 0.61783405859375 0.601391189453125 0.6177429921875 0.6053737578125 0.620458123046875 0.6072749140625 0.623762376953125 0.603519076171875 0.623310794921875 0.596458984375 0.62127585546875 0.584918267578125 0.617021962890625 0.5832884375 0.613175056640625 0.583966751953125 0.61127390234375 0.5866818828125 0.613580166015625 0.599761359375
1 0.64661895703125 0.58917591796875 0.64743293359375 0.593792205078125 0.654944607421875 0.600400712890625 0.65892717578125 0.60049178125 0.6925086171875 0.59298386328125 0.693504728515625 0.589635013671875 0.68626437890625 0.584565265625 0.668659681640625 0.583702939453125 0.6663515390625 0.584109927734375 0.648655775390625 0.58723016796875 0.64661895703125 0.58917591796875
3 0.715958076171875 0.54601078125 0.724828255859375 0.546826634765625 0.73623330859375 0.544022314453125 0.736053052734375 0.538500984375 0.731799158203125 0.536871154296875 0.72840571484375 0.53112309375 0.7173630546875 0.531483609375 0.71197738671875 0.53243324609375 0.7086731328125 0.536189083984375 0.715958076171875 0.54601078125
3 0.516374341796875 0.5613702265625 0.51655459765625 0.566891556640625 0.520717423828125 0.572503955078125 0.539951951171875 0.569112388671875 0.548370546875 0.562868150390625 0.546969326171875 0.550422390625 0.543077826171875 0.546348755859375 0.52478476953125 0.548781013671875 0.52063011328125 0.549513591796875 0.517054533203125 0.551730666015625 0.516374341796875 0.5613702265625