3 0.29375 0.58359375 0.30078125 0.571875 0.29609375 0.56875 0.291015625 0.56875 0.28203125 0.56953125 0.275 0.57890625 0.275 0.584375 0.29375 0.58359375
3 0.4734375 0.575 0.49140625 0.575 0.49453125 0.56953125 0.49296875 0.55390625 0.47734375 0.5515625 0.473046875 0.5515625 0.46640625 0.55234375 0.46328125 0.55625 0.46328125 0.56953125 0.4734375 0.575
0 0.43046875 0.615625 0.43984375 0.63125 0.4875 0.63125 0.515625 0.61953125 0.515625 0.615625 0.50703125 0.61171875 0.5046875 0.60625 0.49140625 0.603125 0.48046875 0.59296875 0.465625 0.59140625 0.4625 0.59140625 0.45390625 0.5953125 0.43828125 0.5953125 0.43125 0.6 0.43046875 0.615625
0 0.61875 0.56875 0.65234375 0.56953125 0.6546875 0.5734375 0.6578125 0.571875 0.65703125 0.5671875 0.6515625 0.5609375 0.63984375 0.55625 0.63046875 0.54921875 0.6234375 0.5484375 0.62265625 0.54765625 0.6140625 0.55 0.61328125 0.553125 0.61328125 0.55859375 0.61875 0.56875
5 0.7265625 0.53203125 0.7203125 0.5421875 0.7125 0.5703125 0.71171875 0.58203125 0.71640625 0.58984375 0.71875 0.60234375 0.728125 0.60390625 0.7296875 0.615625 0.7625 0.615625 0.78046875 0.6203125 0.78203125 0.60625 0.790625 0.61484375 0.79296875 0.615625 0.796875 0.61171875 0.7921875 0.5984375 0.796875 0.58984375 0.796875 0.58203125 0.77734375 0.53828125 0.759375 0.525 0.7625 0.50546875 0.75390625 0.496875 0.746875 0.496875 0.740625 0.50078125 0.7375 0.50703125 0.7390625 0.525 0.7265625 0.53203125
5 0.6484375 0.5421875 0.6484375 0.55234375 0.65 0.55859375 0.65703125 0.56328125 0.665625 0.58359375 0.6859375 0.584375 0.6890625 0.55625 0.6921875 0.5515625 0.70234375 0.55859375 0.71328125 0.56015625 0.71328125 0.5578125 0.70859375 0.55546875 0.703125 0.546875 0.69296875 0.5203125 0.6859375 0.51171875 0.6828125 0.49609375 0.67734375 0.49375 0.67421875 0.49375 0.66796875 0.4984375 0.665625 0.50703125 0.653125 0.52265625 0.6484375 0.5421875
2 0.7375 0.6546875 0.73203125 0.659375 0.72734375 0.684375 0.73125 0.72421875 0.73828125 0.74921875 0.7375 0.76796875 0.7421875 0.7671875 0.74296875 0.75625 0.7515625 0.7546875 0.753125 0.75234375 0.75625 0.74296875 0.75546875 0.728125 0.759375 0.71796875 0.778125 0.71484375 0.7875 0.71484375 0.79375 0.71796875 0.81015625 0.7140625 0.8125 0.73125 0.81875 0.7484375 0.81875 0.76640625 0.8234375 0.765625 0.82265625 0.75078125 0.83515625 0.74609375 0.8390625 0.73359375 0.83828125 0.71484375 0.82421875 0.6671875 0.825 0.6578125 0.821875 0.653125 0.8203125 0.6390625 0.81796875 0.63359375 0.8140625 0.63203125 0.81171875 0.63203125 0.7921875 0.63515625 0.74921875 0.63515625 0.74375 0.6390625 0.7375 0.6546875
2 0 0.775 0.0078125 0.77421875 0.01484375 0.76875 0.02578125 0.76953125 0.0328125 0.775 0.05078125 0.775 0.06328125 0.77265625 0.06875 0.76875 0.0984375 0.76328125 0.10703125 0.7640625 0.1140625 0.76796875 0.13203125 0.76640625 0.14375 0.7625 0.15078125 0.76328125 0.15390625 0.75859375 0.15625 0.72734375 0.15390625 0.7234375 0.15546875 0.71953125 0.15234375 0.66796875 0.13671875 0.65390625 0.12265625 0.64609375 0.05078125 0.6421875 0.05 0.6421875 0.0359375 0.64609375 0.0265625 0.65546875 0.0046875 0.69609375 0.003125 0.7078125 0 0.709375 0 0.775
1 0.334375 0.6265625 0.365625 0.62578125 0.37109375 0.61796875 0.36953125 0.61171875 0.365 0.61171875 0.346875 0.61171875 0.33203125 0.61484375 0.32421875 0.62265625 0.334375 0.6265625
4 0.403125 0.625 0.4046875 0.61796875 0.403125 0.60234375 0.4 0.60234375 0.3953125 0.6046875 0.39609375 0.625 0.4 0.62734375 0.403125 0.625
4 0.60625 0.61640625 0.6 0.6125 0.5953125 0.6125 0.5921875 0.615625 0.59296875 0.61953125 0.60546875 0.61953125 0.60625 0.61640625