3 0.266394390625 0.556325478515625 0.28509983984375 0.557835103515625 0.293506837890625 0.547060595703125 0.289235119140625 0.543387626953125 0.284194845703125 0.542768759765625 0.275182228515625 0.542449265625 0.26706086328125 0.5508974921875 0.266394390625 0.556325478515625
3 0.4602775546875 0.5478595390625 0.456699794921875 0.55135583203125 0.45508121875 0.564538083984375 0.46449529296875 0.571203806640625 0.48233010546875 0.573393646484375 0.48609828515625 0.568346501953125 0.486451640625 0.552647546875 0.47122873828125 0.54841705859375 0.466963890625 0.547893400390625 0.4602775546875 0.5478595390625
0 0.49170394140625 0.606029291015625 0.47890253125 0.6013090078125 0.46928429296875 0.589895513671875 0.45474160546875 0.586535662109375 0.451639900390625 0.586154822265625 0.442634154296875 0.588984640625 0.42712562109375 0.587080431640625 0.419575517578125 0.59087609765625 0.4168958828125 0.606289421875 0.424296794921875 0.62294048046875 0.471597822265625 0.62874831640625 0.500941337890625 0.620544490234375 0.501417390625 0.616667357421875 0.49336375 0.61174291015625 0.49170394140625 0.606029291015625
0 0.631946224609375 0.57287338671875 0.623497998046875 0.564752021484375 0.616614369140625 0.563119701171875 0.61593415234375 0.562249064453125 0.607118828125 0.563528029296875 0.605962560546875 0.566534525390625 0.6052960859375 0.57196251171875 0.609486337890625 0.582709533203125 0.642734474609375 0.5875790078125 0.644584703125 0.591741771484375 0.647876830078125 0.590571759765625 0.647672666015625 0.585823990234375 0.64300636328125 0.578954103515625 0.631946224609375 0.57287338671875
5 0.713761603515625 0.630933193359375 0.71388430078125 0.642755013671875 0.74645222265625 0.6467538515625 0.7637157734375 0.653596251953125 0.7669804140625 0.6398289921875 0.77446279296875 0.649406 0.77669386328125 0.65046705859375 0.781047048828125 0.6470659765625 0.778013064453125 0.6333124609375 0.783712939453125 0.625354029296875 0.784665044921875 0.617599763671875 0.77061116015625 0.571795607421875 0.754394923828125 0.556423515625 0.759876892578125 0.537418689453125 0.752394513671875 0.527841681640625 0.745415673828125 0.526984787109375 0.73873620703125 0.53010023828125 0.73487281640625 0.53592280859375 0.734233830078125 0.55394804296875 0.720970109375 0.559403517578125 0.7135289609375 0.568722380859375 0.702347119140625 0.59568563671875 0.70014353515625 0.607221826171875 0.7038439921875 0.61554735546875 0.704646904296875 0.628239814453125 0.713761603515625 0.630933193359375
5 0.68079810546875 0.57887164453125 0.684471076171875 0.57459992578125 0.693694728515625 0.582816501953125 0.70436028125 0.58570030078125 0.704645912109375 0.58337401953125 0.700278984375 0.580476478515625 0.6958983125 0.571280310546875 0.689054919921875 0.543678068359375 0.68312339453125 0.53429148046875 0.68192589453125 0.51840210546875 0.6767835390625 0.515409353515625 0.673681833984375 0.51502851171875 0.666907158203125 0.518919388671875 0.6635335625 0.52716344921875 0.64922252734375 0.5411486171875 0.64218970703125 0.559963021484375 0.640951970703125 0.570043568359375 0.641741140625 0.57643740234375 0.64814871875 0.581946857421875 0.65420294140625 0.603155265625 0.67426882421875 0.606406162109375 0.68079810546875 0.57887164453125
2 0.707820306640625 0.79471115625 0.709928677734375 0.783950392578125 0.71864879296875 0.78344685546875 0.72048527734375 0.78131099609375 0.724729509765625 0.772386716796875 0.725763080078125 0.757558400390625 0.73087794921875 0.747953904296875 0.74986903125 0.747137248046875 0.75917415234375 0.7482797734375 0.76499672265625 0.7521431640625 0.781756736328125 0.75026544921875 0.78198838671875 0.767610466796875 0.786097169921875 0.785431537109375 0.78390733203125 0.8032663515625 0.7886551015625 0.8030621875 0.789688673828125 0.788233869140625 0.80266676171875 0.78510467578125 0.80806726171875 0.77317390234375 0.80957688671875 0.754468451171875 0.801427041015625 0.70545363671875 0.803344994140625 0.6962437265625 0.800814548828125 0.69121032421875 0.800977484375 0.67706222265625 0.79931767578125 0.67134860546875 0.79563096484375 0.66932169921875 0.79330468359375 0.669036068359375 0.77353817578125 0.669757513671875 0.73088970703125 0.66452094140625 0.72498566796875 0.6677316015625 0.716878046875 0.682478451171875 0.710878796875 0.6864645390625 0.70317950390625 0.7107069296875 0.70220090625 0.7507297421875 0.70613301171875 0.776400291015625 0.70307253515625 0.7949153203125 0.707820306640625 0.79471115625
2 0 0.71324569140625 0.002780775390625 0.716014357421875 0.02061558984375 0.718204197265625 0.033308046875 0.71740128515625 0.0392120859375 0.714190623046875 0.0693447734375 0.7123806328125 0.077779255859375 0.714203375 0.084282044921875 0.71893740234375 0.102307279296875 0.719576388671875 0.11441473046875 0.717127412109375 0.121298361328125 0.718759732421875 0.124971330078125 0.714488013671875 0.13110602734375 0.683756578125 0.129255798828125 0.6795938125 0.131282705078125 0.675907099609375 0.134464884765625 0.62434809765625 0.120670140625 0.608486208984375 0.107664564453125 0.599018154296875 0.036801361328125 0.586381662109375 0.03602593359375 0.586286451171875 0.021592201171875 0.588449796875 0.011144556640625 0.596612392578125 0 0.612351974609375 0 0.71324569140625
1 0.31928733203125 0.59351748046875 0.3105809609375 0.600319642578125 0.320185455078125 0.60543451171875 0.351297732421875 0.608467501953125 0.35767782421875 0.601379708984375 0.356888654296875 0.594985875 0.3523911796875 0.594433654296875 0.334401279296875 0.592224771484375 0.31928733203125 0.59351748046875
4 0.3852260859375 0.614207615234375 0.388613423828125 0.61226217578125 0.391021169921875 0.6054737578125 0.391374525390625 0.589774802734375 0.388272818359375 0.5893939609375 0.383334626953125 0.591148978515625 0.381634583984375 0.611405283203125 0.3852260859375 0.614207615234375
4 0.59127167578125 0.628487193359375 0.585544314453125 0.623848376953125 0.58089175390625 0.62327711328125 0.577409205078125 0.625997978515625 0.577708580078125 0.629970322265625 0.59011540625 0.631493689453125 0.59127167578125 0.628487193359375