2 0 0.734720671875 0.001954595703125 0.734579533203125 0.01705105859375 0.742683599609375 0.039652119140625 0.74426401953125 0.05261214453125 0.738121853515625 0.078657576171875 0.735244181640625 0.088009740234375 0.7358981484375 0.098539115234375 0.742116537109375 0.133266357421875 0.738279640625 0.1367652265625 0.733042201171875 0.14013871484375 0.7183981015625 0.14170275 0.6848316875 0.139909681640625 0.6768747265625 0.143430275390625 0.648927232421875 0.14147371484375 0.6433083125 0.126142876953125 0.627356279296875 0.1149431484375 0.619524697265625 0.053592732421875 0.61210202734375 0.049695998046875 0.611829541015625 0.03410905859375 0.61073959765625 0.0260976015625 0.61331201171875 0.0117587578125 0.627972498046875 0 0.647883181640625 0 0.734720671875
2 0.723013982421875 0.782651443359375 0.721111919921875 0.77625317578125 0.72299759765625 0.77168608984375 0.7324042578125 0.771560708984375 0.734905791015625 0.76938616015625 0.73867714453125 0.760251986328125 0.738099400390625 0.746114748046875 0.741091408203125 0.736926076171875 0.745151634765625 0.734860521484375 0.762460759765625 0.733721419921875 0.777884205078125 0.73714940625 0.795247826171875 0.735230958984375 0.79504622265625 0.74931369921875 0.799918568359375 0.769233349609375 0.802872462890625 0.771789380859375 0.817173193359375 0.768873595703125 0.821996380859375 0.755897185546875 0.82230698046875 0.74025575 0.81176655859375 0.689396595703125 0.810447580078125 0.66346016015625 0.808600015625 0.656282544921875 0.80408742578125 0.653617521484375 0.801749384765625 0.653454029296875 0.781268375 0.65515448828125 0.746306759765625 0.65114341796875 0.738349798828125 0.652936486328125 0.73256738671875 0.657231087890625 0.716577240234375 0.684306626953125 0.71684438671875 0.71408530078125 0.713345517578125 0.719322740234375 0.720823048828125 0.769184556640625 0.71822890625 0.783883154296875 0.723013982421875 0.782651443359375
5 0.720947701171875 0.5546080546875 0.70518088671875 0.544890796875 0.7005048046875 0.5445638125 0.694722392578125 0.5488584140625 0.693343576171875 0.557376732421875 0.68801352734375 0.566401912109375 0.685855365234375 0.574865734375 0.688700265625 0.57898045703125 0.6978889375 0.58197246484375 0.70706122265625 0.573999119140625 0.730441630859375 0.575634037109375 0.72942791015625 0.567731572265625 0.720947701171875 0.5546080546875
5 0.65596235546875 0.610366982421875 0.665025646484375 0.603952330078125 0.696145025390625 0.60691156640625 0.700205251953125 0.60484601171875 0.70107720703125 0.5923764609375 0.684242173828125 0.5755360859375 0.686836314453125 0.560837490234375 0.680421662109375 0.55177419921875 0.67574558203125 0.55144721484375 0.666736787109375 0.55708251953125 0.66553784765625 0.57422815234375 0.63651679296875 0.597259849609375 0.634413126953125 0.60494432421875 0.642440970703125 0.613337263671875 0.65090479296875 0.615495427734375 0.655019515625 0.612650525390625 0.656921578125 0.61904879296875 0.658752759765625 0.615261052734375 0.65596235546875 0.610366982421875
4 0.589696140625 0.628444771484375 0.596873755859375 0.626597205078125 0.59787108984375 0.62353431640625 0.591129455078125 0.61914710546875 0.58801206640625 0.6189291171875 0.583788349609375 0.623332712890625 0.584404205078125 0.62572525 0.589696140625 0.628444771484375
4 0.393104455078125 0.595118798828125 0.3882648828125 0.59712985546875 0.38902250390625 0.619894408203125 0.39542076953125 0.617992345703125 0.39700119140625 0.59539128515625 0.393104455078125 0.595118798828125
1 0.31942625390625 0.6071961875 0.3190447734375 0.612651615234375 0.354006388671875 0.616662685546875 0.358012119140625 0.6153764765625 0.363233171875 0.6079099921875 0.360497265625 0.60223657421875 0.35660053125 0.601964087890625 0.33233178125 0.6018333671875 0.31942625390625 0.6071961875
0 0.507521345703125 0.6164332890625 0.49710096484375 0.608656205078125 0.4935857109375 0.6029282890625 0.483508697265625 0.601440478515625 0.479159599609375 0.5964374140625 0.4808272890625 0.59498771484375 0.474865 0.590655001953125 0.4593870546875 0.58800636328125 0.454710974609375 0.58767937890625 0.446590521484375 0.59181048828125 0.43100358203125 0.59072054296875 0.4236624765625 0.594906150390625 0.422627029296875 0.6097137421875 0.4287691953125 0.622673767578125 0.435456333984375 0.62784032421875 0.483884837890625 0.629660458984375 0.496065517578125 0.623463796875 0.50719436328125 0.621109369140625 0.507521345703125 0.6164332890625
0 0.60824765625 0.564739927734375 0.6144443203125 0.576920607421875 0.646343046875 0.579934341796875 0.651182619140625 0.577923283203125 0.6282218046875 0.559088236328125 0.61981248046875 0.5561507265625 0.6151363984375 0.5558237421875 0.609517478515625 0.557780302734375 0.60824765625 0.564739927734375
3 0.462002923828125 0.5505977109375 0.458613048828125 0.55427645703125 0.45779558984375 0.56596666015625 0.467491123046875 0.572909900390625 0.48619544921875 0.574217833984375 0.49052816015625 0.568255544921875 0.4891710703125 0.55406380859375 0.485437828125 0.55145328125 0.481073484375 0.55114809765625 0.462002923828125 0.5505977109375
3 0.26942801171875 0.56062629296875 0.271221080078125 0.56858325390625 0.289255052734375 0.568277998046875 0.295309951171875 0.560086662109375 0.2955824375 0.556189927734375 0.291794697265625 0.554358748046875 0.286728943359375 0.554004515625 0.2737062265625 0.5554433515625 0.26942801171875 0.56062629296875