2 0 0.77421875 0.00703125 0.77421875 0.01484375 0.76875 0.02265625 0.76875 0.0328125 0.775 0.05390625 0.775 0.0671875 0.76875 0.09921875 0.76328125 0.10859375 0.76484375 0.11328125 0.76875 0.11953125 0.76875 0.1515625 0.7625 0.15546875 0.75078125 0.15625 0.72734375 0.15390625 0.72265625 0.153125 0.70234375 0.1546875 0.67265625 0.15078125 0.665625 0.13671875 0.65390625 0.12265625 0.64609375 0.059375 0.64296875 0.05494765625 0.64296875 0.03671875 0.6453125 0.0265625 0.65546875 0.0046875 0.69609375 0.00390625 0.70546875 0 0.709375 0 0.77421875
2 0.7359375 0.65703125 0.73203125 0.66015625 0.72890625 0.66796875 0.72734375 0.684375 0.7296875 0.6890625 0.73125 0.7234375 0.73828125 0.7484375 0.73828125 0.76796875 0.740625 0.76875 0.7421875 0.76640625 0.7421875 0.75625 0.75 0.7546875 0.753125 0.75078125 0.75625 0.74296875 0.75703125 0.721875 0.75859375 0.71875 0.76328125 0.7171875 0.771875 0.71796875 0.77421875 0.715625 0.78671875 0.71484375 0.79453125 0.71953125 0.79296875 0.72578125 0.796875 0.72578125 0.7953125 0.71640625 0.81015625 0.7140625 0.8125 0.73046875 0.81953125 0.75 0.8171875 0.7625 0.8203125 0.7671875 0.8234375 0.76640625 0.82109375 0.75078125 0.83515625 0.74609375 0.8390625 0.734375 0.83828125 0.715625 0.83203125 0.6890625 0.8234375 0.66640625 0.82421875 0.6578125 0.821875 0.6546875 0.8203125 0.6390625 0.81875 0.634375 0.8140625 0.63203125 0.8109375 0.63203125 0.7890625 0.63515625 0.75 0.63515625 0.74375 0.6390625 0.7359375 0.65703125
5 0.89921875 0.61328125 0.89921875 0.6171875 0.89453125 0.6234375 0.896875 0.63359375 0.921875 0.65390625 0.95625 0.6890625 0.9625 0.690625 0.965625 0.6984375 0.97109375 0.70390625 0.98046875 0.70546875 0.98203125 0.7078125 0.97734375 0.70859375 0.97578125 0.71171875 0.9796875 0.71328125 0.98046875 0.71953125 0.984375 0.7234375 0.98671875 0.72265625 0.9875 0.71953125 0.98203125 0.71484375 0.9875 0.70703125 0.98671875 0.7015625 0.9890625 0.6984375 0.9859375 0.68203125 0.99609375 0.6765625 0.9953125 0.6703125 0.99296875 0.66875 0.9953125 0.6671875 0.99609375 0.6578125 0.99921875 0.65546875 0.99921875 0.6390625 0.98984375 0.634375 0.9859375 0.628125 0.97578125 0.6203125 0.96953125 0.60546875 0.95625 0.60390625 0.94921875 0.59921875 0.93203125 0.59609375 0.92578125 0.58671875 0.909375 0.58046875 0.90390625 0.58046875 0.8984375 0.58046875 0.88671875 0.58828125 0.88828125 0.603125 0.89921875 0.61328125
5 0.36875 0.56796875 0.35703125 0.58671875 0.35546875 0.596875 0.3875 0.5984375 0.39296875 0.60234375 0.40390625 0.60234375 0.40625 0.60390625 0.40703125 0.61640625 0.42890625 0.615625 0.42734375 0.5984375 0.41796875 0.56953125 0.40546875 0.5578125 0.40859375 0.54375 0.40703125 0.53671875 0.4015625 0.53203125 0.396875 0.53203125 0.38984375 0.53671875 0.3890625 0.55390625 0.375 0.56171875 0.36875 0.56796875
0 0.4359375 0.625 0.44296875 0.63125 0.49375 0.63046875 0.515625 0.6203125 0.515625 0.615625 0.503125 0.61015625 0.49765625 0.6046875 0.4984375 0.6015625 0.49296875 0.603125 0.484375 0.59453125 0.46796875 0.5921875 0.4640625 0.5921875 0.44453125 0.59453125 0.4296875 0.6 0.43046875 0.615625 0.4359375 0.625
0 0.65390625 0.56953125 0.65546875 0.5734375 0.66015625 0.57265625 0.6578125 0.5671875 0.6515625 0.5625 0.6390625 0.55625 0.6328125 0.55 0.62421875 0.54765625 0.6203125 0.54765625 0.61484375 0.54921875 0.61328125 0.55234375 0.615625 0.56796875 0.65390625 0.56953125
4 0.6046875 0.6203125 0.60625 0.61640625 0.59921875 0.6125 0.596875 0.6125 0.59375 0.6140625 0.5921875 0.61953125 0.59765625 0.621875 0.6046875 0.6203125
4 0.4015625 0.6203125 0.40625 0.6171875 0.40703125 0.609375 0.40390625 0.603125 0.396875 0.603125 0.3953125 0.6171875 0.396875 0.62421875 0.4 0.6265625 0.4015625 0.6203125
1 0.33515625 0.6265625 0.36484375 0.62578125 0.37109375 0.61796875 0.36953125 0.61171875 0.365625 0.61171875 0.35 0.61171875 0.33125 0.615625 0.32578125 0.62265625 0.33515625 0.6265625
3 0.47109375 0.575 0.4921875 0.575 0.49453125 0.5625 0.49140625 0.55390625 0.48671875 0.55234375 0.4822265625 0.55234375 0.46640625 0.553125 0.4625 0.5578125 0.46328125 0.5703125 0.47109375 0.575
3 0.29453125 0.58359375 0.30078125 0.57109375 0.29609375 0.56875 0.291015625 0.56875 0.28046875 0.5703125 0.275 0.57890625 0.275 0.584375 0.29453125 0.58359375