2 0 0.77421875 0.00625 0.77421875 0.01484375 0.76875 0.021875 0.76875 0.0328125 0.775 0.053125 0.775 0.065625 0.76953125 0.1015625 0.76328125 0.1140625 0.76875 0.15078125 0.76328125 0.15546875 0.75078125 0.15625 0.72734375 0.15390625 0.7234375 0.153125 0.66875 0.13671875 0.65390625 0.1234375 0.64609375 0.06171875 0.64296875 0.0578125 0.64296875 0.03671875 0.6453125 0.02109375 0.6625 0.0046875 0.69609375 0.0046875 0.703125 0 0.71015625 0 0.77421875
2 0.73984375 0.65 0.7328125 0.66015625 0.72890625 0.68359375 0.72890625 0.7078125 0.73359375 0.7359375 0.73984375 0.75390625 0.7515625 0.7546875 0.753125 0.75234375 0.75625 0.74296875 0.75625 0.71953125 0.77890625 0.71484375 0.78671875 0.71484375 0.79296875 0.71796875 0.79921875 0.71484375 0.8109375 0.7140625 0.8125 0.73125 0.81796875 0.746875 0.82421875 0.74921875 0.83515625 0.74609375 0.8390625 0.73125 0.83828125 0.7171875 0.83203125 0.68984375 0.825 0.67109375 0.821875 0.64296875 0.81796875 0.63359375 0.8140625 0.63203125 0.8109375 0.63203125 0.78984375 0.63515625 0.75234375 0.634375 0.74140625 0.64296875 0.73984375 0.65
5 0.6703125 0.55546875 0.6765625 0.5671875 0.67734375 0.57578125 0.68203125 0.58203125 0.68203125 0.6125 0.684375 0.615625 0.69296875 0.615625 0.69375 0.61171875 0.690625 0.60703125 0.6953125 0.60078125 0.7234375 0.6 0.7265625 0.5875 0.73515625 0.56953125 0.73515625 0.5609375 0.721875 0.55234375 0.71484375 0.53984375 0.70703125 0.53515625 0.703125 0.53515625 0.6953125 0.5390625 0.6875 0.54765625 0.67734375 0.55 0.6703125 0.55546875
5 0.31796875 0.5921875 0.31640625 0.59453125 0.32109375 0.6 0.3 0.61484375 0.2921875 0.63984375 0.32109375 0.64296875 0.35625 0.64140625 0.3625 0.64921875 0.3640625 0.66640625 0.371875 0.66796875 0.37578125 0.66015625 0.3765625 0.6421875 0.36796875 0.6328125 0.36171875 0.61953125 0.34140625 0.60625 0.34765625 0.59453125 0.34921875 0.57734375 0.346875 0.5703125 0.3390625 0.56640625 0.33359375 0.56640625 0.325 0.5671875 0.31875 0.571875 0.315625 0.58828125 0.31796875 0.5921875
5 0.3765625 0.7046875 0.38046875 0.70234375 0.38359375 0.70703125 0.38671875 0.72578125 0.37890625 0.75390625 0.38359375 0.7578125 0.39375 0.75859375 0.41171875 0.7546875 0.41484375 0.7484375 0.40859375 0.7390625 0.40234375 0.7375 0.40078125 0.734375 0.41328125 0.7203125 0.41328125 0.709375 0.4078125 0.69140625 0.40703125 0.67265625 0.40078125 0.66796875 0.390625 0.66796875 0.3859375 0.66796875 0.37109375 0.6703125 0.36640625 0.7 0.3703125 0.70390625 0.3765625 0.7046875
5 0.35546875 0.74453125 0.359375 0.73515625 0.359375 0.7234375 0.35625 0.72109375 0.35546875 0.72109375 0.34921875 0.72265625 0.346875 0.7265625 0.3453125 0.74453125 0.35546875 0.74453125
0 0.43671875 0.6265625 0.4421875 0.63125 0.48984375 0.63125 0.515625 0.6203125 0.51484375 0.61484375 0.49453125 0.60625 0.48359375 0.5953125 0.465625 0.59140625 0.4609375 0.59140625 0.43828125 0.5953125 0.43046875 0.60078125 0.43046875 0.615625 0.43671875 0.6265625
0 0.61953125 0.56875 0.65859375 0.57109375 0.64921875 0.5609375 0.63984375 0.55703125 0.63359375 0.55078125 0.6234375 0.54765625 0.621875 0.54765625 0.61484375 0.54921875 0.61328125 0.553125 0.61328125 0.5578125 0.61953125 0.56875
3 0.47265625 0.575 0.4921875 0.575 0.4953125 0.56953125 0.49375 0.559375 0.4921875 0.5546875 0.48671875 0.55234375 0.48203125 0.55234375 0.46640625 0.553125 0.4625 0.5578125 0.46328125 0.5703125 0.47265625 0.575
3 0.2953125 0.5828125 0.30078125 0.57109375 0.29609375 0.56875 0.2890625 0.56875 0.2796875 0.571875 0.275 0.57890625 0.275 0.584375 0.2953125 0.5828125
4 0.60546875 0.61953125 0.60546875 0.615625 0.59921875 0.6125 0.59609375 0.6125 0.590625 0.61796875 0.59140625 0.6203125 0.5984375 0.621875 0.60546875 0.61953125
1 0.36953125 0.61171875 0.365625 0.61171875 0.36015625 0.6140625 0.365625 0.61875 0.371875 0.61640625 0.36953125 0.61171875