2 1 0.675102509765625 0.986764330078125 0.64950949609375 0.976958796875 0.637344294921875 0.968070365234375 0.629055697265625 0.95468814453125 0.626396109375 0.953934634765625 0.6272041484375 0.88221248046875 0.632835646484375 0.86843119921875 0.641134162109375 0.85406 0.654925361328125 0.851826740234375 0.658130251953125 0.854478896484375 0.689306685546875 0.851474779296875 0.715208556640625 0.853073509765625 0.738604513671875 0.8581943984375 0.750933306640625 0.89430086328125 0.755144525390625 0.90194501171875 0.750187228515625 0.91050626171875 0.749106537109375 0.94351689453125 0.75420758984375 0.946776318359375 0.758002400390625 0.95463858984375 0.759291294921875 0.976500263671875 0.758527869140625 0.983336373046875 0.7528170625 0.9942399453125 0.751654576171875 1 0.75539405859375 1 0.675102509765625
2 0.184735837890625 0.65015653125 0.18371959375 0.665826544921875 0.18145906640625 0.668250662109375 0.1825670234375 0.677592685546875 0.17479646484375 0.701315826171875 0.169504556640625 0.728861041015625 0.1693236171875 0.7460653359375 0.173636466796875 0.75764062109375 0.187853990234375 0.761834490234375 0.186029708984375 0.776750994140625 0.1892073359375 0.778203482421875 0.191495126953125 0.776560138671875 0.191195208984375 0.767971623046875 0.188634765625 0.7618072265625 0.196432587890625 0.738864859375 0.19750336328125 0.724756396484375 0.210831052734375 0.725854435546875 0.214843984375 0.728841205078125 0.220173076171875 0.724746478515625 0.246020416015625 0.726189048828125 0.250786857421875 0.728367779296875 0.253429095703125 0.736874498046875 0.252412853515625 0.752544509765625 0.2558086015625 0.760243189453125 0.258259984375 0.763284490234375 0.2676838046875 0.76451885546875 0.267257478515625 0.77469618359375 0.27199665234375 0.776094140625 0.2712604921875 0.755013240234375 0.276688728515625 0.731371896484375 0.27848574609375 0.715674619140625 0.27707787109375 0.697744080078125 0.2792293359375 0.692196865234375 0.2729186953125 0.6681837265625 0.262949572265625 0.65133387890625 0.254869177734375 0.643798791015625 0.216611248046875 0.645134787109375 0.19385973828125 0.6428023828125 0.190736642578125 0.642911443359375 0.18613379296875 0.645417357421875 0.184735837890625 0.65015653125
5 0.053092365234375 0.61879421875 0.039982796875 0.62394237109375 0.02396825390625 0.63544577734375 0.00582951171875 0.653277173828125 0.009155869140625 0.748531611328125 0.0398514453125 0.754495234375 0.05468615234375 0.7539771953125 0.083609490234375 0.709190501953125 0.082583328125 0.70219080078125 0.07932390625 0.6983959921875 0.06195601953125 0.693530408203125 0.0806301484375 0.66864478125 0.105959451171875 0.655252642578125 0.111152216796875 0.647254044921875 0.12506982421875 0.642859400390625 0.134810908203125 0.630793341796875 0.132840380859375 0.619136259765625 0.123252970703125 0.61321725 0.113075642578125 0.612790923828125 0.09608946875 0.618856177734375 0.08647479296875 0.61215639453125 0.06874972265625 0.611993640625 0.063805080078125 0.6121663125 0.05758615234375 0.61316520703125 0.053092365234375 0.61879421875
5 0.57348696484375 0.589677470703125 0.57593834765625 0.592718771484375 0.589347833984375 0.5961591328125 0.592607255859375 0.599953943359375 0.601812953125 0.594942115234375 0.63379742578125 0.593043466796875 0.6351681171875 0.587523517578125 0.62913012890625 0.571318119140625 0.609229064453125 0.561068912109375 0.60298287109375 0.561287033203125 0.574775861328125 0.58181519921875 0.57348696484375 0.589677470703125
4 0.600370384765625 0.620789455078125 0.602821767578125 0.623830755859375 0.607506412109375 0.6236671640625 0.609112572265625 0.60250446875 0.605853150390625 0.59870966015625 0.601168505859375 0.598873251953125 0.598181736328125 0.602886181640625 0.600370384765625 0.620789455078125
4 0.399575119140625 0.62389275 0.406656615234375 0.62520891015625 0.41204023828125 0.622675732421875 0.40711020703125 0.615812357421875 0.404767884765625 0.61589415234375 0.397877244140625 0.62004341015625 0.399575119140625 0.62389275
0 0.512187525390625 0.60276226171875 0.5022010546875 0.607801353515625 0.496172982421875 0.61426566796875 0.489926791015625 0.614483791015625 0.48858336328125 0.620784513671875 0.51473062109375 0.63081559765625 0.562357841796875 0.62915241796875 0.56765966796875 0.62427691796875 0.5735241484375 0.613127958984375 0.573006107421875 0.598293251953125 0.56740436328125 0.59458023828125 0.5398591484375 0.589288328125 0.539105640625 0.5900963671875 0.51813380078125 0.593955625 0.512187525390625 0.60276226171875
0 0.362985310546875 0.5610689453125 0.350711046875 0.567751380859375 0.34320322265625 0.576612548828125 0.38294090625 0.57287969921875 0.388805384765625 0.561730740234375 0.388614529296875 0.556265322265625 0.386943919921875 0.553196755859375 0.381423970703125 0.551826064453125 0.377520099609375 0.551962390625 0.369013380859375 0.554604630859375 0.362985310546875 0.5610689453125
1 0.6378748046875 0.620261498046875 0.67928309765625 0.61959721484375 0.677503427734375 0.613405552734375 0.671901681640625 0.6096925390625 0.649903681640625 0.606552095703125 0.645999810546875 0.606688421875 0.632781181640625 0.608713478515625 0.6378748046875 0.620261498046875
3 0.70160579296875 0.56487858203125 0.708260962890625 0.5763720703125 0.72780758203125 0.57647121484375 0.728452029296875 0.572540078125 0.721851388671875 0.56260813671875 0.711646794921875 0.561401037109375 0.706962150390625 0.56156462890625 0.702304771484375 0.562508994140625 0.70160579296875 0.56487858203125
3 0.50770116796875 0.563832619140625 0.510425203125 0.57468166015625 0.531506103515625 0.573945498046875 0.539150251953125 0.568988201171875 0.539494783203125 0.55646855078125 0.535427322265625 0.551920232421875 0.518223025390625 0.55173929296875 0.51431915625 0.551875619140625 0.51046981640625 0.553573494140625 0.50770116796875 0.563832619140625