2 0.942489412109375 0.650714208984375 0.9380627421875 0.65063694140625 0.8739554609375 0.652643421875 0.86133465234375 0.6594554453125 0.843082310546875 0.67554559765625 0.8401020390625 0.756755955078125 0.84302204296875 0.768527458984375 0.87572046875 0.7753491640625 0.881969517578125 0.775458240234375 0.89300079296875 0.770181208984375 0.900017337890625 0.771085052734375 0.929604873046875 0.777071087890625 0.941226396484375 0.782743525390625 0.961535802734375 0.78309802734375 0.9694425546875 0.77776645703125 0.979610892578125 0.777162578125 0.988107890625 0.7827804765625 0.995124435546875 0.7836843203125 0.99626975 0.718069314453125 0.9924186328125 0.7148766171875 0.99181475390625 0.704708279296875 0.97825887890625 0.6755610078125 0.96911709765625 0.6621181640625 0.96067463671875 0.653375740234375 0.942489412109375 0.650714208984375
2 0.1836810703125 0.626529994140625 0.178953380859375 0.628791580078125 0.176514544921875 0.634218591796875 0.172912806640625 0.661503638671875 0.15966480078125 0.704247689453125 0.1569123671875 0.727640716796875 0.1605998671875 0.740206986328125 0.174592052734375 0.744358064453125 0.17696271484375 0.74283670703125 0.184347396484375 0.722650013671875 0.18615508203125 0.708616923828125 0.19318526171875 0.70873963671875 0.20249066015625 0.712808908203125 0.208794248046875 0.7097934609375 0.235311796875 0.71260043359375 0.239176548828125 0.715012 0.241356326171875 0.7244264765625 0.23953500390625 0.739240697265625 0.242509546875 0.74788767578125 0.24481203515625 0.75027197265625 0.25417197265625 0.751216720703125 0.25643355859375 0.75594441015625 0.25655626953125 0.748914232421875 0.26488569921875 0.719367599609375 0.267034251953125 0.685806236328125 0.269500357421875 0.6788169609375 0.268169884765625 0.66551046484375 0.257561283203125 0.646572435546875 0.254614009765625 0.636363193359375 0.2476792734375 0.6307725625 0.239895234375 0.629073955078125 0.201592544921875 0.6299681171875 0.18680559375 0.626584533203125 0.1836810703125 0.626529994140625
5 0.2570313046875 0.54264110546875 0.2538522421875 0.545711091796875 0.2405184765625 0.548603826171875 0.235749880859375 0.553208802734375 0.229309947265625 0.564035560546875 0.2299683671875 0.571079373046875 0.25025050390625 0.572996138671875 0.260255224609375 0.581765830078125 0.26738084765625 0.576420625 0.28071461328125 0.573527890625 0.28320798828125 0.564976353515625 0.272517578125 0.550725109375 0.27512003125 0.535924525390625 0.26976119140625 0.529580033203125 0.265074404296875 0.5294982265625 0.2579351484375 0.5356245625 0.2570313046875 0.54264110546875
5 0.253692580078125 0.599622765625 0.251993970703125 0.607406806640625 0.25825665234375 0.60673475390625 0.262888900390625 0.6099410859375 0.27379746484375 0.611694232421875 0.275686958984375 0.592974357421875 0.264860203125 0.586534423828125 0.264079072265625 0.5865207890625 0.262353193359375 0.595867091796875 0.253692580078125 0.599622765625
5 0.524069033203125 0.55355321875 0.525344966796875 0.569984240234375 0.530621998046875 0.581015517578125 0.528196796875 0.5856613984375 0.530444748046875 0.591170220703125 0.524949560546875 0.5926370390625 0.528019546875 0.5958161015625 0.53196610546875 0.5935408828125 0.538160615234375 0.596774484375 0.55693502734375 0.595539455078125 0.56237567578125 0.59719716015625 0.566926115234375 0.60509027734375 0.569324046875 0.602006658203125 0.568624724609375 0.597306236328125 0.55635841796875 0.58380885546875 0.553397509765625 0.574380744140625 0.554642220703125 0.547835923828125 0.549283380859375 0.54149143359375 0.543075236328125 0.539038962890625 0.542280470703125 0.539806458984375 0.5289330703125 0.54348032421875 0.524069033203125 0.55355321875
5 0.473017095703125 0.658146919921875 0.45566859765625 0.667220529296875 0.45402452734375 0.671880044921875 0.461013802734375 0.674346150390625 0.48838065625 0.673261103515625 0.48772223828125 0.6662172890625 0.49355829296875 0.6452221953125 0.48667809375 0.636507041015625 0.486006041015625 0.630244359375 0.485211275390625 0.63101185546875 0.473153443359375 0.650335609375 0.473017095703125 0.658146919921875
0 0.359182216796875 0.554581953125 0.34816457421875 0.559077853515625 0.33784625390625 0.56827417578125 0.3377508125 0.573742091796875 0.340861701171875 0.57457776171875 0.346452330078125 0.567643025390625 0.379273466796875 0.567434552734375 0.38245253125 0.56436456640625 0.386589974609375 0.551153513671875 0.38509588671875 0.547220587890625 0.37965523828125 0.5455628828125 0.374968453125 0.545481076171875 0.365540341796875 0.548441982421875 0.359182216796875 0.554581953125
0 0.484730107421875 0.613813337890625 0.482291271484375 0.6192403515625 0.51020746875 0.631448166015625 0.55159377734375 0.632951935546875 0.55869212890625 0.6291689921875 0.567502724609375 0.616820876953125 0.56850201171875 0.604336416015625 0.556153896484375 0.5955258203125 0.53117133984375 0.59430837890625 0.52726568359375 0.594240205078125 0.498063873046875 0.610920603515625 0.484730107421875 0.613813337890625
4 0.589991908203125 0.62658985546875 0.5914996328125 0.6297416484375 0.5969539140625 0.63061822265625 0.598897947265625 0.60877382421875 0.597390224609375 0.60562203125 0.593498203125 0.6047727265625 0.592717072265625 0.604759091796875 0.58875687890625 0.60781544140625 0.589991908203125 0.62658985546875
4 0.39168007421875 0.6176587265625 0.401793873046875 0.62017937109375 0.40574043359375 0.617904150390625 0.401957490234375 0.610805798828125 0.39883296484375 0.610751259765625 0.39173461328125 0.614534203125 0.39168007421875 0.6176587265625
1 0.626841412109375 0.619419376953125 0.633721611328125 0.628134529296875 0.672778162109375 0.628816263671875 0.67209247265625 0.623334712890625 0.66670636328125 0.618552482421875 0.649589654296875 0.614346865234375 0.64724626171875 0.6143059609375 0.629280248046875 0.61399236328125 0.626841412109375 0.619419376953125
3 0.699414470703125 0.580054955078125 0.705527171875 0.58797534375 0.72427431640625 0.588302576171875 0.724356123046875 0.5836157890625 0.71827069140625 0.574133140625 0.705018734375 0.572339087890625 0.701113080078125 0.5722709140625 0.697947650390625 0.57455976953125 0.699414470703125 0.580054955078125
3 0.504981021484375 0.57275426171875 0.5080510078125 0.57593332421875 0.527592916015625 0.575493060546875 0.528414951171875 0.573163302734375 0.523864513671875 0.56527018359375 0.524069033203125 0.55355321875 0.51784725390625 0.55188187890625 0.513941599609375 0.551813705078125 0.506884150390625 0.553253255859375 0.504981021484375 0.57275426171875