2 1 0.589850072265625 0.99282321484375 0.580142146484375 0.98108100390625 0.57092809375 0.966702779296875 0.57004142578125 0.966053361328125 0.5709352734375 0.89478048828125 0.585387740234375 0.882884896484375 0.595181701171875 0.869124923828125 0.613180833984375 0.868437162109375 0.61882668359375 0.87246305859375 0.629262880859375 0.875204478515625 0.6715420546875 0.87964254296875 0.694568787109375 0.886105548828125 0.70540997265625 0.92399936328125 0.7049451015625 0.935489966796875 0.69758825 0.967982359375 0.69797887890625 0.984392705078125 0.701707642578125 1 0.699235689453125 1 0.589850072265625
2 0.20404806640625 0.69399801953125 0.20592680859375 0.715848130859375 0.19973694921875 0.766660775390625 0.20165403515625 0.783758884765625 0.207467623046875 0.795493916015625 0.223511326171875 0.79690778515625 0.22724008984375 0.780497439453125 0.227149041015625 0.759946162109375 0.241282837890625 0.75928956640625 0.243964375 0.76123781640625 0.249648568359375 0.757173576171875 0.27625068359375 0.7553331796875 0.280475484375 0.757037001953125 0.282874248046875 0.762193994140625 0.284913548828125 0.780063732421875 0.2894666484375 0.788834453125 0.292148185546875 0.790782705078125 0.301529978515625 0.790087763671875 0.303806529296875 0.794473123046875 0.302469349609375 0.801012818359375 0.3058003046875 0.802067224609375 0.30351657421875 0.78265422265625 0.3063514921875 0.765594458984375 0.306092705078125 0.733995912109375 0.299660865234375 0.703375080078125 0.295107765625 0.694604359375 0.28023350390625 0.675603525390625 0.274221009765625 0.672600869140625 0.234867802734375 0.6788338046875 0.21354489453125 0.679047068359375 0.210458369140625 0.67953592578125 0.20619522265625 0.682584107421875 0.20404806640625 0.69399801953125
5 0.277348328125 0.58746979296875 0.2770272109375 0.595430537109375 0.29542415234375 0.591725759765625 0.305050373046875 0.59257408203125 0.313866619140625 0.59829662109375 0.3197952421875 0.595775642578125 0.318244798828125 0.5809924296875 0.312392865234375 0.574009400390625 0.31039908984375 0.566415298828125 0.30438659765625 0.563412642578125 0.298213544921875 0.564390357421875 0.2851796796875 0.571991638671875 0.277348328125 0.58746979296875
5 0.321987921875 0.5946373671875 0.307494662109375 0.6080067109375 0.304254755859375 0.627503583984375 0.30770792578125 0.629329619140625 0.342958546875 0.622164494140625 0.3503537421875 0.62890309375 0.3685446015625 0.618903048828125 0.370813970703125 0.608260767578125 0.366994158203125 0.6041198359375 0.359927259765625 0.604448134765625 0.349567751953125 0.5989700234375 0.339047685546875 0.59747228515625 0.34172204296875 0.58439289453125 0.34062211328125 0.5774482109375 0.331683654296875 0.5709540390625 0.324738970703125 0.57205396875 0.31913864453125 0.581641845703125 0.321987921875 0.5946373671875
0 0.370799611328125 0.578205482421875 0.361379474609375 0.583652427734375 0.3538692421875 0.591169837890625 0.354602529296875 0.595799626953125 0.35886567578125 0.592751447265625 0.392817462890625 0.58737401171875 0.3974017265625 0.576365087890625 0.39617958203125 0.568648771484375 0.388623826171875 0.565890544921875 0.38553730078125 0.56637940234375 0.37599494921875 0.57105471484375 0.370799611328125 0.578205482421875
0 0.521533724609375 0.600999859375 0.51410018359375 0.599013263671875 0.508866501953125 0.610916033203125 0.50265510546875 0.616645751953125 0.503388390625 0.62127554296875 0.513908458984375 0.62277328125 0.524145751953125 0.627479759765625 0.537630130859375 0.627717009765625 0.578282171875 0.619696380859375 0.582300890625 0.6151049375 0.586640724609375 0.602552748046875 0.58431865234375 0.58789175 0.576640681640625 0.584361890625 0.55877094140625 0.58640119140625 0.551986818359375 0.583520748046875 0.549671923828125 0.583887392578125 0.532168826171875 0.588241587890625 0.521533724609375 0.600999859375
1 0.6465452109375 0.596228763671875 0.653168775390625 0.603089578125 0.6917503515625 0.596978857421875 0.69191091015625 0.592998484375 0.684760142578125 0.5878031484375 0.653283810546875 0.588833568359375 0.648654021484375 0.589566853515625 0.645811923828125 0.591598974609375 0.6465452109375 0.596228763671875
4 0.61434276953125 0.607657037109375 0.617146521484375 0.610376919921875 0.6217763125 0.6096436328125 0.61977535546875 0.587021890625 0.6155505546875 0.585318068359375 0.6116923984375 0.585929140625 0.611699578125 0.60095678125 0.61434276953125 0.607657037109375
4 0.4154223984375 0.635207986328125 0.42183987890625 0.635773533203125 0.42675244140625 0.6318315078125 0.42536973828125 0.628095564453125 0.4211449375 0.6263917421875 0.419601673828125 0.626636169921875 0.4132680625 0.6315942578125 0.4154223984375 0.635207986328125
3 0.51704295703125 0.55266984765625 0.5153007890625 0.56164665234375 0.5166451484375 0.57013459765625 0.519448900390625 0.57285448046875 0.54105458203125 0.5694324765625 0.54726598046875 0.5637027578125 0.5460821796875 0.551234439453125 0.537388150390625 0.54628353125 0.536738732421875 0.547177376953125 0.522077734375 0.549499451171875 0.51704295703125 0.55266984765625
3 0.711424587890625 0.5464034609375 0.715893818359375 0.549650546875 0.73465740234375 0.5482606640625 0.734573533203125 0.542737029296875 0.72794996875 0.53587621484375 0.720638642578125 0.53466125 0.71446558984375 0.53563896484375 0.707887548828125 0.5390537890625 0.711424587890625 0.5464034609375