2 0 0.734442853515625 0.005851330078125 0.73485201953125 0.01783040625 0.74273809765625 0.03892726953125 0.74343017578125 0.051053451171875 0.738012859375 0.084167501953125 0.734846314453125 0.096310068359375 0.7403943515625 0.104882884765625 0.740993822265625 0.134879548828125 0.7376092890625 0.1387598984375 0.726916421875 0.140220279296875 0.661233291015625 0.14353926953125 0.6473685390625 0.14147371484375 0.6433083125 0.13277551953125 0.633302181640625 0.114163802734375 0.619470201171875 0.04351571875 0.610614216796875 0.04039833203125 0.610396228515625 0.02771079296875 0.61264166015625 0.0109249140625 0.62869734765625 0 0.648952302734375 0 0.734442853515625
2 0.733183603515625 0.77161520703125 0.734905791015625 0.76938616015625 0.73867714453125 0.760251986328125 0.741091408203125 0.736926076171875 0.762460759765625 0.733721419921875 0.777104859375 0.737094908203125 0.79446848046875 0.7351764609375 0.79504622265625 0.74931369921875 0.799973064453125 0.76845400390625 0.80604434765625 0.771228021484375 0.817173193359375 0.768873595703125 0.82304821484375 0.752054947265625 0.822415974609375 0.7386970546875 0.81803410546875 0.711763283203125 0.812273419921875 0.693347828125 0.81111793359375 0.665073349609375 0.807875166015625 0.655448701171875 0.80408742578125 0.653617521484375 0.800970037109375 0.65339953125 0.784385763671875 0.655372478515625 0.747865453125 0.6512524140625 0.73996298828125 0.652266134765625 0.73173354296875 0.6579559375 0.7269648515625 0.670153001953125 0.721127943359375 0.67522694921875 0.714762447265625 0.699059720703125 0.71520946875 0.737465708984375 0.7215478984375 0.77001840234375 0.733183603515625 0.77161520703125
5 0.692989525390625 0.618438279296875 0.68454208984375 0.62724546875 0.6859917890625 0.628913158203125 0.696123298828125 0.62962162109375 0.7010718671875 0.62605187109375 0.70558445703125 0.62871689453125 0.70964468359375 0.62665133984375 0.719688923828125 0.606208443359375 0.716789525390625 0.60287306640625 0.70453796484375 0.59888372265625 0.69411758203125 0.591106638671875 0.689877478515625 0.584544880859375 0.702984611328125 0.5650993203125 0.698237646484375 0.554586328125 0.687708271484375 0.548367939453125 0.68147349609375 0.5479319609375 0.672464701171875 0.553567267578125 0.66637169140625 0.573503302734375 0.660207798828125 0.58325333203125 0.656218455078125 0.59550489453125 0.6545835390625 0.61888530078125 0.659259619140625 0.61921228515625 0.665478009765625 0.608682908203125 0.679560751953125 0.60888451171875 0.689474271484375 0.61271036328125 0.692989525390625 0.618438279296875
5 0.50855679296875 0.601625697265625 0.507139865234375 0.621888716796875 0.509799548828125 0.65105153515625 0.506426060546875 0.665695634765625 0.51249734375 0.668469654296875 0.52283045703125 0.655095376953125 0.521015662109375 0.669848470703125 0.522863228515625 0.677026083984375 0.526378482421875 0.682754 0.53489680078125 0.68413281640625 0.538286673828125 0.6804540703125 0.54769867578125 0.64665328125 0.54743153125 0.616874607421875 0.550205548828125 0.61080332421875 0.560157181640625 0.602884474609375 0.560865646484375 0.59275296484375 0.567917880859375 0.58149873828125 0.5684628515625 0.57370526953125 0.558609169921875 0.535424662109375 0.54740944140625 0.527593080078125 0.55049405859375 0.505880361328125 0.549207849609375 0.5018746328125 0.543191064453125 0.498321267578125 0.54007367578125 0.49810327734375 0.533620912109375 0.5007846875 0.53012204296875 0.506022126953125 0.530481798828125 0.52327675390625 0.520748154296875 0.52807821484375 0.510469537109375 0.540673146484375 0.49988032421875 0.56890951171875 0.499280853515625 0.577482328125 0.50408231640625 0.587215970703125 0.503482845703125 0.595788787109375 0.50855679296875 0.601625697265625
4 0.593647373046875 0.62793791015625 0.597707599609375 0.62587235546875 0.597146240234375 0.622700470703125 0.590350107421875 0.619092609375 0.5887914140625 0.61898361328125 0.58551053515625 0.621103666015625 0.58518355078125 0.625779748046875 0.593647373046875 0.62793791015625
4 0.40147566796875 0.609801009765625 0.4007889296875 0.59722246484375 0.395333501953125 0.596840984375 0.39094629296875 0.603582619140625 0.392030896484375 0.62167108984375 0.39681597265625 0.620439380859375 0.40147566796875 0.609801009765625
0 0.50480182421875 0.621725224609375 0.505292298828125 0.614711103515625 0.496882974609375 0.611773591796875 0.490795306640625 0.59803421875 0.486571587890625 0.602437814453125 0.47781889453125 0.59321103125 0.457049013671875 0.58784287109375 0.45626966796875 0.587788375 0.449037556640625 0.590415287109375 0.4317829296875 0.590775041015625 0.424496322265625 0.59418130078125 0.421956677734375 0.60810055078125 0.42664914453125 0.619392888671875 0.43244794140625 0.626063640625 0.4744236796875 0.630565185546875 0.484664185546875 0.62971495703125 0.496065517578125 0.623463796875 0.50480182421875 0.621725224609375
0 0.610351322265625 0.557055453125 0.608520142578125 0.560843193359375 0.614389822265625 0.577699953125 0.647122392578125 0.579988837890625 0.65214184375 0.58660509375 0.653248173828125 0.581983509765625 0.651182619140625 0.577923283203125 0.62287537109375 0.5571480625 0.617809615234375 0.556793830078125 0.610351322265625 0.557055453125
1 0.34023424609375 0.600819646484375 0.324429318359375 0.602847087890625 0.316145375 0.60931623828125 0.315927384765625 0.612433626953125 0.355619580078125 0.61599233203125 0.36317867578125 0.608689337890625 0.363505658203125 0.6040132578125 0.36127661328125 0.602291072265625 0.357068138671875 0.601996787109375 0.34023424609375 0.600819646484375
3 0.462002923828125 0.5505977109375 0.4576702109375 0.55656 0.458465943359375 0.5675798515625 0.467491123046875 0.572909900390625 0.48463675390625 0.57410883984375 0.49085514453125 0.563579462890625 0.487612376953125 0.553954814453125 0.483099787109375 0.551289791015625 0.478423705078125 0.550962806640625 0.462002923828125 0.5505977109375
3 0.270441732421875 0.5685287578125 0.289255052734375 0.568277998046875 0.296307287109375 0.557023771484375 0.292574044921875 0.554413244140625 0.287897962890625 0.55408626171875 0.276878111328125 0.554881994140625 0.2700438671875 0.56301883203125 0.270441732421875 0.5685287578125