2 0 0.77421875 0.00703125 0.77421875 0.01328125 0.76953125 0.021875 0.76875 0.0328125 0.775 0.05546875 0.775 0.0671875 0.76953125 0.096875 0.7640625 0.10625 0.7640625 0.11484375 0.76875 0.1203125 0.76875 0.1515625 0.76328125 0.1546875 0.75859375 0.15625 0.728125 0.15390625 0.7234375 0.153125 0.703125 0.1546875 0.67109375 0.15234375 0.66796875 0.13671875 0.65390625 0.1234375 0.64609375 0.0609375 0.64296875 0.05703125 0.64296875 0.03671875 0.6453125 0.028125 0.65390625 0.021875 0.66171875 0.0046875 0.696875 0.00390625 0.7046875 0 0.70859375 0 0.77421875
3 0.29453125 0.5828125 0.30078125 0.57109375 0.2921875 0.56875 0.2875 0.56875 0.28046875 0.57109375 0.275 0.57890625 0.27578125 0.584375 0.29453125 0.5828125
1 0.32421875 0.62578125 0.36484375 0.62578125 0.37109375 0.61484375 0.36640625 0.61171875 0.3619140625 0.61171875 0.3484375 0.61171875 0.33125 0.615625 0.325 0.62109375 0.32421875 0.62578125
4 0.4078125 0.6234375 0.409375 0.60625 0.40703125 0.60390625 0.4015625 0.60390625 0.3984375 0.61015625 0.40078125 0.62734375 0.40546875 0.6265625 0.4078125 0.6234375
3 0.49140625 0.575 0.4953125 0.56875 0.49296875 0.55390625 0.4703125 0.5515625 0.46953125 0.5515625 0.4625 0.55703125 0.46328125 0.56953125 0.47421875 0.575 0.49140625 0.575
0 0.43046875 0.60078125 0.4296875 0.61484375 0.44140625 0.63125 0.490625 0.63125 0.515625 0.6203125 0.51328125 0.61328125 0.5015625 0.6109375 0.49453125 0.6046875 0.4953125 0.60234375 0.48671875 0.60078125 0.46875 0.58984375 0.4640625 0.58984375 0.459375 0.58984375 0.45390625 0.59453125 0.4359375 0.59609375 0.43046875 0.60078125
0 0.65546875 0.56796875 0.65078125 0.56171875 0.6265625 0.5484375 0.621875 0.5484375 0.6140625 0.55 0.6140625 0.55859375 0.62109375 0.56875 0.65546875 0.56796875
5 0.56171875 0.56640625 0.56015625 0.5828125 0.5625 0.58671875 0.58203125 0.584375 0.584375 0.58203125 0.5953125 0.5828125 0.59375 0.57890625 0.57734375 0.57890625 0.57734375 0.57578125 0.60546875 0.5734375 0.60234375 0.559375 0.59296875 0.5515625 0.590625 0.53203125 0.58515625 0.52734375 0.58359375 0.52734375 0.57578125 0.53125 0.56875 0.53984375 0.571875 0.55390625 0.56171875 0.56640625
5 0.53046875 0.6390625 0.534375 0.64453125 0.55390625 0.64453125 0.55625 0.6421875 0.553125 0.628125 0.55546875 0.6125 0.5625 0.6125 0.5671875 0.61796875 0.56953125 0.6140625 0.56796875 0.5984375 0.5578125 0.59296875 0.55703125 0.5921875 0.546875 0.59375 0.54140625 0.5984375 0.5375 0.63359375 0.53046875 0.6390625
5 0.83046875 0.5375 0.8140625 0.54609375 0.80859375 0.5515625 0.7859375 0.5828125 0.78125 0.60078125 0.775 0.61015625 0.77265625 0.6203125 0.77734375 0.62734375 0.78359375 0.62890625 0.790625 0.6265625 0.79375 0.62109375 0.80546875 0.6125 0.8109375 0.61328125 0.8125 0.65703125 0.8171875 0.68515625 0.82109375 0.6953125 0.82421875 0.74453125 0.8234375 0.75625 0.8125 0.7640625 0.81171875 0.76875 0.82734375 0.7765625 0.8484375 0.78046875 0.853125 0.7765625 0.85078125 0.76875 0.853125 0.7625 0.87265625 0.75859375 0.87265625 0.74453125 0.87890625 0.7171875 0.87890625 0.67421875 0.8828125 0.66015625 0.8828125 0.64765625 0.89375 0.63125 0.90078125 0.63828125 0.90078125 0.653125 0.9078125 0.65703125 0.91328125 0.653125 0.9125 0.63828125 0.921875 0.63359375 0.92421875 0.62734375 0.91328125 0.6125 0.915625 0.6078125 0.91484375 0.6 0.89375 0.5546875 0.86171875 0.53515625 0.859375 0.5296875 0.86328125 0.52109375 0.86171875 0.50859375 0.85703125 0.50234375 0.846875 0.4984375 0.8421875 0.4984375 0.83046875 0.50390625 0.82421875 0.5125 0.82734375 0.53203125 0.83046875 0.5375
4 0.60546875 0.61953125 0.60546875 0.615625 0.59921875 0.6125 0.596875 0.6125 0.59296875 0.61640625 0.59453125 0.6203125 0.5984375 0.621875 0.60546875 0.61953125