2 0.1190277421875 0.840864892578125 0.15256458984375 0.828605025390625 0.171979373046875 0.8307347890625 0.203208076171875 0.81888191015625 0.20425066015625 0.80679854296875 0.201357150390625 0.785889591796875 0.19353143359375 0.75950390625 0.187833603515625 0.727189900390625 0.16896334765625 0.7146511953125 0.15375786328125 0.7093993125 0.092434109375 0.71703913671875 0.087561619140625 0.717898287109375 0.068990283203125 0.723552822265625 0.062019380859375 0.733508302734375 0.056587240234375 0.74319245703125 0.04703311328125 0.778989095703125 0.0474846953125 0.7860491875 0.043818048828125 0.79224883203125 0.055349373046875 0.857646220703125 0.062138138671875 0.855655876953125 0.068882310546875 0.84891358203125 0.07978930859375 0.847783685546875 0.087663376953125 0.851948390625 0.108436666015625 0.848285498046875 0.1190277421875 0.840864892578125
2 0.796177896484375 0.69052626953125 0.800478263671875 0.683421583984375 0.79948403125 0.673283966796875 0.81084448828125 0.665727697265625 0.80333469140625 0.64563272265625 0.79261546484375 0.598338083984375 0.792119287109375 0.58652604296875 0.781710345703125 0.585981513671875 0.774785916015625 0.587202478515625 0.768404138671875 0.591500966796875 0.7695805078125 0.593673447265625 0.7593945390625 0.616888662109375 0.75762716796875 0.633859640625 0.76061174609375 0.6507860234375 0.778028671875 0.700072884765625 0.78974964453125 0.703559275390625 0.794365931640625 0.702745298828125 0.79712753515625 0.6959119375 0.796177896484375 0.69052626953125
5 0.75917719921875 0.55266951953125 0.7517528359375 0.569051375 0.750936982421875 0.5779215546875 0.76166184375 0.58475679296875 0.784471951171875 0.57914815234375 0.78890798046875 0.572812845703125 0.791487447265625 0.57394462109375 0.793022453125 0.6006462265625 0.7981330390625 0.6251307578125 0.804646724609375 0.648574583984375 0.815685626953125 0.675187 0.815232166015625 0.681613373046875 0.822468759765625 0.713656052734375 0.827174234375 0.722345974609375 0.826178123046875 0.72569482421875 0.906465078125 0.713124671875 0.900947505859375 0.686331998046875 0.89162762109375 0.6649695859375 0.89040853515625 0.64455869140625 0.881631302734375 0.626273802734375 0.8822223046875 0.60713034375 0.8695089765625 0.58001987109375 0.869193056640625 0.57372916015625 0.861501125 0.5615993203125 0.86095847265625 0.558521796875 0.866661939453125 0.55037640234375 0.8653053125 0.542682591796875 0.84670826171875 0.51819618359375 0.844808984375 0.50742484765625 0.83987677734375 0.50194811328125 0.824355373046875 0.49040551953125 0.809421212890625 0.4866923984375 0.805756443359375 0.479405576171875 0.793492818359375 0.47284166015625 0.789149736328125 0.46170793359375 0.774669037109375 0.4515684375 0.76851398828125 0.45265373828125 0.75679113671875 0.462653814453125 0.754979171875 0.47487284375 0.760498623046875 0.488179052734375 0.767331984375 0.49094065625 0.7752506484375 0.49985730859375 0.76633399609375 0.507775970703125 0.758865037109375 0.519405876953125 0.757144138671875 0.527642337890625 0.760128716796875 0.544568720703125 0.75917719921875 0.55266951953125
5 0.507727134765625 0.5843141171875 0.501211572265625 0.574356759765625 0.485463435546875 0.5660273515625 0.477226974609375 0.564306453125 0.472610689453125 0.5651204296875 0.461339419921875 0.58218059765625 0.460116578125 0.5887426328125 0.462558505859375 0.6025914921875 0.478353115234375 0.6021863828125 0.4880837421875 0.598884005859375 0.493605072265625 0.59870375 0.502248521484375 0.602732791015625 0.506729146484375 0.60114943359375 0.508721369140625 0.594451734375 0.507727134765625 0.5843141171875
0 0.62906824609375 0.5256332109375 0.627529484375 0.52590453515625 0.62164576171875 0.528528599609375 0.620649650390625 0.531877447265625 0.621734951171875 0.53803249609375 0.62965361328125 0.5469491484375 0.66210328125 0.54202069921875 0.66554319921875 0.5390342421875 0.659207892578125 0.53459821484375 0.64594815625 0.5313831484375 0.640382232421875 0.52681145703125 0.62906824609375 0.5256332109375
0 0.51835905078125 0.608618392578125 0.49410312890625 0.59702932421875 0.484734892578125 0.59788789453125 0.479304630859375 0.594085583984375 0.476227107421875 0.594628234375 0.4755023203125 0.59951584765625 0.4535972578125 0.60575820703125 0.44581237890625 0.611097400390625 0.449793068359375 0.62467493359375 0.46495208203125 0.638661333984375 0.511250607421875 0.63129095703125 0.53614400390625 0.615002048828125 0.53546569140625 0.61115514453125 0.5319811796875 0.609389650390625 0.51835905078125 0.608618392578125
4 0.61733600390625 0.603065615234375 0.623989107421875 0.600305888671875 0.624849556640625 0.596187658203125 0.617246814453125 0.593561716796875 0.614938671875 0.593968705078125 0.61213247265625 0.5960501171875 0.61154334765625 0.601707109375 0.61733600390625 0.603065615234375
4 0.428112859375 0.641190572265625 0.43096553125 0.63037464453125 0.42906625390625 0.61960330859375 0.424042978515625 0.618109140625 0.42327359765625 0.6182448046875 0.419471287109375 0.62367506640625 0.424401615234375 0.642638267578125 0.428112859375 0.641190572265625
1 0.352488662109375 0.644212232421875 0.348052634765625 0.6505475390625 0.348730947265625 0.654394443359375 0.389508142578125 0.64720432421875 0.39367284765625 0.639330255859375 0.392723208984375 0.633944587890625 0.390143740234375 0.632812814453125 0.372447974609375 0.6359330546875 0.37013983203125 0.63634004296875 0.352488662109375 0.644212232421875
3 0.291622126953125 0.618452751953125 0.2930698203125 0.622163994140625 0.3062849609375 0.620627109375 0.31280240234375 0.61709800390625 0.31628879296875 0.605377029296875 0.312668619140625 0.60284215625 0.308821712890625 0.60352046875 0.296013560546875 0.60736549609375 0.291622126953125 0.618452751953125
3 0.47645759375 0.5644421171875 0.484558392578125 0.5653936328125 0.504289095703125 0.573814107421875 0.505196017578125 0.560961361328125 0.501666912109375 0.554443919921875 0.485238583984375 0.555754072265625 0.47908353515625 0.556839373046875 0.475507955078125 0.55905644921875 0.47645759375 0.5644421171875