2 0.10367837109375 0.84436304296875 0.11155524609375 0.839160525390625 0.113908486328125 0.83404187890625 0.14314661328125 0.823874095703125 0.151634560546875 0.82252973828125 0.15931253125 0.82605959765625 0.16625721484375 0.824959666015625 0.19703860546875 0.814547455078125 0.199391845703125 0.80942880859375 0.198735248046875 0.79529501171875 0.192586181640625 0.761465439453125 0.1889269296875 0.75334413671875 0.184932197265625 0.72312829296875 0.18200623046875 0.719636779296875 0.16616143359375 0.709490533203125 0.15092770703125 0.703202447265625 0.078554904296875 0.71071023046875 0.077783271484375 0.7108324453125 0.063733345703125 0.717012677734375 0.05241048046875 0.735416798828125 0.049331134765625 0.750933298828125 0.041461439453125 0.77116345703125 0.041911953125 0.779001986328125 0.0386648671875 0.78347121484375 0.049175306640625 0.849831525390625 0.056769408203125 0.84783775 0.06363022265625 0.841214185546875 0.07057490625 0.840114255859375 0.08081219921875 0.844820734375 0.098559724609375 0.842009802734375 0.10367837109375 0.84436304296875
2 0.77673277734375 0.714032044921875 0.7746623125 0.715941951171875 0.777993267578125 0.716996357421875 0.77969708984375 0.712771556640625 0.78895666796875 0.711304982421875 0.7912260390625 0.700662701171875 0.787437390625 0.676742125 0.802136734375 0.669668046875 0.81667551953125 0.666574341796875 0.8233374296875 0.66868315234375 0.840596095703125 0.662785693359375 0.844705861328125 0.67874552734375 0.852796 0.694865919921875 0.85921348046875 0.695431466796875 0.86952746484375 0.690633939453125 0.87143019140625 0.67767676171875 0.865204435546875 0.653351197265625 0.846258751953125 0.613638525390625 0.84580823828125 0.60579999609375 0.843004486328125 0.60308011328125 0.83926136328125 0.58943517578125 0.8358465390625 0.582857134765625 0.830850107421875 0.58127552734375 0.828535212890625 0.581642169921875 0.813591439453125 0.587172984375 0.7710294921875 0.593123146484375 0.761975998046875 0.600884986328125 0.759828841796875 0.612298900390625 0.7550001484375 0.6217645625 0.753586279296875 0.637808263671875 0.760101990234375 0.67395273046875 0.76799322265625 0.6988055 0.774173455078125 0.71285542578125 0.77673277734375 0.714032044921875
5 0.718781439453125 0.557894064453125 0.7195147265625 0.562523853515625 0.739577146484375 0.559346279296875 0.742059779296875 0.57002690625 0.74933276171875 0.575993873046875 0.766553083984375 0.574848419921875 0.77248170703125 0.57232744140625 0.773926740234375 0.53650409375 0.777861587890625 0.526389013671875 0.77927545703125 0.510345310546875 0.761597443359375 0.48862459375 0.758343177734375 0.478066181640625 0.74952693359375 0.472343642578125 0.749198634765625 0.465276744140625 0.74602823828125 0.460241966796875 0.74078737890625 0.457117095703125 0.736929220703125 0.45772816796875 0.726615236328125 0.4625256953125 0.72231374609375 0.470325880859375 0.7314199453125 0.487867322265625 0.726874025390625 0.4941242421875 0.7265600859375 0.51711262890625 0.714259505859375 0.52934369921875 0.702807248046875 0.531948546875 0.728033837890625 0.541399849609375 0.72864491015625 0.5452580078125 0.718781439453125 0.557894064453125
5 0.720899876953125 0.48636958203125 0.713955193359375 0.48746951171875 0.7099364765625 0.49206095703125 0.708522607421875 0.50810466015625 0.698215802734375 0.527929830078125 0.699720720703125 0.532437404296875 0.703173890625 0.53426344140625 0.710890205078125 0.533041296875 0.72591066796875 0.518006474609375 0.728172859375 0.49233655078125 0.72679015625 0.488600607421875 0.720899876953125 0.48636958203125
5 0.717520951171875 0.554929751953125 0.719751974609375 0.549039474609375 0.718369271484375 0.54530353125 0.705167666015625 0.541857541015625 0.701309509765625 0.54246861328125 0.694532564453125 0.554615814453125 0.711630671875 0.552698728515625 0.717520951171875 0.554929751953125
4 0.6231518359375 0.59835193359375 0.615596080078125 0.59559370703125 0.6125095546875 0.596082564453125 0.609751326171875 0.6036383203125 0.616291021484375 0.604975498046875 0.62221964453125 0.60245451953125 0.6231518359375 0.59835193359375
0 0.629372859375 0.527759642578125 0.62705796484375 0.528126287109375 0.6203577109375 0.530769478515625 0.619264958984375 0.5388524375 0.628936705078125 0.5499763984375 0.661467443359375 0.5456150234375 0.665287255859375 0.549755955078125 0.66955040234375 0.5467077734375 0.658579822265625 0.537371505859375 0.645378216796875 0.533925515625 0.63822744921875 0.5287301796875 0.629372859375 0.527759642578125
0 0.51844719921875 0.601488716796875 0.51085309765625 0.6034824921875 0.49667377734375 0.593863451171875 0.479453455078125 0.595008904296875 0.4763669296875 0.595497763671875 0.47080494921875 0.600333634765625 0.453179638671875 0.60391619921875 0.4469682421875 0.60964591796875 0.44929031640625 0.624306916015625 0.457296583984375 0.634903673828125 0.4625374453125 0.638028544921875 0.510500814453125 0.6312228828125 0.53425365234375 0.61638696484375 0.533520365234375 0.61175717578125 0.51844719921875 0.601488716796875
4 0.419608853515625 0.6416638125 0.423344796875 0.640281109375 0.424399203125 0.636950154296875 0.4210994140625 0.616116103515625 0.417241255859375 0.61672717578125 0.412978109375 0.61977535546875 0.4168051015625 0.6389439296875 0.419608853515625 0.6416638125
1 0.347396611328125 0.645191224609375 0.34670884765625 0.65083707421875 0.384763220703125 0.646391830078125 0.390363546875 0.636803953125 0.389630259765625 0.6321741640625 0.3862993046875 0.631119759765625 0.381669515625 0.631853044921875 0.351415328125 0.64059978125 0.347396611328125 0.645191224609375
3 0.494299 0.553899171875 0.4896692109375 0.55463245703125 0.47577984375 0.556832318359375 0.4725327578125 0.561301546875 0.473472126953125 0.572226603515625 0.47639809375 0.5757181171875 0.483953849609375 0.578476345703125 0.50401626953125 0.57529876953125 0.506247294921875 0.5694084921875 0.503115244140625 0.5596217109375 0.499051001953125 0.553937515625 0.494299 0.553899171875
3 0.29011378125 0.613132537109375 0.29096928125 0.618533958984375 0.30936622265625 0.6148291796875 0.3132627265625 0.60946610546875 0.3143554765625 0.601383146484375 0.3070441484375 0.600168181640625 0.301642728515625 0.60102368359375 0.293643638671875 0.605454568359375 0.29011378125 0.613132537109375