2 0 0.775 0.00703125 0.77421875 0.015625 0.76875 0.02578125 0.76953125 0.0328125 0.775 0.0546875 0.775 0.06640625 0.76953125 0.1015625 0.76328125 0.11328125 0.76875 0.15078125 0.76328125 0.15546875 0.75390625 0.15390625 0.6703125 0.13671875 0.65390625 0.12265625 0.64609375 0.06015625 0.64296875 0.05625 0.64296875 0.03828125 0.64453125 0.03203125 0.64921875 0.02109375 0.6625 0.0046875 0.69765625 0.00390625 0.70625 0 0.709375 0 0.775
2 0.73828125 0.65390625 0.73203125 0.66015625 0.728125 0.6765625 0.728125 0.70390625 0.73828125 0.75078125 0.73828125 0.76796875 0.7421875 0.7671875 0.74375 0.75546875 0.75390625 0.75234375 0.75703125 0.7359375 0.75625 0.72578125 0.75859375 0.71953125 0.76171875 0.71796875 0.78828125 0.71640625 0.7921875 0.71953125 0.7921875 0.725 0.79453125 0.72734375 0.79140625 0.74140625 0.79375 0.74375 0.8 0.74375 0.8 0.7328125 0.79609375 0.7171875 0.81015625 0.71484375 0.8125 0.73203125 0.81875 0.7484375 0.81796875 0.765625 0.8203125 0.7671875 0.8234375 0.765625 0.82265625 0.75078125 0.83515625 0.746875 0.83984375 0.72890625 0.83828125 0.715625 0.82421875 0.6671875 0.825 0.65859375 0.82265625 0.65546875 0.8203125 0.63828125 0.81484375 0.63203125 0.8109375 0.63203125 0.796875 0.634375 0.74921875 0.63515625 0.74296875 0.63984375 0.73828125 0.65390625
5 0.7125 0.525 0.70859375 0.53359375 0.703125 0.53828125 0.6953125 0.5609375 0.6890625 0.56328125 0.69140625 0.56484375 0.6890625 0.584375 0.6921875 0.590625 0.703125 0.58515625 0.7046875 0.5734375 0.71015625 0.5640625 0.71328125 0.571875 0.71328125 0.58203125 0.71875 0.59453125 0.72265625 0.59765625 0.72265625 0.61328125 0.76171875 0.615625 0.76484375 0.61171875 0.76328125 0.5875 0.76640625 0.57734375 0.7640625 0.56171875 0.7671875 0.53984375 0.76484375 0.53046875 0.75625 0.52265625 0.76015625 0.515625 0.759375 0.503125 0.75234375 0.49375 0.7453125 0.48984375 0.740625 0.48984375 0.7296875 0.50078125 0.7265625 0.5140625 0.72109375 0.5203125 0.7125 0.525
5 0.6875 0.55703125 0.6890625 0.56328125 0.69375 0.5625 0.69921875 0.5453125 0.71015625 0.52734375 0.72421875 0.51640625 0.728125 0.503125 0.7234375 0.49765625 0.71953125 0.49765625 0.71171875 0.50078125 0.709375 0.50859375 0.69140625 0.53203125 0.6875 0.55703125
5 0.71640625 0.58828125 0.7109375 0.58046875 0.71015625 0.571875 0.70859375 0.571875 0.70625 0.57421875 0.7078125 0.58671875 0.715625 0.5921875 0.71640625 0.58828125
4 0.60546875 0.61953125 0.60546875 0.615625 0.5984375 0.6125 0.59765625 0.6125 0.59375 0.6140625 0.59375 0.6203125 0.5984375 0.621875 0.60546875 0.61953125
4 0.40546875 0.62734375 0.40859375 0.6234375 0.409375 0.60625 0.40546875 0.603125 0.40390625 0.603125 0.4 0.60546875 0.3984375 0.61015625 0.40078125 0.628125 0.40546875 0.62734375
0 0.4296875 0.6140625 0.43671875 0.6265625 0.4421875 0.63125 0.490625 0.63125 0.515625 0.6203125 0.515625 0.615625 0.51171875 0.6125 0.5046875 0.61171875 0.49765625 0.6046875 0.4984375 0.6015625 0.49453125 0.60390625 0.484375 0.59453125 0.47578125 0.59453125 0.4640625 0.590625 0.4625 0.590625 0.45546875 0.59375 0.4375 0.5953125 0.43046875 0.60078125 0.4296875 0.6140625
0 0.61953125 0.56875 0.6546875 0.56875 0.6546875 0.565625 0.65 0.5609375 0.6265625 0.5484375 0.622265625 0.5484375 0.61484375 0.54921875 0.61171875 0.55703125 0.61796875 0.56328125 0.61953125 0.56875
1 0.365625 0.62578125 0.3703125 0.61875 0.36953125 0.6125 0.3578125 0.61171875 0.3546875 0.61171875 0.33125 0.615625 0.32421875 0.621875 0.325 0.62578125 0.365625 0.62578125
3 0.490625 0.57578125 0.4953125 0.56875 0.49140625 0.5546875 0.475 0.55234375 0.46875 0.55234375 0.4625 0.5578125 0.46328125 0.5703125 0.47109375 0.575 0.490625 0.57578125
3 0.29921875 0.57734375 0.30078125 0.5703125 0.2984375 0.56875 0.29401015625 0.56875 0.28046875 0.5703125 0.27421875 0.58359375 0.29296875 0.584375 0.29921875 0.57734375