2 0 0.77421875 0.00703125 0.77421875 0.01328125 0.76953125 0.02265625 0.76875 0.0328125 0.775 0.05546875 0.775 0.06875 0.76875 0.09609375 0.7640625 0.10625 0.7640625 0.1140625 0.76875 0.11953125 0.76875 0.15078125 0.76328125 0.15546875 0.75078125 0.15625 0.728125 0.15390625 0.72265625 0.15546875 0.71171875 0.15234375 0.6859375 0.15390625 0.6703125 0.15078125 0.665625 0.1234375 0.64609375 0.06015625 0.64296875 0.05546875 0.64296875 0.03671875 0.6453125 0.028125 0.65390625 0.021875 0.66171875 0.0046875 0.696875 0.00390625 0.7046875 0 0.709375 0 0.77421875
2 0.7421875 0.64140625 0.7390625 0.6515625 0.73203125 0.66171875 0.728125 0.68359375 0.728125 0.7046875 0.7390625 0.753125 0.75234375 0.75390625 0.75625 0.74375 0.7546875 0.728125 0.75703125 0.71953125 0.771875 0.71484375 0.7875 0.71484375 0.79375 0.7171875 0.81015625 0.7140625 0.81171875 0.728125 0.81796875 0.746875 0.8203125 0.74921875 0.834375 0.746875 0.8390625 0.73203125 0.83828125 0.71796875 0.82421875 0.66640625 0.825 0.6578125 0.82265625 0.6546875 0.821875 0.64296875 0.81796875 0.63359375 0.8140625 0.63203125 0.81171875 0.63203125 0.79765625 0.63515625 0.75390625 0.634375 0.746875 0.63671875 0.7421875 0.64140625
5 0.640625 0.51875 0.63671875 0.52890625 0.63671875 0.5359375 0.6453125 0.54140625 0.6453125 0.54609375 0.6390625 0.57265625 0.634375 0.5828125 0.63828125 0.58671875 0.6375 0.59609375 0.64296875 0.61171875 0.6421875 0.615625 0.65 0.61796875 0.6734375 0.6171875 0.68203125 0.609375 0.68203125 0.5703125 0.67421875 0.52890625 0.6859375 0.5171875 0.690625 0.50859375 0.68671875 0.5 0.6765625 0.49296875 0.67109375 0.49296875 0.66484375 0.496875 0.65703125 0.50703125 0.65078125 0.50859375 0.640625 0.51875
5 0.31796875 0.60703125 0.31640625 0.6125 0.3109375 0.61796875 0.3078125 0.64140625 0.35625 0.64140625 0.3609375 0.64453125 0.3625 0.64921875 0.365625 0.64921875 0.37421875 0.63984375 0.38671875 0.6328125 0.3875 0.609375 0.38125 0.6046875 0.37734375 0.59453125 0.3671875 0.584375 0.36328125 0.5671875 0.35390625 0.5625 0.35 0.5625 0.334375 0.56953125 0.33203125 0.5796875 0.3359375 0.59453125 0.31796875 0.60703125
5 0.37578125 0.70546875 0.3796875 0.70390625 0.38359375 0.7109375 0.38359375 0.73984375 0.378125 0.7578125 0.3796875 0.7625 0.3828125 0.76328125 0.40625 0.7578125 0.41484375 0.75078125 0.409375 0.73984375 0.409375 0.73125 0.41328125 0.7234375 0.40703125 0.69453125 0.4078125 0.6765625 0.40390625 0.6703125 0.38828125 0.66875 0.3828125 0.66875 0.371875 0.67109375 0.3671875 0.69453125 0.36875 0.703125 0.37578125 0.70546875
5 0.35234375 0.746875 0.36171875 0.7359375 0.35703125 0.72578125 0.359375 0.7234375 0.35625 0.7234375 0.34765625 0.7265625 0.34765625 0.7390625 0.3453125 0.74375 0.35234375 0.746875
0 0.43671875 0.6265625 0.4421875 0.63125 0.490625 0.63125 0.515625 0.6203125 0.5140625 0.6140625 0.49453125 0.60703125 0.484375 0.5953125 0.46796875 0.5921875 0.463671875 0.5921875 0.43828125 0.5953125 0.43203125 0.5984375 0.4296875 0.61328125 0.43671875 0.6265625
0 0.63828125 0.56953125 0.640625 0.55625 0.62265625 0.5484375 0.61953125 0.5484375 0.6140625 0.55078125 0.61328125 0.55859375 0.6203125 0.56875 0.63828125 0.56953125
2 0.60546875 0.615625 0.59921875 0.6125 0.59609375 0.6125 0.5921875 0.6171875 0.59296875 0.61953125 0.6046875 0.6203125 0.60546875 0.615625
3 0.47265625 0.57421875 0.49140625 0.575 0.49453125 0.5640625 0.49140625 0.55390625 0.4875 0.55234375 0.4834375 0.55234375 0.465625 0.553125 0.46171875 0.559375 0.46328125 0.57109375 0.47265625 0.57421875
3 0.29375 0.58359375 0.2984375 0.57890625 0.30078125 0.571875 0.2953125 0.56875 0.290625 0.56875 0.28125 0.5703125 0.275 0.57890625 0.275 0.58359375 0.29375 0.58359375
4 0.40234375 0.62734375 0.40234375 0.6203125 0.40546875 0.61796875 0.40546875 0.60546875 0.4015625 0.60234375 0.4 0.60234375 0.3953125 0.60546875 0.3953125 0.6265625 0.39921875 0.628125 0.40234375 0.62734375