2 0 0.734639177734375 0.008134873046875 0.735794857421875 0.014767515625 0.74174076171875 0.036589228515625 0.74326668359375 0.042878501953125 0.742923314453125 0.051053451171875 0.738012859375 0.0818294609375 0.73468282421875 0.097814265625 0.741282693359375 0.133266357421875 0.738279640625 0.136656232421875 0.734600896484375 0.14013871484375 0.7183981015625 0.141648251953125 0.68561103515625 0.139909681640625 0.6768747265625 0.1434847734375 0.648147884765625 0.14147371484375 0.6433083125 0.116447345703125 0.6204130390625 0.05125469140625 0.611938537109375 0.046319087890625 0.611593404296875 0.02771079296875 0.61264166015625 0.016870818359375 0.622064705078125 0 0.64883712109375 0 0.734639177734375
3 0.268937537109375 0.567640416015625 0.287587365234375 0.569727697265625 0.297086634765625 0.55707826953125 0.292574044921875 0.554413244140625 0.2871186171875 0.554031763671875 0.276098765625 0.55482749609375 0.2692100234375 0.563743681640625 0.268937537109375 0.567640416015625
1 0.315927384765625 0.612433626953125 0.355619580078125 0.61599233203125 0.362399328125 0.608634841796875 0.361222115234375 0.60307041796875 0.35713054296875 0.60278430859375 0.323595474609375 0.6035719375 0.316145375 0.60931623828125 0.315927384765625 0.612433626953125
4 0.402129634765625 0.60044884765625 0.400009583984375 0.597167966796875 0.395333501953125 0.596840984375 0.3910007890625 0.6028032734375 0.392139890625 0.620112396484375 0.3994265 0.61670613671875 0.402129634765625 0.60044884765625
0 0.47308831640625 0.59366339453125 0.4593870546875 0.58800636328125 0.454710974609375 0.58767937890625 0.448203712890625 0.59114013671875 0.435734162109375 0.5902681796875 0.42215828125 0.59401780859375 0.420343486328125 0.60877090234375 0.433172791015625 0.626897486328125 0.479879109375 0.63094666796875 0.50719436328125 0.621109369140625 0.505346796875 0.613931755859375 0.4938200859375 0.610776255859375 0.47308831640625 0.59366339453125
2 0.7324042578125 0.771560708984375 0.734960287109375 0.768606814453125 0.73867714453125 0.760251986328125 0.738099400390625 0.746114748046875 0.741091408203125 0.736926076171875 0.762460759765625 0.733721419921875 0.771812921875 0.73437538671875 0.777050361328125 0.737874255859375 0.79446848046875 0.7351764609375 0.79504622265625 0.74931369921875 0.801368267578125 0.7709010390625 0.817173193359375 0.768873595703125 0.821941884765625 0.75667653125 0.822252482421875 0.741035095703125 0.81629553515625 0.703026974609375 0.811821056640625 0.68861725 0.813145375 0.68087827734375 0.810463966796875 0.674425513671875 0.81055657421875 0.66190146484375 0.808600015625 0.656282544921875 0.80408742578125 0.653617521484375 0.800970037109375 0.65339953125 0.781268375 0.65515448828125 0.74708610546875 0.651197916015625 0.735902763671875 0.654331689453125 0.731679044921875 0.65873528515625 0.71646824609375 0.6858653203125 0.71487144140625 0.69750102734375 0.715100474609375 0.73902440234375 0.7220547578125 0.7739696328125 0.72383144140625 0.770961240234375 0.7324042578125 0.771560708984375
4 0.597146240234375 0.622700470703125 0.59040460546875 0.61831326171875 0.5896252578125 0.618258763671875 0.582175158203125 0.624003064453125 0.58741259765625 0.62750193359375 0.596873755859375 0.626597205078125 0.597146240234375 0.622700470703125
5 0.459278060546875 0.589565056640625 0.4685757265625 0.59099837109375 0.4813341484375 0.598938947265625 0.483383318359375 0.592033818359375 0.480195046875 0.581629822265625 0.4841135078125 0.55919225390625 0.49054988671875 0.545545490234375 0.490587998046875 0.5338007890625 0.4839225859375 0.505924177734375 0.467430921875 0.49537307421875 0.461196146484375 0.49493709765625 0.456302076171875 0.497727501953125 0.44758215234375 0.51043142578125 0.438153767578125 0.533266861328125 0.43534163671875 0.551082845703125 0.436785994140625 0.586425943359375 0.438906046875 0.589706822265625 0.444361474609375 0.590088302734375 0.45793735546875 0.58633867578125 0.46094575 0.588115357421875 0.459278060546875 0.589565056640625
0 0.608520142578125 0.560843193359375 0.60824765625 0.564739927734375 0.6144443203125 0.576920607421875 0.654027521484375 0.5820380078125 0.646163169921875 0.57130702734375 0.62365471875 0.557202560546875 0.618588962890625 0.556848328125 0.611130669921875 0.557109951171875 0.608520142578125 0.560843193359375
5 0.734098650390625 0.60173396484375 0.741276263671875 0.599886400390625 0.7398810625 0.597439365234375 0.74482962890625 0.59386961328125 0.76587199609375 0.5953410390625 0.766852947265625 0.581312794921875 0.753860150390625 0.565524251953125 0.755511453125 0.55310919921875 0.7503830078125 0.54805163671875 0.747265619140625 0.5478336484375 0.73731398828125 0.555752498046875 0.73888906640625 0.566826845703125 0.737166880859375 0.569055892578125 0.72587454296875 0.573748359375 0.719040298828125 0.581885197265625 0.70812944140625 0.581122236328125 0.70406921484375 0.583187791015625 0.71293090234375 0.59085587890625 0.7292971875 0.592000322265625 0.734098650390625 0.60173396484375
5 0.728207244140625 0.607587259765625 0.725869203125 0.607423767578125 0.716190056640625 0.6114458828125 0.714827625 0.6309295546875 0.72829451171875 0.62873862109375 0.729564333984375 0.62177899609375 0.73251823046875 0.624335025390625 0.731575390625 0.626618568359375 0.73558112109375 0.625332361328125 0.737521294921875 0.619985927734375 0.728278126953125 0.617773267578125 0.728207244140625 0.607587259765625