2 0 0.775 0.0078125 0.77421875 0.015625 0.76875 0.0234375 0.76875 0.03671875 0.77578125 0.05234375 0.775 0.06875 0.76875 0.10078125 0.76328125 0.10703125 0.7640625 0.11328125 0.76875 0.11953125 0.76875 0.15234375 0.7625 0.15546875 0.75078125 0.15625 0.72734375 0.15390625 0.7234375 0.1546875 0.671875 0.15234375 0.66796875 0.12578125 0.646875 0.06015625 0.64296875 0.05520859375 0.64296875 0.04140625 0.64375 0.0328125 0.6484375 0.02109375 0.6625 0.0046875 0.696875 0.00390625 0.70546875 0 0.709375 0 0.775
2 0.73828125 0.6515625 0.73125 0.65859375 0.7265625 0.66875 0.72734375 0.67421875 0.72265625 0.678125 0.72265625 0.68203125 0.72890625 0.6890625 0.728125 0.7046875 0.7328125 0.73125 0.73671875 0.73984375 0.7375 0.76875 0.7421875 0.76796875 0.74375 0.7578125 0.753125 0.75234375 0.75625 0.74375 0.75546875 0.7265625 0.7609375 0.71796875 0.765625 0.7171875 0.76953125 0.7203125 0.775 0.715625 0.78828125 0.71640625 0.79296875 0.7234375 0.79140625 0.74140625 0.79296875 0.74375 0.8 0.74375 0.8 0.72890625 0.79609375 0.7171875 0.81015625 0.71484375 0.81171875 0.728125 0.81796875 0.746875 0.81796875 0.76640625 0.8234375 0.76640625 0.82265625 0.75078125 0.83515625 0.74609375 0.8390625 0.7328125 0.83828125 0.715625 0.83203125 0.68828125 0.825 0.67109375 0.82421875 0.6578125 0.821875 0.6546875 0.8234375 0.64921875 0.81875 0.634375 0.8140625 0.63203125 0.81171875 0.63203125 0.79609375 0.634375 0.7515625 0.634375 0.74296875 0.640625 0.73828125 0.6515625
5 0.634375 0.55625 0.63046875 0.58828125 0.63515625 0.6046875 0.6453125 0.61796875 0.6734375 0.6171875 0.68203125 0.6140625 0.67734375 0.590625 0.67578125 0.5484375 0.67265625 0.53515625 0.66796875 0.528125 0.67890625 0.5171875 0.68125 0.509375 0.678125 0.50078125 0.6640625 0.49140625 0.66171875 0.49140625 0.65078125 0.4984375 0.6421875 0.52265625 0.634375 0.534375 0.634375 0.55625
5 0.70546875 0.553125 0.6984375 0.5671875 0.69765625 0.58125 0.69921875 0.584375 0.703125 0.584375 0.70625 0.58125 0.71484375 0.5953125 0.71171875 0.60546875 0.7125 0.6140625 0.725 0.615625 0.72890625 0.590625 0.734375 0.58671875 0.7375 0.5796875 0.7375 0.5453125 0.72890625 0.525 0.728125 0.51484375 0.71171875 0.4984375 0.70703125 0.4984375 0.69765625 0.50859375 0.7 0.515625 0.71171875 0.52578125 0.70546875 0.553125
4 0.60625 0.61640625 0.59921875 0.6125 0.59609375 0.6125 0.59296875 0.615625 0.59375 0.6203125 0.6046875 0.6203125 0.60625 0.61640625
4 0.4078125 0.60390625 0.40078125 0.60390625 0.3984375 0.6078125 0.40078125 0.628125 0.4078125 0.62578125 0.4078125 0.60390625
0 0.43671875 0.6265625 0.44140625 0.63046875 0.49140625 0.63046875 0.5 0.62734375 0.5046875 0.62265625 0.5109375 0.62265625 0.515625 0.61953125 0.5125 0.61328125 0.50546875 0.6125 0.49765625 0.60546875 0.49765625 0.6015625 0.49453125 0.60390625 0.48359375 0.5953125 0.4671875 0.59296875 0.46640625 0.5921875 0.4375 0.5953125 0.43125 0.59921875 0.42890625 0.6125 0.43671875 0.6265625
0 0.6296875 0.5703125 0.63359375 0.56640625 0.634375 0.559375 0.63359375 0.55 0.63046875 0.54765625 0.62421875 0.54765625 0.6140625 0.55 0.6125 0.55703125 0.6203125 0.56796875 0.6296875 0.5703125
1 0.32421875 0.62578125 0.3640625 0.62578125 0.37109375 0.6171875 0.37109375 0.6140625 0.36640625 0.61171875 0.3619140625 0.61171875 0.3484375 0.61171875 0.33125 0.615625 0.32421875 0.621875 0.32421875 0.62578125
3 0.4921875 0.575 0.4953125 0.56875 0.49140625 0.5546875 0.475 0.55234375 0.46875 0.55234375 0.4625 0.55859375 0.4640625 0.57109375 0.471875 0.575 0.4921875 0.575
3 0.29453125 0.58359375 0.3015625 0.571875 0.29609375 0.56796875 0.2890625 0.56796875 0.2796875 0.5703125 0.275 0.57890625 0.27578125 0.584375 0.29453125 0.58359375