2 0.916950046875 0.7107892734375 0.912063302734375 0.7100152890625 0.84907229296875 0.703202447265625 0.81990367578125 0.7175663125 0.8140517421875 0.724549341796875 0.810950857421875 0.754115767578125 0.80432011328125 0.776004224609375 0.80105866796875 0.801590279296875 0.803733025390625 0.814669669921875 0.8384947890625 0.824921322265625 0.85388907421875 0.822613607421875 0.886863146484375 0.83416409375 0.89088186328125 0.838755537109375 0.89835375 0.8415209453125 0.917644537109375 0.844576306640625 0.928653462890625 0.839992041015625 0.937141408203125 0.841336400390625 0.94400222265625 0.84795996484375 0.950824693359375 0.849831525390625 0.960846275390625 0.7865577421875 0.957194201171875 0.77965140234375 0.958294130859375 0.77270671875 0.9469401015625 0.734522953125 0.93821490625 0.71969421484375 0.93046024609375 0.71372006640625 0.916950046875 0.7107892734375
2 0.159600361328125 0.59162785546875 0.15122026953125 0.619567150390625 0.131785728515625 0.662366345703125 0.129058666015625 0.674590236328125 0.13059475 0.689862306640625 0.14001488671875 0.695309251953125 0.146432369140625 0.694743705078125 0.155171923828125 0.679517158203125 0.16017553515625 0.662907908203125 0.175890939453125 0.6685609375 0.183202265625 0.66734597265625 0.196197787109375 0.67019525 0.211790978515625 0.67661991015625 0.212639298828125 0.686246130859375 0.2087739609375 0.700662701171875 0.21051612890625 0.709639505859375 0.211692748046875 0.712198830078125 0.22030291015625 0.712771556640625 0.22302279296875 0.71557530859375 0.23664374609375 0.68451114453125 0.242014 0.665586998046875 0.24242616796875 0.652996466796875 0.24596320703125 0.64564679296875 0.24422821875 0.62164234765625 0.240453931640625 0.615507640625 0.23867341796875 0.60177883203125 0.23400528515625 0.59629354296875 0.225234564453125 0.591740443359375 0.1894950859375 0.587661841796875 0.17069315625 0.581519955078125 0.169149892578125 0.58127552734375 0.1641534609375 0.582857134765625 0.159600361328125 0.59162785546875
5 0.31750678125 0.518555216796875 0.31627745703125 0.541299173828125 0.3079884140625 0.548687189453125 0.286459421875 0.554769193359375 0.268589681640625 0.552729892578125 0.25745854296875 0.5580857890625 0.256480828125 0.564258841796875 0.26179837890625 0.5706379765625 0.261592294921875 0.576933244140625 0.31653869140625 0.58959083984375 0.328884796875 0.591546271484375 0.333231810546875 0.58907081640625 0.342910736328125 0.56291921484375 0.342879572265625 0.5431395703125 0.347233765625 0.52563647265625 0.34407055078125 0.515643609375 0.3390357734375 0.512473212890625 0.332862720703125 0.511495498046875 0.322220439453125 0.5137648671875 0.31750678125 0.518555216796875
4 0.3771309375 0.601560673828125 0.384480609375 0.605097712890625 0.390248673828125 0.6036383203125 0.389560912109375 0.597992470703125 0.386718814453125 0.595960349609375 0.384403919921875 0.59559370703125 0.3768481640625 0.59835193359375 0.3771309375 0.601560673828125
4 0.571299306640625 0.62914996875 0.572514271484375 0.636461296875 0.578076251953125 0.641297169921875 0.5829576484375 0.62545955078125 0.58162046875 0.61891985546875 0.578006740234375 0.61676551953125 0.57711289453125 0.6174149375 0.57276587890625 0.619890390625 0.571299306640625 0.62914996875
1 0.609636453125 0.636803953125 0.61304409765625 0.6452535546875 0.653940568359375 0.651730919921875 0.654551640625 0.64787276171875 0.648584671875 0.64059978125 0.626046798828125 0.633075189453125 0.6229602734375 0.63258633203125 0.610369740234375 0.6321741640625 0.609636453125 0.636803953125
0 0.494143333984375 0.601900884765625 0.47878739453125 0.608960603515625 0.469161171875 0.609808923828125 0.46574634765625 0.61638696484375 0.47528869921875 0.621062279296875 0.484991611328125 0.62971796484375 0.49323512890625 0.6326055859375 0.53734033984375 0.63880017578125 0.55160353125 0.6236575 0.552909544921875 0.610417548828125 0.54604873046875 0.603793984375 0.521073748046875 0.5966743828125 0.51721558984375 0.596063310546875 0.500644685546875 0.595811701171875 0.494143333984375 0.601900884765625
0 0.382836029296875 0.539865451171875 0.37959138671875 0.535810296875 0.37867086328125 0.531259484375 0.376360564453125 0.530029810546875 0.367394171875 0.5277459140625 0.3552265234375 0.53039698828125 0.351999396484375 0.535500296875 0.343756126953125 0.541190984375 0.342959435546875 0.546765453125 0.378275470703125 0.5517546484375 0.382836029296875 0.539865451171875
5 0.35905582421875 0.497045568359375 0.35143230078125 0.500955814453125 0.343110193359375 0.514385701171875 0.34770614453125 0.52703382421875 0.34358788671875 0.541129533203125 0.351872388671875 0.53516853125 0.35483865234375 0.53004921875 0.36707711328125 0.52761026953125 0.378521505859375 0.531038873046875 0.379694150390625 0.536814517578125 0.38304970703125 0.54199225 0.3907431796875 0.54273934765625 0.389478060546875 0.533717078125 0.3855157890625 0.533223984375 0.38581965625 0.526201466796875 0.385206712890625 0.507113546875 0.378177314453125 0.497918671875 0.379164724609375 0.49423639453125 0.38149319140625 0.492719470703125 0.3835544609375 0.483955115234375 0.378121015625 0.478717212890625 0.37056198046875 0.4783948125 0.36671931640625 0.48054753515625 0.365884671875 0.490921248046875 0.36167585546875 0.4924092890625 0.35905582421875 0.497045568359375
3 0.493874919921875 0.568636859375 0.496755361328125 0.575420984375 0.51450288671875 0.578231916015625 0.5252673828125 0.5751909140625 0.5279944453125 0.562967025390625 0.522799109375 0.5558162578125 0.51971258203125 0.5553273984375 0.4991613046875 0.555236349609375 0.493874919921875 0.568636859375
3 0.689212728515625 0.61381312109375 0.69501913671875 0.61710573046875 0.709924564453125 0.617884541015625 0.71053563671875 0.6140263828125 0.705829158203125 0.60378908984375 0.696042376953125 0.6006570390625 0.69064095703125 0.5998015390625 0.68552230859375 0.60215477734375 0.689212728515625 0.61381312109375