2 0.93399522265625 0.673665767578125 0.9295786640625 0.673356931640625 0.865454228515625 0.672005544921875 0.852494201171875 0.6781477109375 0.83342478125 0.693260560546875 0.826198373046875 0.77420364453125 0.828498302734375 0.786111837890625 0.86079489453125 0.79463549609375 0.867029669921875 0.795071474609375 0.8783220078125 0.7903790078125 0.8852816328125 0.791648830078125 0.914515333984375 0.799175154296875 0.92582405859375 0.805448041015625 0.946087078125 0.80686496875 0.95426202734375 0.801954513671875 0.96444803515625 0.801883630859375 0.972639369140625 0.807938529296875 0.979598994140625 0.8092083515625 0.984176763671875 0.743743208984375 0.980498017578125 0.7403533359375 0.980427134765625 0.730167328125 0.9684152890625 0.70035054296875 0.959989578125 0.686447677734375 0.952016232421875 0.677275392578125 0.93399522265625 0.673665767578125
2 0.177492505859375 0.609801736328125 0.17265293359375 0.61181279296875 0.169933412109375 0.61710473046875 0.16490862109375 0.6441638828125 0.149441720703125 0.6861560078125 0.145468763671875 0.709372923828125 0.148493541015625 0.722114958984375 0.162249298828125 0.72699264453125 0.1646963359375 0.725597443359375 0.173127384765625 0.7058248984375 0.175667029296875 0.6919056484375 0.18268115234375 0.692396123046875 0.191760828125 0.69694682421875 0.19821359375 0.694265416015625 0.224547896484375 0.698456361328125 0.228281138671875 0.701066888671875 0.229965212890625 0.710582544921875 0.227371072265625 0.725281140625 0.229888990234375 0.7340719453125 0.2320635390625 0.736573478515625 0.241361205078125 0.73800679296875 0.24337226171875 0.742846365234375 0.243862736328125 0.735832244140625 0.2537271015625 0.706762033203125 0.25762917578125 0.673359109375 0.260457693359375 0.66650848046875 0.259825451171875 0.653150587890625 0.250222529296875 0.63368330078125 0.24781360546875 0.62333380078125 0.24118096484375 0.6173878984375 0.233496490234375 0.615284232421875 0.19519949609375 0.614172560546875 0.18060989453125 0.610019724609375 0.177492505859375 0.609801736328125
5 0.25513262109375 0.52986666796875 0.25179724609375 0.532766068359375 0.238330359375 0.534957001953125 0.23332729296875 0.539306099609375 0.226329556640625 0.549780978515625 0.2266184296875 0.55684959765625 0.246772453125 0.559825220703125 0.256304494140625 0.5691065 0.26370009765625 0.564141546875 0.277166984375 0.56195061328125 0.280104494140625 0.5535412890625 0.270174587890625 0.53875008203125 0.273548076171875 0.524105982421875 0.268528625 0.5174897265625 0.263852544921875 0.517162744140625 0.256402443359375 0.52290704296875 0.25513262109375 0.52986666796875
5 0.248816283203125 0.586595501953125 0.246712615234375 0.5942799765625 0.253001888671875 0.593936607421875 0.25745998046875 0.597380978515625 0.26826184375 0.599702634765625 0.271128470703125 0.581107302734375 0.260653591796875 0.57410956640625 0.25987424609375 0.574055068359375 0.257661583984375 0.583298236328125 0.248816283203125 0.586595501953125
5 0.5212332890625 0.554739501953125 0.521647541015625 0.57121478125 0.5263400078125 0.582507119140625 0.523674982421875 0.587019708984375 0.52563154296875 0.59263862890625 0.52006712109375 0.593815841796875 0.52296651953125 0.59715121875 0.52702674609375 0.5950856640625 0.53304353125 0.598639029296875 0.5518568515625 0.59838826953125 0.55720328515625 0.6003284453125 0.56133439453125 0.608448896484375 0.563890423828125 0.605495001953125 0.563438060546875 0.600764421875 0.551894962890625 0.586643568359375 0.54943154296875 0.57707341796875 0.552063796875 0.550630119140625 0.547044345703125 0.54401386328125 0.5409730625 0.54123984375 0.54013921875 0.541964693359375 0.526617833984375 0.5449349765625 0.5212332890625 0.554739501953125
5 0.4647773046875 0.656518009765625 0.446977705078125 0.664671232421875 0.445092029296875 0.6692383203125 0.451942658203125 0.6720668359375 0.479328794921875 0.672415544921875 0.479039923828125 0.66534692578125 0.48596677734375 0.6446860390625 0.479552125 0.635622748046875 0.479208755859375 0.6293334765625 0.478374912109375 0.630058326171875 0.46532227734375 0.6487245390625 0.4647773046875 0.656518009765625
0 0.356518603515625 0.547137318359375 0.345280763671875 0.5510504375 0.334495287109375 0.55969413671875 0.3341138046875 0.565149564453125 0.3371766953125 0.566146900390625 0.343122599609375 0.559514259765625 0.37590966796875 0.561023796875 0.37924504296875 0.5581243984375 0.384068232421875 0.545147986328125 0.3827820234375 0.5411422578125 0.37743558984375 0.539202083984375 0.3727595078125 0.538875099609375 0.363189357421875 0.541338521484375 0.356518603515625 0.547137318359375
0 0.47879450390625 0.612858197265625 0.476074982421875 0.6181501328125 0.503314013671875 0.63180223828125 0.54456490234375 0.6354699375 0.55185151171875 0.6320636796875 0.561296283203125 0.62019359765625 0.5629475859375 0.607778544921875 0.551077505859375 0.5983337734375 0.526192900390625 0.595810513671875 0.522296166015625 0.59553802734375 0.492261390625 0.61066726171875 0.47879450390625 0.612858197265625
4 0.583243376953125 0.631126181640625 0.58458408203125 0.6343525625 0.58998501171875 0.635513390625 0.59306962890625 0.613800671875 0.591728923828125 0.6105742890625 0.5878866875 0.60952245703125 0.58710733984375 0.609467958984375 0.5829926171875 0.612312861328125 0.583243376953125 0.631126181640625
4 0.385670740234375 0.611828453125 0.395638759765625 0.61487495703125 0.399698986328125 0.61280940234375 0.3962927265625 0.605522794921875 0.393175337890625 0.6053048046875 0.38588873046875 0.608711064453125 0.385670740234375 0.611828453125
1 0.620417654296875 0.62589408203125 0.626832306640625 0.634957373046875 0.66579965234375 0.637682236328125 0.665401787109375 0.632172310546875 0.660273341796875 0.627114748046875 0.6434001953125 0.62201907421875 0.641062154296875 0.62185558203125 0.62313717578125 0.620602146484375 0.620417654296875 0.62589408203125
3 0.694951427734375 0.5903817890625 0.70064123046875 0.598611236328125 0.719345556640625 0.599919169921875 0.7196725390625 0.59524308984375 0.71409173046875 0.585454947265625 0.700951828125 0.58296980078125 0.69705509375 0.582697314453125 0.693774212890625 0.5848173671875 0.694951427734375 0.5903817890625
3 0.50116653125 0.572915240234375 0.5040659296875 0.5762506171875 0.523604099609375 0.576833701171875 0.524546939453125 0.574550158203125 0.520415830078125 0.566429705078125 0.5212332890625 0.554739501953125 0.5151075078125 0.552744830078125 0.5112107734375 0.55247234375 0.50408765625 0.5535405625 0.50116653125 0.572915240234375