2 0 0.77421875 0.00703125 0.77421875 0.01953125 0.76875 0.025 0.76953125 0.03046875 0.775 0.0578125 0.77578125 0.0671875 0.76953125 0.09609375 0.7640625 0.10546875 0.7640625 0.1125 0.76953125 0.11875 0.76953125 0.153125 0.76171875 0.15625 0.7453125 0.15703125 0.70703125 0.15390625 0.6921875 0.15625 0.671875 0.14453125 0.6578125 0.12734375 0.64609375 0.11015625 0.64375 0.09609375 0.6375 0.09453125 0.6375 0.0890625 0.6390625 0.08828125 0.64140625 0.09140625 0.640625 0.0953125 0.64375 0.04765625 0.6421875 0.0359375 0.64453125 0.0203125 0.659375 0.01640625 0.67421875 0.003125 0.69609375 0.00390625 0.70390625 0 0.70859375 0 0.77421875
2 0.7328125 0.6609375 0.73515625 0.6671875 0.728125 0.6765625 0.73125 0.6828125 0.721875 0.7046875 0.7265625 0.72890625 0.73515625 0.72734375 0.740625 0.73359375 0.74296875 0.74453125 0.75859375 0.75234375 0.76484375 0.75234375 0.7703125 0.74296875 0.7734375 0.71171875 0.77578125 0.709375 0.78046875 0.71015625 0.78125 0.7078125 0.7796875 0.63671875 0.76953125 0.634375 0.7640625 0.634375 0.7515625 0.63671875 0.7453125 0.6484375 0.7390625 0.65234375 0.7328125 0.6609375
5 0.7890625 0.5453125 0.7765625 0.55234375 0.76953125 0.559375 0.76171875 0.5734375 0.7609375 0.58046875 0.753125 0.59453125 0.75 0.59609375 0.74921875 0.60390625 0.73515625 0.6203125 0.7359375 0.63046875 0.74140625 0.6359375 0.753125 0.63515625 0.7546875 0.63828125 0.76171875 0.6296875 0.76953125 0.62734375 0.77578125 0.621875 0.78046875 0.6203125 0.7828125 0.6234375 0.778125 0.65859375 0.78046875 0.6703125 0.7796875 0.70859375 0.78203125 0.71328125 0.78203125 0.7390625 0.784375 0.74453125 0.7828125 0.78046875 0.86328125 0.78046875 0.86328125 0.74765625 0.86015625 0.7390625 0.86328125 0.72890625 0.8609375 0.69921875 0.8625 0.68671875 0.86640625 0.68359375 0.86328125 0.68046875 0.86015625 0.640625 0.8546875 0.628125 0.85703125 0.6125 0.8546875 0.59609375 0.85546875 0.57265625 0.8453125 0.5546875 0.828125 0.54375 0.82578125 0.5328125 0.815625 0.5234375 0.8109375 0.5078125 0.80703125 0.50234375 0.79921875 0.49765625 0.79609375 0.49765625 0.78359375 0.50234375 0.77421875 0.515625 0.77578125 0.52890625 0.7890625 0.5453125
5 0.446875 0.59453125 0.47578125 0.5953125 0.484375 0.60078125 0.48828125 0.60078125 0.49296875 0.58828125 0.4890625 0.575 0.47421875 0.5625 0.46640625 0.559375 0.4625 0.559375 0.4578125 0.56171875 0.45625 0.5671875 0.44609375 0.57734375 0.446875 0.59453125
0 0.4296875 0.61328125 0.43671875 0.6265625 0.4421875 0.63125 0.4890625 0.63125 0.515625 0.6203125 0.51328125 0.61328125 0.49921875 0.61015625 0.4765625 0.59453125 0.47109375 0.59375 0.46953125 0.590625 0.465625 0.59140625 0.46640625 0.58828125 0.46328125 0.58515625 0.4625 0.58515625 0.45703125 0.59375 0.4359375 0.59609375 0.42890625 0.59921875 0.4296875 0.61328125
0 0.65546875 0.56796875 0.64921875 0.5609375 0.63828125 0.55625 0.63046875 0.54921875 0.6234375 0.54765625 0.62109375 0.54765625 0.6140625 0.54921875 0.61171875 0.55703125 0.6203125 0.56875 0.65546875 0.56796875
3 0.28828125 0.58515625 0.2953125 0.5828125 0.30078125 0.571875 0.29609375 0.56875 0.291015625 0.56875 0.28046875 0.5703125 0.275 0.57890625 0.275 0.584375 0.28828125 0.58515625
3 0.4921875 0.55390625 0.47421875 0.55234375 0.4703125 0.55234375 0.4640625 0.5578125 0.490625 0.5734375 0.49375 0.56875 0.4921875 0.55390625
4 0.4078125 0.62421875 0.409375 0.60546875 0.40703125 0.603125 0.403125 0.603125 0.3984375 0.609375 0.40078125 0.628125 0.40546875 0.628125 0.4078125 0.62421875
4 0.60625 0.61640625 0.59921875 0.6125 0.596875 0.6125 0.59140625 0.61953125 0.5953125 0.621875 0.6046875 0.6203125 0.60625 0.61640625
1 0.325 0.625 0.36484375 0.62578125 0.37109375 0.61796875 0.37109375 0.6140625 0.3671875 0.61171875 0.36328125 0.61171875 0.34375 0.6125 0.33125 0.615625 0.3265625 0.61953125 0.325 0.625