2 0 0.77421875 0.00703125 0.77421875 0.01484375 0.76875 0.02265625 0.76875 0.0359375 0.77578125 0.06171875 0.775 0.06953125 0.76875 0.09765625 0.7640625 0.10546875 0.7640625 0.11328125 0.76875 0.1203125 0.76875 0.15078125 0.76328125 0.15546875 0.75078125 0.153125 0.66875 0.13515625 0.65234375 0.1234375 0.64609375 0.053125 0.6421875 0.04921875 0.6421875 0.0359375 0.6453125 0.02265625 0.66015625 0.00390625 0.696875 0.00390625 0.7046875 0 0.7078125 0 0.77421875
2 0.73828125 0.653125 0.7328125 0.659375 0.72890625 0.67578125 0.7296875 0.68203125 0.72734375 0.684375 0.7296875 0.69140625 0.7296875 0.71171875 0.73828125 0.75078125 0.73828125 0.76796875 0.7421875 0.76640625 0.73984375 0.76015625 0.74140625 0.75625 0.74375 0.75390625 0.7515625 0.7546875 0.753125 0.75234375 0.75625 0.74296875 0.75703125 0.71953125 0.76171875 0.7171875 0.7875 0.71484375 0.79296875 0.71796875 0.79609375 0.715625 0.8109375 0.7140625 0.8125 0.73125 0.81953125 0.75078125 0.81875 0.76640625 0.82265625 0.76640625 0.8234375 0.7640625 0.82109375 0.75078125 0.83515625 0.74609375 0.83984375 0.72890625 0.83828125 0.7171875 0.82421875 0.66640625 0.825 0.65859375 0.821875 0.6546875 0.821875 0.64375 0.81796875 0.63359375 0.81484375 0.63203125 0.81015625 0.63203125 0.790625 0.63515625 0.75 0.63515625 0.74296875 0.640625 0.73828125 0.653125
5 0.6984375 0.528125 0.6953125 0.53515625 0.6984375 0.5453125 0.69609375 0.56171875 0.70234375 0.58046875 0.70859375 0.584375 0.72109375 0.58671875 0.72890625 0.59453125 0.72578125 0.61015625 0.72734375 0.6140625 0.73046875 0.6125 0.73359375 0.60234375 0.7328125 0.59609375 0.7375 0.5859375 0.73671875 0.565625 0.74609375 0.5578125 0.75 0.55078125 0.75 0.5453125 0.73125 0.51953125 0.7296875 0.5140625 0.725 0.51171875 0.7234375 0.5015625 0.7171875 0.49609375 0.7140625 0.49609375 0.70703125 0.4984375 0.70234375 0.503125 0.7078125 0.5203125 0.6984375 0.528125
5 0.65859375 0.61015625 0.66171875 0.61640625 0.66953125 0.615625 0.6734375 0.6046875 0.67109375 0.5984375 0.675 0.59609375 0.70703125 0.5953125 0.71640625 0.59765625 0.7203125 0.5953125 0.721875 0.5984375 0.72734375 0.59921875 0.725 0.590625 0.7203125 0.58671875 0.70234375 0.58125 0.69375 0.57109375 0.69765625 0.54375 0.69375 0.53828125 0.6828125 0.5328125 0.67578125 0.5328125 0.66953125 0.53828125 0.66640625 0.5453125 0.65703125 0.58125 0.65859375 0.61015625
4 0.60546875 0.6203125 0.60625 0.615625 0.59921875 0.6125 0.596875 0.6125 0.59375 0.6140625 0.59296875 0.61953125 0.59765625 0.621875 0.60546875 0.6203125
4 0.4046875 0.62734375 0.409375 0.6171875 0.409375 0.6046875 0.40703125 0.603125 0.40390625 0.603125 0.4 0.60546875 0.3984375 0.61171875 0.40078125 0.628125 0.4046875 0.62734375
0 0.43671875 0.6265625 0.4421875 0.63125 0.4890625 0.63125 0.515625 0.6203125 0.515625 0.615625 0.50546875 0.61171875 0.49765625 0.60390625 0.4984375 0.6015625 0.490625 0.6015625 0.4859375 0.59453125 0.46484375 0.59140625 0.4625 0.59140625 0.43515625 0.59609375 0.43046875 0.60078125 0.4296875 0.6140625 0.43671875 0.6265625
0 0.61953125 0.56875 0.65625 0.56953125 0.65078125 0.56171875 0.63828125 0.55625 0.63046875 0.54921875 0.6234375 0.5484375 0.62265625 0.54765625 0.615625 0.54921875 0.61328125 0.55234375 0.61328125 0.55859375 0.61953125 0.56875
1 0.325 0.62578125 0.36484375 0.62578125 0.37109375 0.61796875 0.37109375 0.6140625 0.36640625 0.61171875 0.3619140625 0.61171875 0.3484375 0.61171875 0.33125 0.615625 0.32578125 0.6203125 0.325 0.62578125
3 0.2875 0.58515625 0.2953125 0.5828125 0.30078125 0.571875 0.29609375 0.56875 0.291015625 0.56875 0.28046875 0.5703125 0.275 0.57890625 0.275 0.584375 0.2875 0.58515625
3 0.49140625 0.575 0.49453125 0.5703125 0.49140625 0.5546875 0.47578125 0.55234375 0.46875 0.55234375 0.46328125 0.55703125 0.46328125 0.5703125 0.471875 0.575 0.49140625 0.575