2 0 0.775 0.0078125 0.77421875 0.01484375 0.76875 0.02421875 0.76953125 0.03203125 0.775 0.0546875 0.775 0.0671875 0.76953125 0.0953125 0.7640625 0.10546875 0.7640625 0.1125 0.76875 0.1203125 0.76875 0.15078125 0.76328125 0.15546875 0.7515625 0.15625 0.72578125 0.15234375 0.6859375 0.1546875 0.67265625 0.15 0.665625 0.1359375 0.653125 0.121875 0.6453125 0.0515625 0.6421875 0.04921875 0.6421875 0.0359375 0.6453125 0.02109375 0.6625 0.01484375 0.67890625 0.00625 0.69296875 0.00390625 0.7046875 0 0.70859375 0 0.775
2 0.7328125 0.66015625 0.7296875 0.68125 0.72890625 0.7078125 0.73828125 0.75234375 0.7515625 0.75390625 0.75625 0.7421875 0.7578125 0.71953125 0.77265625 0.715625 0.79609375 0.71640625 0.8078125 0.7140625 0.8109375 0.7171875 0.81328125 0.73515625 0.81953125 0.7484375 0.828125 0.74921875 0.8359375 0.7453125 0.8390625 0.7359375 0.83828125 0.715625 0.82421875 0.66640625 0.821875 0.6421875 0.8171875 0.6328125 0.812890625 0.6328125 0.796875 0.63515625 0.75390625 0.634375 0.74296875 0.64140625 0.7328125 0.66015625
5 0.69140625 0.5609375 0.6953125 0.565625 0.70390625 0.56875 0.71015625 0.56640625 0.71328125 0.56171875 0.740625 0.559375 0.7390625 0.55390625 0.72734375 0.54296875 0.70078125 0.5265625 0.69921875 0.5265625 0.69296875 0.52890625 0.690625 0.53359375 0.69296875 0.54921875 0.69140625 0.5609375
5 0.66171875 0.56953125 0.64453125 0.58515625 0.64140625 0.59140625 0.64296875 0.5984375 0.65625 0.6046875 0.6625 0.6015625 0.66484375 0.60859375 0.6640625 0.6 0.671875 0.5921875 0.703125 0.59296875 0.70703125 0.590625 0.7078125 0.57890625 0.68984375 0.5625 0.6890625 0.5484375 0.68203125 0.540625 0.68125 0.540625 0.675 0.54140625 0.66875 0.5484375 0.671875 0.56484375 0.66171875 0.56953125
0 0.65078125 0.56953125 0.65546875 0.57265625 0.65625 0.5671875 0.64921875 0.5609375 0.63828125 0.55625 0.63046875 0.54921875 0.6234375 0.5484375 0.62265625 0.54765625 0.61484375 0.54921875 0.6125 0.5546875 0.61953125 0.56953125 0.65078125 0.56953125
0 0.43046875 0.61484375 0.43515625 0.62421875 0.4421875 0.63125 0.4921875 0.63046875 0.50546875 0.62265625 0.515625 0.6203125 0.51484375 0.61484375 0.49921875 0.60546875 0.49453125 0.60546875 0.4796875 0.59375 0.47265625 0.5921875 0.467578125 0.5921875 0.45390625 0.5953125 0.43828125 0.5953125 0.43046875 0.6 0.43046875 0.61484375
4 0.59921875 0.6125 0.59609375 0.6125 0.59140625 0.61953125 0.60546875 0.61953125 0.60625 0.61640625 0.59921875 0.6125
4 0.39921875 0.628125 0.403125 0.6265625 0.40546875 0.61875 0.4046875 0.6046875 0.40234375 0.60234375 0.39921875 0.60234375 0.3953125 0.6046875 0.39453125 0.61015625 0.3953125 0.6265625 0.39921875 0.628125
1 0.36484375 0.62578125 0.3703125 0.61796875 0.3703125 0.61328125 0.3671875 0.61171875 0.36328125 0.61171875 0.33125 0.615625 0.325 0.621875 0.32578125 0.62578125 0.36484375 0.62578125
3 0.29296875 0.584375 0.2984375 0.57890625 0.30078125 0.571875 0.29609375 0.56875 0.291015625 0.56875 0.28046875 0.5703125 0.275 0.57890625 0.275 0.584375 0.29296875 0.584375
3 0.47265625 0.575 0.4921875 0.575 0.4953125 0.56875 0.49453125 0.56328125 0.4921875 0.5546875 0.48671875 0.55234375 0.4828125 0.55234375 0.465625 0.553125 0.4625 0.55703125 0.46328125 0.56953125 0.47265625 0.575