2 0 0.691078828125 0.012160787109375 0.693223103515625 0.028633708984375 0.689781306640625 0.061127970703125 0.68995780859375 0.0724884296875 0.697514078125 0.110368357421875 0.698640216796875 0.117019583984375 0.6879134765625 0.12185884375 0.66496770703125 0.125337720703125 0.62274281640625 0.129545142578125 0.612378470703125 0.128956017578125 0.606721478515625 0.11551226953125 0.58848494140625 0.10378941796875 0.578484865234375 0.03277962890625 0.562790716796875 0.03214591015625 0.561885671875 0.017754400390625 0.56252126953125 0.005853169921875 0.571528990234375 0 0.57916404296875 0 0.691078828125
2 0.69224716796875 0.804414359375 0.691024326171875 0.797852322265625 0.693377064453125 0.793507361328125 0.702745298828125 0.794365931640625 0.7054604296875 0.79246477734375 0.71016590625 0.783774853515625 0.712516765625 0.765943427734375 0.715005166015625 0.7608290859375 0.71925905859375 0.759199255859375 0.74582500390625 0.761503642578125 0.751437400390625 0.765666466796875 0.754152533203125 0.7637653125 0.768272716796875 0.7646684765625 0.76782301171875 0.78521503515625 0.77126480859375 0.80168795703125 0.7873307421875 0.8005543046875 0.79334825 0.788922521484375 0.795563447265625 0.771860474609375 0.790261333984375 0.720947541015625 0.792521125 0.699133546875 0.790573498046875 0.6876838984375 0.78636419921875 0.684561779296875 0.783286673828125 0.68401912890625 0.761970736328125 0.68343376171875 0.72273230078125 0.676514966796875 0.7166683203125 0.679412234375 0.70146471484375 0.698150583984375 0.69675923828125 0.706840505859375 0.689793970703125 0.737344421875 0.688983751953125 0.768933640625 0.69152050390625 0.78604028125 0.688898318359375 0.805410470703125 0.69224716796875 0.804414359375
5 0.71353117578125 0.5757298046875 0.700631955078125 0.5679022109375 0.69447690625 0.56681691015625 0.68841292578125 0.56971417578125 0.68628691796875 0.57727232421875 0.680314005859375 0.584152158203125 0.678505796875 0.5989060625 0.68438951953125 0.601530125 0.693304294921875 0.595962322265625 0.70294385546875 0.595282130859375 0.721273337890625 0.5993074140625 0.721091201171875 0.591342279296875 0.71353117578125 0.5757298046875
5 0.654885470703125 0.624886638671875 0.690005673828125 0.6326658828125 0.6934901875 0.630900388671875 0.690591041015625 0.611349943359375 0.67633331640625 0.597729693359375 0.679408962890625 0.584785876953125 0.673976822265625 0.57510172265625 0.667052392578125 0.5738807578125 0.658001955078125 0.580217943359375 0.6567809921875 0.58714237109375 0.65922667578125 0.6002664453125 0.648682072265625 0.60158035546875 0.63822853515625 0.60687683203125 0.631168443359375 0.60642525 0.627276943359375 0.610498884765625 0.629360234375 0.62117915234375 0.647373796875 0.6314951484375 0.654885470703125 0.624886638671875
0 0.61328678515625 0.56836694140625 0.61020926171875 0.567824291015625 0.60260651953125 0.570450232421875 0.601249892578125 0.57814404296875 0.605641326171875 0.589231296875 0.63949409375 0.595200453125 0.643703392578125 0.598322572265625 0.6445173671875 0.593706287109375 0.6371394765625 0.58605894921875 0.6278158359375 0.5804484296875 0.62274608984375 0.573208080078125 0.61328678515625 0.56836694140625
0 0.49449557421875 0.621197935546875 0.49530955078125 0.6165816484375 0.48919909765625 0.6107443984375 0.4841739453125 0.598752099609375 0.476706865234375 0.60060866015625 0.466296044921875 0.587666724609375 0.44887160546875 0.583007720703125 0.446563462890625 0.582600732421875 0.439730099609375 0.585362337890625 0.421898673828125 0.583011478515625 0.414160267578125 0.58640680078125 0.411582677734375 0.601025041015625 0.415702787109375 0.613651056640625 0.419640759765625 0.618311939453125 0.460146630859375 0.6270408203125 0.473633095703125 0.62703894140625 0.483950970703125 0.622511845703125 0.49449557421875 0.621197935546875
1 0.306495271484375 0.589635013671875 0.30658633984375 0.59361758203125 0.345055392578125 0.600400712890625 0.351797685546875 0.593656541015625 0.352611662109375 0.589040255859375 0.349805462890625 0.586958841796875 0.34518917578125 0.5861448671875 0.31373562109375 0.584565265625 0.306495271484375 0.589635013671875
4 0.3809449765625 0.608315619140625 0.38379576953125 0.605645083984375 0.38655549609375 0.598991978515625 0.386824943359375 0.583966751953125 0.382978037109375 0.5832884375 0.37872414453125 0.584918267578125 0.376328689453125 0.60750164453125 0.3809449765625 0.608315619140625
4 0.575778640625 0.6371169375 0.582205015625 0.6366634765625 0.58442208984375 0.633087896484375 0.578175974609375 0.62802002734375 0.576637212890625 0.627748701171875 0.572383318359375 0.62937853125 0.570935625 0.633089775390625 0.575778640625 0.6371169375
3 0.46180978515625 0.54562396875 0.453030673828125 0.550422390625 0.451629453125 0.562868150390625 0.45773990625 0.568705400390625 0.479282576171875 0.572503955078125 0.482133369140625 0.56983341796875 0.483625658203125 0.5613702265625 0.482040423828125 0.552364384765625 0.477061744140625 0.549106603515625 0.46244350390625 0.546529013671875 0.46180978515625 0.54562396875
3 0.264716328125 0.538636646484375 0.264536072265625 0.5441579765625 0.28327254296875 0.5458751171875 0.28779776171875 0.542706525390625 0.29146253125 0.535419703125 0.284945087890625 0.531890595703125 0.278790041015625 0.530805294921875 0.271458623046875 0.531892474609375 0.264716328125 0.538636646484375