2 0 0.775 0.0078125 0.77421875 0.01484375 0.76875 0.02578125 0.76953125 0.0328125 0.775 0.05625 0.775 0.0640625 0.77265625 0.06640625 0.76953125 0.1015625 0.76328125 0.115625 0.76875 0.15078125 0.76328125 0.15546875 0.7515625 0.15625 0.72890625 0.153125 0.70234375 0.153125 0.66875 0.13671875 0.65390625 0.12109375 0.6453125 0.06640625 0.64453125 0.0515625 0.6421875 0.04921875 0.6421875 0.0359375 0.6453125 0.021875 0.66171875 0.00546875 0.69609375 0.0046875 0.703125 0 0.70859375 0 0.775
2 0.73046875 0.6703125 0.72890625 0.68359375 0.72890625 0.70703125 0.7390625 0.75390625 0.73874766796875 0.7595732265625 0.74140625 0.75625 0.75234375 0.75234375 0.75546875 0.74453125 0.75546875 0.7265625 0.759375 0.71796875 0.7859375 0.71484375 0.79296875 0.71875 0.79609375 0.715625 0.81015625 0.7140625 0.8125 0.73125 0.8203125 0.75078125 0.83515625 0.74609375 0.83984375 0.7296875 0.83828125 0.715625 0.8296875 0.68125 0.8234375 0.66640625 0.821875 0.64375 0.81796875 0.63359375 0.8140625 0.63203125 0.81328125 0.63203125 0.79296875 0.63515625 0.75859375 0.63359375 0.75 0.63515625 0.7421875 0.64140625 0.7390625 0.65390625 0.73359375 0.6609375 0.73046875 0.6703125
5 0.71875 0.578125 0.73125 0.58046875 0.73671875 0.58828125 0.72578125 0.5921875 0.7234375 0.5953125 0.7234375 0.615625 0.74609375 0.6125 0.74609375 0.5984375 0.7375 0.5890625 0.746875 0.584375 0.7484375 0.5796875 0.7515625 0.58046875 0.74921875 0.5796875 0.75078125 0.57734375 0.77109375 0.575 0.76328125 0.559375 0.7578125 0.55390625 0.74296875 0.5484375 0.73984375 0.53984375 0.73203125 0.534375 0.73046875 0.534375 0.7234375 0.53984375 0.7265625 0.5546875 0.71484375 0.5703125 0.71875 0.578125
5 0.43046875 0.5984375 0.43671875 0.59453125 0.46796875 0.5921875 0.465625 0.590625 0.47109375 0.584375 0.46875 0.58125 0.47109375 0.578125 0.4703125 0.57265625 0.47578125 0.56796875 0.47578125 0.5640625 0.47109375 0.54609375 0.4578125 0.540625 0.4515625 0.540625 0.44296875 0.5484375 0.4453125 0.5765625 0.4296875 0.59609375 0.43046875 0.5984375
5 0.509375 0.67265625 0.52265625 0.675 0.54296875 0.67265625 0.5421875 0.66796875 0.525 0.65859375 0.52421875 0.65078125 0.51171875 0.63046875 0.51171875 0.62890625 0.51015625 0.6375 0.50234375 0.6453125 0.51015625 0.6671875 0.509375 0.67265625
0 0.43046875 0.615625 0.44140625 0.6296875 0.44609375 0.63203125 0.4875 0.63125 0.515625 0.61953125 0.51171875 0.61328125 0.5 0.6109375 0.46640625 0.590625 0.46015625 0.590625 0.4546875 0.59453125 0.44140625 0.59453125 0.4296875 0.6015625 0.43046875 0.615625
0 0.65234375 0.5703125 0.65625 0.5765625 0.6609375 0.5734375 0.65 0.5609375 0.6390625 0.55625 0.63359375 0.55078125 0.6234375 0.54765625 0.62109375 0.54765625 0.61328125 0.55 0.61171875 0.55625 0.61953125 0.56953125 0.65234375 0.5703125
3 0.4921875 0.575 0.49609375 0.56875 0.49375 0.553125 0.4921875 0.55078125 0.4828125 0.55 0.4796875 0.55 0.4734375 0.553125 0.47578125 0.56484375 0.47109375 0.5734375 0.4921875 0.575
3 0.2875 0.58515625 0.2953125 0.5828125 0.30078125 0.57109375 0.29609375 0.56875 0.291015625 0.56875 0.28046875 0.5703125 0.275 0.57890625 0.275 0.584375 0.2875 0.58515625
1 0.36484375 0.62578125 0.37109375 0.61796875 0.37109375 0.6140625 0.365625 0.61171875 0.36145859375 0.61171875 0.33125 0.615625 0.32421875 0.621875 0.32421875 0.62578125 0.36484375 0.62578125
4 0.409375 0.615625 0.409375 0.6046875 0.40546875 0.603125 0.4046875 0.603125 0.39921875 0.6078125 0.40078125 0.628125 0.40703125 0.6234375 0.409375 0.615625
4 0.60625 0.61640625 0.59921875 0.6125 0.59609375 0.6125 0.59140625 0.6171875 0.59140625 0.6203125 0.6046875 0.6203125 0.60625 0.61640625