2 0 0.71844768359375 0.0002053828125 0.718485373046875 0.0074034453125 0.72474079296875 0.02993558203125 0.727109015625 0.037091638671875 0.726290041015625 0.040607833984375 0.722731841796875 0.076224796875 0.720190908203125 0.088084681640625 0.7269363046875 0.125173921875 0.72533566796875 0.131142349609375 0.71339412109375 0.13799968359375 0.63320286328125 0.121925951171875 0.614231271484375 0.109452423828125 0.605850271484375 0.0383794765625 0.594452435546875 0.037602505859375 0.5943707734375 0.024067361328125 0.59609038671875 0.019855857421875 0.598789953125 0.00485078125 0.614495029296875 0 0.622265626953125 0 0.71844768359375
2 0.709742529296875 0.791489625 0.7121551015625 0.790957642578125 0.711336126953125 0.7838015859375 0.714075353515625 0.78016172265625 0.72536125 0.77742015234375 0.7294490859375 0.76842316015625 0.728548447265625 0.762044072265625 0.73267594140625 0.745195716796875 0.73835972265625 0.7434364453125 0.7634677578125 0.74371874609375 0.7685798984375 0.747398267578125 0.771932767578125 0.7453940078125 0.786081556640625 0.74531 0.7871478671875 0.76506090625 0.791567044921875 0.7828075546875 0.7899337890625 0.798346958984375 0.793900302734375 0.797978302734375 0.793120986328125 0.782970880859375 0.807596427734375 0.779778990234375 0.812542896484375 0.77008669140625 0.81388916015625 0.749803802734375 0.8115138984375 0.72755866015625 0.804271486328125 0.699303083984375 0.806560392578125 0.692473677734375 0.80394248828125 0.687485205078125 0.803571486328125 0.668592931640625 0.798541009765625 0.664136439453125 0.79543312890625 0.663809787109375 0.77645919140625 0.664957759765625 0.7384693125 0.660179310546875 0.726856763671875 0.66602876171875 0.720806673828125 0.678747279296875 0.712833986328125 0.687335955078125 0.7069892265625 0.705574927734375 0.708503509765625 0.7135896171875 0.706627609375 0.746385693359375 0.71108879296875 0.771206736328125 0.709742529296875 0.791489625
0 0.62755382421875 0.5644674140625 0.617779861328125 0.560297916015625 0.615448951171875 0.560052927734375 0.60906986328125 0.560953564453125 0.607189271484375 0.56389812109375 0.606617630859375 0.569336912109375 0.61169011328125 0.580867798828125 0.64734908203125 0.585401259765625 0.64857637109375 0.588672466796875 0.650988943359375 0.588140484375 0.643422224609375 0.57791855078125 0.63164400390625 0.57039618359375 0.62755382421875 0.5644674140625
0 0.474579388671875 0.592380140625 0.454704814453125 0.587149025390625 0.453150875 0.58698569921875 0.42616224609375 0.589647953125 0.41876119921875 0.59279783984375 0.418763544921875 0.607723599609375 0.4245313359375 0.620113119140625 0.430257119140625 0.6254282421875 0.480146541015625 0.6291007265625 0.50296332421875 0.621286671875 0.502062685546875 0.6149075859375 0.485704306640625 0.60611826953125 0.474579388671875 0.592380140625
5 0.399705599609375 0.59472278125 0.40886591796875 0.59725667578125 0.420028146484375 0.588217681640625 0.419372498046875 0.579507681640625 0.406693640625 0.5656062265625 0.38816767578125 0.555017982421875 0.39237683203125 0.53739265625 0.390617560546875 0.531708876953125 0.385587083984375 0.527252384765625 0.38014829296875 0.526680744140625 0.374382849609375 0.529216986328125 0.369763033203125 0.535801404296875 0.371074330078125 0.553221400390625 0.366330845703125 0.553508392578125 0.35602725 0.56185208203125 0.351162443359375 0.57076741015625 0.351041123046875 0.57939574609375 0.35537629296875 0.582993603515625 0.393447833984375 0.586995083984375 0.399705599609375 0.59472278125
5 0.928999728515625 0.738335810546875 0.930227017578125 0.741607017578125 0.940654283203125 0.73956075390625 0.945684759765625 0.744017244140625 0.944499474609375 0.74782043359375 0.947280705078125 0.75125496484375 0.945605443359375 0.759719974609375 0.9660960078125 0.781512455078125 0.958123322265625 0.790101130859375 0.965935029296875 0.797992154296875 0.970678513671875 0.797705162109375 0.982111314453125 0.688929330078125 0.975445232421875 0.685086482421875 0.937082005859375 0.646489998046875 0.927921689453125 0.643956103515625 0.920602306640625 0.646329017578125 0.90583987109375 0.644777423828125 0.902076341796875 0.6357407734375 0.88972648046875 0.63365719921875 0.889031173828125 0.632798564453125 0.877745275390625 0.63554013671875 0.87320712109375 0.641347583984375 0.8727591484375 0.65308380078125 0.880489193359375 0.66175179296875 0.8801228828125 0.6727110390625 0.88319110546875 0.680889056640625 0.90687121484375 0.702231216796875 0.932597587890625 0.734000640625 0.933129568359375 0.73641321484375 0.928999728515625 0.738335810546875
4 0.593500185546875 0.626874712890625 0.586915767578125 0.622254896484375 0.58380788671875 0.62192824609375 0.5791880703125 0.628512662109375 0.584381873046875 0.631415212890625 0.5915379296875 0.63059623828125 0.593500185546875 0.626874712890625
4 0.389073005859375 0.591248591796875 0.384943166015625 0.5931711875 0.38371822265625 0.604825740234375 0.3837602265625 0.61190013671875 0.387318427734375 0.61541633203125 0.389894326171875 0.613330408203125 0.389525669921875 0.60936389453125 0.393655509765625 0.607441298828125 0.395043779296875 0.5942328046875 0.392957857421875 0.59165690625 0.389073005859375 0.591248591796875
1 0.337589986328125 0.5952641484375 0.320088326171875 0.597352416015625 0.31321926171875 0.602914875 0.31444655078125 0.60618608203125 0.348469916015625 0.6113331875 0.3524364296875 0.61096453125 0.3594688203125 0.6038481328125 0.359958796875 0.599186310546875 0.357791212890625 0.5973873828125 0.339920896484375 0.59550913671875 0.337589986328125 0.5952641484375
3 0.27432170703125 0.546980056640625 0.271337494140625 0.552950830078125 0.267207654296875 0.55487342578125 0.267412984375 0.560393880859375 0.278985875 0.56239579296875 0.287777537109375 0.560963173828125 0.294359607421875 0.55065723046875 0.290801408203125 0.547141037109375 0.2853626171875 0.546569396484375 0.27432170703125 0.546980056640625
3 0.478678396484375 0.550391083984375 0.460260234375 0.549240810546875 0.456662376953125 0.55357598046875 0.4561327421875 0.566089166015625 0.46496640625 0.57173094140625 0.484390662109375 0.573772513671875 0.48815184765625 0.56788340234375 0.487946515625 0.56236294921875 0.486595560546875 0.55279431640625 0.48287403515625 0.5508320625 0.478678396484375 0.550391083984375