2 0.9318952421875 0.688364728515625 0.8592286953125 0.684654931640625 0.84520357421875 0.6910363671875 0.83077013671875 0.701302650390625 0.82631364453125 0.70633312890625 0.824682734375 0.73679829296875 0.818347998046875 0.7596990859375 0.81647209765625 0.79249516015625 0.81978530859375 0.798342267578125 0.8464892890625 0.8058622890625 0.857366873046875 0.807005568359375 0.864767919921875 0.80385568359375 0.873314591796875 0.804753974609375 0.90382176171875 0.81345928125 0.914904673828125 0.820123015625 0.936659841796875 0.822409576171875 0.946636787109375 0.817173767578125 0.955878765625 0.818930693359375 0.96160455078125 0.82424581640625 0.968597283203125 0.824980783203125 0.97537530078125 0.76049225390625 0.97120345703125 0.755340455078125 0.97132477734375 0.746712119140625 0.959296876953125 0.711669142578125 0.9455540546875 0.692942541015625 0.932672212890625 0.688446390625 0.9318952421875 0.688364728515625
3 0.6949099375 0.603754513671875 0.702434650390625 0.606902052734375 0.714947837890625 0.607431689453125 0.7155194765625 0.6019928984375 0.7102020078125 0.592792921875 0.700653205078125 0.5902181953125 0.6956028984375 0.58968738671875 0.69061442578125 0.592305291015625 0.6949099375 0.603754513671875
1 0.61586899609375 0.630796876953125 0.620491158203125 0.63913821875 0.661752244140625 0.642689380859375 0.66207889453125 0.6395815 0.654267189453125 0.6316904765625 0.640608375 0.6271126640625 0.6232042421875 0.625283416015625 0.618853208984375 0.624826103515625 0.61635897265625 0.626135056640625 0.61586899609375 0.630796876953125
0 0.528904884765625 0.591216388671875 0.528843638671875 0.5917991171875 0.524632134765625 0.59449868359375 0.511955623046875 0.59552298828125 0.50120170703125 0.6006771328125 0.501733689453125 0.603089705078125 0.49502794921875 0.607098224609375 0.474173419921875 0.611190751953125 0.471597521484375 0.613276673828125 0.4718028515625 0.61879712890625 0.49180109375 0.63032566796875 0.54455340625 0.636655712890625 0.551422470703125 0.63109325390625 0.55714591015625 0.621482619140625 0.56041476953125 0.6053295703125 0.532933818359375 0.597727884765625 0.53015258984375 0.594293353515625 0.531174548828125 0.59204410546875 0.528904884765625 0.591216388671875
0 0.338278255859375 0.5513455 0.37393722265625 0.555878962890625 0.3821548984375 0.544959375 0.381335923828125 0.53780331640625 0.373341060546875 0.535391916015625 0.369067724609375 0.534942771484375 0.34359337890625 0.545619716796875 0.338278255859375 0.5513455
5 0.25525672265625 0.489201958984375 0.257015994140625 0.49488573828125 0.25076057421875 0.50208380078125 0.241805587890625 0.505070361328125 0.23632713671875 0.5123500859375 0.2315043359375 0.52833980859375 0.229462763671875 0.547764064453125 0.234784927734375 0.586815560546875 0.26570041015625 0.591636015625 0.270483552734375 0.583497658203125 0.274079064453125 0.5642367265625 0.283729359375 0.56210880078125 0.28928947265625 0.55405210546875 0.28875514453125 0.536713771484375 0.284499291015625 0.51741318359375 0.2804907734375 0.510707443359375 0.27096180078125 0.50420703515625 0.275908267578125 0.494514736328125 0.2771332109375 0.48286018359375 0.270098474609375 0.475050822265625 0.263882712890625 0.47439751953125 0.256850322265625 0.481513919921875 0.25525672265625 0.489201958984375
5 0.497683166015625 0.589309572265625 0.500506400390625 0.5998185 0.51412320703125 0.597321916015625 0.523283525390625 0.5998558125 0.543034431640625 0.598789501953125 0.544912677734375 0.5809191875 0.535586689453125 0.56501347265625 0.528143638671875 0.561088962890625 0.526589697265625 0.56092563671875 0.502260978515625 0.575650759765625 0.497683166015625 0.589309572265625
3 0.500707037109375 0.57548743359375 0.519883958984375 0.56493415625 0.530229560546875 0.563664861328125 0.528551953125 0.557204111328125 0.5256073984375 0.55532351953125 0.5075816875 0.55342894140625 0.50307526171875 0.552955296875 0.49669851953125 0.5687816953125 0.500707037109375 0.57548743359375
2 0.1658842578125 0.60706817578125 0.158896216796875 0.63618473046875 0.14442546875 0.669228140625 0.13854105078125 0.6953184765625 0.14095596875 0.709712255859375 0.15616872265625 0.714453392578125 0.1640177421875 0.699567291015625 0.1699441640625 0.680551349609375 0.18515691796875 0.68529248828125 0.19161766796875 0.683614880859375 0.207157072265625 0.68524813671875 0.2222065 0.691543216796875 0.2203702578125 0.71648792578125 0.221884541015625 0.7245026171875 0.2231934921875 0.726996853515625 0.23337576953125 0.7272815 0.23390775 0.72969407421875 0.246742896484375 0.69726430859375 0.253933919921875 0.65874244921875 0.251721984375 0.634943365234375 0.2462411875 0.627297330078125 0.24497189453125 0.616951728515625 0.240881712890625 0.611022958984375 0.2342156328125 0.60718011328125 0.19450848828125 0.60379227734375 0.1746339140625 0.598561162109375 0.17377528125 0.59925646875 0.169808767578125 0.599625125 0.1658842578125 0.60706817578125
4 0.383309908203125 0.608710591796875 0.38936234375 0.6109178359375 0.395046125 0.609158564453125 0.394145486328125 0.6027794765625 0.39111926953125 0.60167585546875 0.390342298828125 0.601594193359375 0.38216428125 0.604662416015625 0.383309908203125 0.608710591796875
4 0.580539025390625 0.638081294921875 0.586141142578125 0.637098994140625 0.589246677734375 0.622499884765625 0.58781405859375 0.613708224609375 0.585564810546875 0.612686265625 0.580902990234375 0.6121962890625 0.577594470703125 0.636200703125 0.580539025390625 0.638081294921875