2 1 0.648517466796875 0.9890750859375 0.62869734765625 0.9747362421875 0.614036861328125 0.95960166796875 0.610396228515625 0.957263626953125 0.61055971875 0.885836197265625 0.619470201171875 0.86722448046875 0.633302181640625 0.85852628515625 0.6433083125 0.85646073046875 0.6473685390625 0.859779720703125 0.661233291015625 0.85877133984375 0.7028111640625 0.8612401015625 0.726916421875 0.865120451171875 0.7376092890625 0.899068345703125 0.74150068359375 0.912715109375 0.7350643046875 0.918949884765625 0.734628326171875 0.951339087890625 0.73862871484375 0.963410771484375 0.74326668359375 0.985232484375 0.74174076171875 0.991865126953125 0.735794857421875 1 0.734639177734375 1 0.648517466796875
2 0.18888206640625 0.665073349609375 0.18823344140625 0.689396595703125 0.177747517578125 0.741035095703125 0.178058115234375 0.75667653125 0.182826806640625 0.768873595703125 0.198631732421875 0.7709010390625 0.20439241796875 0.752485583984375 0.20553151953125 0.7351764609375 0.222115794921875 0.73714940625 0.228187078125 0.73437538671875 0.242994669921875 0.733339939453125 0.254069017578125 0.73491501953125 0.2596879375 0.736871580078125 0.261377353515625 0.761031333984375 0.265094208984375 0.76938616015625 0.2675957421875 0.771560708984375 0.27700240234375 0.77168608984375 0.277220392578125 0.7748034765625 0.28039227734375 0.7753648359375 0.277438380859375 0.777920865234375 0.279433052734375 0.784046646484375 0.281553103515625 0.780765765625 0.279574818359375 0.763674630859375 0.2838858046875 0.746926865234375 0.286599984375 0.718543392578125 0.283880462890625 0.71325145703125 0.283422759765625 0.684306626953125 0.268320955078125 0.65873528515625 0.25764447265625 0.651650279296875 0.218731625 0.65515448828125 0.199029962890625 0.65339953125 0.195133228515625 0.653672017578125 0.191399984375 0.656282544921875 0.18888206640625 0.665073349609375
5 0.27265403125 0.5527059921875 0.26867002734375 0.57412983984375 0.271171560546875 0.576304388671875 0.287701337890625 0.577497986328125 0.287919326171875 0.580615375 0.291979552734375 0.5826809296875 0.30762098828125 0.58237033203125 0.311408728515625 0.58053915234375 0.314090138671875 0.57408638671875 0.305588205078125 0.564499849609375 0.29987667578125 0.5500192421875 0.2991682109375 0.539887732421875 0.291881603515625 0.53648147265625 0.29115675390625 0.53731531640625 0.28129773046875 0.541920515625 0.27265403125 0.5527059921875
5 0.3150329765625 0.5763699296875 0.298252439453125 0.59398965234375 0.299794748046875 0.60484601171875 0.304634322265625 0.606857068359375 0.335753701171875 0.60389783203125 0.3434217890625 0.61275951953125 0.3507083984375 0.616165779296875 0.363521318359375 0.60900455078125 0.3653688828125 0.6018269375 0.360981673828125 0.59508530078125 0.35452891015625 0.592403890625 0.344359287109375 0.581367654296875 0.333846296875 0.57662069140625 0.331960619140625 0.572053603515625 0.335094392578125 0.560870259765625 0.327535298828125 0.553567267578125 0.32052117578125 0.5540577421875 0.314831373046875 0.562287189453125 0.3150329765625 0.5763699296875
0 0.365254548828125 0.566592833984375 0.348817380859375 0.577923283203125 0.352098259765625 0.5800433359375 0.38477633203125 0.576975103515625 0.391027494140625 0.565573771484375 0.389703173828125 0.55783480078125 0.3848636015625 0.5558237421875 0.379408171875 0.556205224609375 0.3717781953125 0.559088236328125 0.365254548828125 0.566592833984375
0 0.52591434765625 0.59060050390625 0.5217287421875 0.597941611328125 0.5128670546875 0.60560969921875 0.50273554296875 0.6063181640625 0.49999963671875 0.61199158203125 0.492533150390625 0.617212634765625 0.492751140625 0.6203300234375 0.516894509765625 0.629605962890625 0.566047861328125 0.626951982421875 0.5712308046875 0.622673767578125 0.577427466796875 0.610493087890625 0.5763375234375 0.594906150390625 0.56899641796875 0.59072054296875 0.5526301328125 0.591864986328125 0.5445096796875 0.587733876953125 0.542171638671875 0.587897369140625 0.52914073046875 0.591941208984375 0.52591434765625 0.59060050390625
3 0.50947183984375 0.568255544921875 0.51380455078125 0.574217833984375 0.532508876953125 0.572909900390625 0.541479560546875 0.56680050390625 0.541386951171875 0.55427645703125 0.53638388671875 0.549927359375 0.5195499921875 0.5511045 0.51534151953125 0.55139878515625 0.511553779296875 0.55322996484375 0.50947183984375 0.568255544921875
3 0.70563288671875 0.562370205078125 0.711578791015625 0.56900284765625 0.728778919921875 0.56858325390625 0.7299561328125 0.56301883203125 0.724735080078125 0.555552345703125 0.7183368125 0.553650283203125 0.711322689453125 0.5541407578125 0.7044175625 0.556189927734375 0.70563288671875 0.562370205078125
1 0.637546173828125 0.607855494140625 0.6428217265625 0.616101326171875 0.67560879296875 0.6145917890625 0.681009724609375 0.613430962890625 0.683075279296875 0.609370736328125 0.675570681640625 0.602847087890625 0.64547798828125 0.601818744140625 0.641061427734375 0.602127580078125 0.6372736875 0.603958759765625 0.637546173828125 0.607855494140625
4 0.606192419921875 0.618662697265625 0.61014365234375 0.61916955859375 0.612263705078125 0.6158886796875 0.6117351171875 0.59712985546875 0.606895544921875 0.595118798828125 0.60299880859375 0.59539128515625 0.603309408203125 0.611032720703125 0.606192419921875 0.618662697265625
4 0.403126244140625 0.626597205078125 0.410303859375 0.628444771484375 0.417154490234375 0.625616255859375 0.417824841796875 0.624003064453125 0.4112085859375 0.61898361328125 0.408870544921875 0.61914710546875 0.40212891015625 0.62353431640625 0.403126244140625 0.626597205078125