2 0 0.743996529296875 0.0014433515625 0.7429905703125 0.012324974609375 0.74434317578125 0.018280197265625 0.750131529296875 0.04012521875 0.75127637890625 0.054495544921875 0.74577091796875 0.085988931640625 0.741945162109375 0.092969658203125 0.743093328125 0.1013063046875 0.748224166015625 0.137480765625 0.744643734375 0.142816041015625 0.73240619140625 0.146792078125 0.7013216796875 0.144574203125 0.69885848046875 0.14301052734375 0.68391241015625 0.14616549609375 0.65356719140625 0.1433309921875 0.64794238671875 0.126163728515625 0.632178568359375 0.114007958984375 0.62528293359375 0.0743414765625 0.620857134765625 0.06021647265625 0.62168151953125 0.044735548828125 0.618523232421875 0.04239501171875 0.618400568359375 0.029748591796875 0.620867087890625 0.019074724609375 0.630477880859375 0.013245482421875 0.637213283203125 0 0.662183357421875 0 0.743996529296875
2 0.73792931640625 0.766724044921875 0.74318281640625 0.756046859375 0.743302162109375 0.738842025390625 0.74605157421875 0.73116289453125 0.764939427734375 0.7290234765625 0.78120053125 0.73222265234375 0.799308205078125 0.730042345703125 0.79935241015625 0.7441264609375 0.805968466796875 0.767160537109375 0.80363124609375 0.78190216796875 0.808271435546875 0.782927673828125 0.807528826171875 0.767242310546875 0.82181737890625 0.763297208984375 0.827397978515625 0.74637858984375 0.824147962890625 0.71882698828125 0.814244322265625 0.683885787109375 0.81551515234375 0.674564521484375 0.8133381640625 0.671321142578125 0.813334845703125 0.65645684765625 0.81128051953125 0.6508729296875 0.80750228515625 0.648327955078125 0.802821208984375 0.64808262890625 0.78393335546875 0.650222046875 0.74574545703125 0.6474383828125 0.73856029296875 0.65019111328125 0.73359300390625 0.65540704296875 0.729078796875 0.666905294921875 0.724152396484375 0.671341046875 0.7182446953125 0.6945011015625 0.719239265625 0.7352339765625 0.726226626953125 0.766110732421875 0.73792931640625 0.766724044921875
5 0.69042123046875 0.5835178359375 0.694526564453125 0.579821376953125 0.70245101953125 0.577889712890625 0.709591978515625 0.5610528671875 0.7155063125 0.56762140234375 0.7224870390625 0.568769568359375 0.71870548828125 0.551360298828125 0.711063927734375 0.532966412109375 0.7022333125 0.522333431640625 0.6982882109375 0.50804487890625 0.693770685546875 0.5046788359375 0.6883094296875 0.504392623046875 0.6851069375 0.50578943359375 0.679608111328125 0.5211476953125 0.66868891796875 0.535439564453125 0.666845666015625 0.55568333984375 0.6721466875 0.573954564453125 0.669151951171875 0.58631476953125 0.670303435546875 0.594198337890625 0.685988796875 0.593455728515625 0.690135017578125 0.58897908984375 0.69042123046875 0.5835178359375
5 0.376550451171875 0.601490740234375 0.377906373046875 0.60547341015625 0.385503728515625 0.609783181640625 0.389936162109375 0.5998452890625 0.396300259765625 0.597831849609375 0.400286248046875 0.61134022265625 0.41272823046875 0.6127746015625 0.41671090234375 0.611418681640625 0.416833564453125 0.609078142578125 0.412929349609375 0.59400941015625 0.413338224609375 0.5862076171875 0.4234363515625 0.5726550390625 0.42224398046875 0.565551650390625 0.417849115234375 0.5598450703125 0.4168169765625 0.534756669921875 0.41184637109375 0.5251083046875 0.419399521484375 0.5153339609375 0.422516921875 0.500633216796875 0.40892345703125 0.49131526953125 0.40580273828125 0.491151720703125 0.400137046875 0.494766404296875 0.3938989296875 0.509303599609375 0.3848671953125 0.517435810546875 0.3850340625 0.52917938671875 0.380642515625 0.5383371015625 0.37998831640625 0.550819970703125 0.377443341796875 0.554598205078125 0.382045958984375 0.57126818359375 0.37630180859375 0.591307521484375 0.376550451171875 0.601490740234375
4 0.60001215625 0.6218074140625 0.593194978515625 0.61753853125 0.59007426171875 0.61737498046875 0.585928041015625 0.621851619140625 0.5872839609375 0.625834291015625 0.598247359375 0.625626537109375 0.60001215625 0.6218074140625
4 0.399874056640625 0.60427772265625 0.397080439453125 0.59787273828125 0.39161918359375 0.597586525390625 0.389612380859375 0.620951017578125 0.394211681640625 0.622756701171875 0.399424294921875 0.6128596953125 0.399874056640625 0.60427772265625
0 0.479449029296875 0.59358394921875 0.461627568359375 0.590303 0.460847388671875 0.590262111328125 0.4333775625 0.591951767578125 0.4253304453125 0.59622396875 0.42455358203125 0.611047376953125 0.4338781640625 0.6271825 0.475926072265625 0.63095078125 0.489311783203125 0.629305330078125 0.509306916015625 0.620965365234375 0.508073658203125 0.61464215625 0.488978048828125 0.60581817578125 0.479449029296875 0.59358394921875
0 0.619563041015625 0.554770005859375 0.612110451171875 0.555161755859375 0.610386541015625 0.558200697265625 0.61005944140625 0.5644421328125 0.61576933984375 0.5749115625 0.648495984375 0.577409015625 0.651453150390625 0.580693283203125 0.655354046875 0.580897720703125 0.647303611328125 0.570305626953125 0.62385402734375 0.55499488671875 0.619563041015625 0.554770005859375
1 0.334914736328125 0.604784958984375 0.325389033203125 0.60741502734375 0.32042174609375 0.61263095703125 0.324898384765625 0.616777177734375 0.356844849609375 0.619233744140625 0.365096404296875 0.611060646484375 0.365300841796875 0.60715975 0.362302787109375 0.604655662109375 0.358245853515625 0.604443046875 0.334914736328125 0.604784958984375
3 0.271178720703125 0.567022521484375 0.2716726875 0.5725246640625 0.28965769921875 0.572684896484375 0.297292625 0.561350193359375 0.296635109375 0.55896876953125 0.291214740234375 0.557902376953125 0.28731384375 0.557697939453125 0.277048849609375 0.55950694140625 0.271178720703125 0.567022521484375
3 0.481344880859375 0.55143791015625 0.4644930078125 0.550554740234375 0.460346787109375 0.55503137890625 0.458953294921875 0.566693181640625 0.46876852734375 0.573466154296875 0.487492830078125 0.574447453125 0.490858873046875 0.569929927734375 0.49118597265625 0.5636884921875 0.489376970703125 0.553423498046875 0.485557849609375 0.551658703125 0.481344880859375 0.55143791015625