2 1 0.648314994140625 0.9882412421875 0.627972498046875 0.976403931640625 0.615486560546875 0.968283478515625 0.611355451171875 0.95290156640625 0.61164790234375 0.9479659609375 0.611993033203125 0.885836197265625 0.619470201171875 0.873132271484375 0.628190123046875 0.85852628515625 0.6433083125 0.85646073046875 0.6473685390625 0.859779720703125 0.661233291015625 0.85877133984375 0.7028111640625 0.86118560546875 0.72613707421875 0.866733642578125 0.738279640625 0.902185734375 0.741282693359375 0.9181705390625 0.73468282421875 0.949725896484375 0.737958361328125 0.97042489453125 0.742776208984375 0.986736681640625 0.740852419921875 0.994148669921875 0.73485201953125 1 0.734442853515625 1 0.648314994140625
2 0.190168275390625 0.66106762109375 0.189699525390625 0.6767635546875 0.186854625 0.68087827734375 0.189012787109375 0.689342099609375 0.18196589453125 0.711763283203125 0.177529529296875 0.737917708984375 0.178167109375 0.758235224609375 0.182826806640625 0.768873595703125 0.1964026875 0.772623224609375 0.195824943359375 0.786760462890625 0.199830671875 0.788046671875 0.198740728515625 0.772459732421875 0.2063108671875 0.735121962890625 0.222949638671875 0.737874255859375 0.228187078125 0.73437538671875 0.253289671875 0.734969515625 0.258908591796875 0.736926076171875 0.260848765625 0.742272509765625 0.264205869140625 0.76788196484375 0.266816396484375 0.77161520703125 0.27700240234375 0.77168608984375 0.277819861328125 0.78337629296875 0.28177109375 0.783883154296875 0.2795203203125 0.76289528515625 0.284899525390625 0.73902440234375 0.286654482421875 0.719322740234375 0.284114837890625 0.705403490234375 0.286850744140625 0.699730072265625 0.278872056640625 0.67522694921875 0.272980650390625 0.669373654296875 0.266653267578125 0.6572855859375 0.2592576640625 0.6523206328125 0.218731625 0.65515448828125 0.19980930859375 0.65334503515625 0.19591257421875 0.653617521484375 0.191399984375 0.656282544921875 0.190168275390625 0.66106762109375
5 0.075489943359375 0.63384461328125 0.068982681640625 0.630383857421875 0.05656762890625 0.63203516015625 0.011425345703125 0.669650755859375 0.017365544921875 0.7545995703125 0.0286578828125 0.759292037109375 0.032391125 0.756681509765625 0.039982990234375 0.742053794921875 0.036647615234375 0.739154396484375 0.0393290234375 0.7327016328125 0.0534826484375 0.722314021484375 0.07578949609375 0.6941268125 0.104658103515625 0.670179705078125 0.107791876953125 0.65899636328125 0.1059606953125 0.655208623046875 0.11643557421875 0.64821088671875 0.121689400390625 0.6337466640625 0.11713869921875 0.624666986328125 0.10662570703125 0.6199200234375 0.101559953125 0.62027425390625 0.096494197265625 0.620628486328125 0.080166025390625 0.633517630859375 0.075489943359375 0.63384461328125
5 0.56220598828125 0.516012234375 0.5593610859375 0.520126958984375 0.5596880703125 0.5248030390625 0.544357232421875 0.540755072265625 0.534122068359375 0.573580251953125 0.542008146484375 0.585559328125 0.55375284765625 0.585521216796875 0.555709408203125 0.579902296875 0.551720064453125 0.567650734375 0.55512632421875 0.560364126953125 0.560837853515625 0.574844734375 0.5581019453125 0.580518150390625 0.56054898046875 0.581913353515625 0.561093953125 0.589706822265625 0.564483828125 0.593385568359375 0.5749423203125 0.597353185546875 0.578206814453125 0.610438591796875 0.59935817578125 0.610525859375 0.605026251953125 0.579586357421875 0.59864437109375 0.56671894140625 0.601434775390625 0.561824869140625 0.616334974609375 0.573313470703125 0.63130605859375 0.5746160625 0.643650228515625 0.583150767578125 0.6482718125 0.5820444375 0.64789033203125 0.576589009765625 0.5981485546875 0.52602941015625 0.581237296875 0.5193803828125 0.5807087109375 0.50062155859375 0.577989189453125 0.495329623046875 0.5722612734375 0.491814369140625 0.56524715234375 0.49230484375 0.55966634375 0.502092984375 0.56220598828125 0.516012234375
0 0.51292155078125 0.606389046875 0.50239217578125 0.612607435546875 0.49543255078125 0.6138772578125 0.492478654296875 0.6164332890625 0.49280563671875 0.621109369140625 0.503934482421875 0.623463796875 0.51294327734375 0.6290991015625 0.526355666015625 0.630510689453125 0.564543666015625 0.62784032421875 0.570505955078125 0.623507611328125 0.57664812109375 0.6105475859375 0.574996818359375 0.598132533203125 0.5604236015625 0.591320013671875 0.54083093359375 0.59112375 0.5361548515625 0.591450734375 0.524628140625 0.594606234375 0.51292155078125 0.606389046875
0 0.348038033203125 0.57797778125 0.352098259765625 0.5800433359375 0.38633502734375 0.576866109375 0.39113648828125 0.567132466796875 0.391425359375 0.560063845703125 0.389648677734375 0.557055453125 0.381746212890625 0.556041732421875 0.3809668671875 0.556096228515625 0.370273998046875 0.559976578125 0.348038033203125 0.57797778125
4 0.40396008984375 0.6273220546875 0.410303859375 0.628444771484375 0.4162661484375 0.62411205859375 0.4112085859375 0.61898361328125 0.408870544921875 0.61914710546875 0.402074412109375 0.62275496875 0.40396008984375 0.6273220546875
1 0.641987880859375 0.6153764765625 0.645993611328125 0.616662685546875 0.681789072265625 0.61337646484375 0.68140758984375 0.607921037109375 0.6764590234375 0.60435128515625 0.65976575390625 0.600819646484375 0.6423083828125 0.602040384765625 0.637944041015625 0.602345568359375 0.63682132421875 0.608689337890625 0.641987880859375 0.6153764765625
4 0.607751115234375 0.618553703125 0.61153885546875 0.6167225234375 0.613004939453125 0.60408948046875 0.612623458984375 0.598634052734375 0.60762039453125 0.594284955078125 0.604503005859375 0.594502943359375 0.6009713671875 0.6111962109375 0.607751115234375 0.618553703125
3 0.711578791015625 0.56900284765625 0.7302831171875 0.5676949140625 0.7299561328125 0.56301883203125 0.723121888671875 0.554881994140625 0.713271056640625 0.554004515625 0.7089846484375 0.55430425 0.703747208984375 0.557803119140625 0.711578791015625 0.56900284765625
3 0.51130301953125 0.57204328515625 0.514638396484375 0.57494268359375 0.53178402734375 0.573743744140625 0.539157904296875 0.555998642578125 0.538776423828125 0.55054321484375 0.521108685546875 0.550995505859375 0.516900212890625 0.551289791015625 0.512387623046875 0.553954814453125 0.51130301953125 0.57204328515625