2 0 0.76553298828125 0.0023205546875 0.765573494140625 0.00865141015625 0.76099578515625 0.0180386171875 0.760378271484375 0.0280842421875 0.7668045703125 0.05073704296875 0.7671999765625 0.06412534765625 0.76118271875 0.091546740234375 0.756973146484375 0.101701443359375 0.757150396484375 0.1094309453125 0.761973529296875 0.11489886328125 0.76206897265625 0.146239546875 0.757146443359375 0.15114448828125 0.74473015625 0.152321025390625 0.722090990234375 0.15007307421875 0.716582169921875 0.15182622265625 0.70567360546875 0.149151642578125 0.6798417421875 0.150986599609375 0.664246392578125 0.1479438828125 0.65950506640625 0.1209451640625 0.639499578125 0.057728091796875 0.635270642578125 0.0530413046875 0.6351888359375 0.0342532578125 0.63720499609375 0.025510833984375 0.645647455078125 0.019125439453125 0.6533496875 0.00132699609375 0.688200619140625 0.000409517578125 0.695998294921875 0 0.6964726328125 0 0.76553298828125
2 0.747874041015625 0.758271583984375 0.751956947265625 0.7481850546875 0.75066737890625 0.732535166015625 0.75316075390625 0.72398362890625 0.76808405078125 0.719555900390625 0.783706671875 0.719828595703125 0.78991481640625 0.72228106640625 0.80637310546875 0.71944287109375 0.807689943359375 0.733530498046875 0.813611759765625 0.75238671875 0.815914248046875 0.754771017578125 0.830015509765625 0.752673048828125 0.83496135546875 0.7379133671875 0.8344256484375 0.723839375 0.8212651796875 0.672039302734375 0.82219629296875 0.66346049609375 0.819907439453125 0.660295068359375 0.819330828125 0.64856446875 0.8155887890625 0.63912272265625 0.811710404296875 0.637492287109375 0.809367009765625 0.6374513828125 0.79525211328125 0.640330482421875 0.751522412109375 0.63878580859375 0.744451328125 0.641006490234375 0.739682734375 0.64561146875 0.736380958984375 0.6557116328125 0.729173529296875 0.665743623046875 0.724886103515625 0.6875471171875 0.724517966796875 0.70863765625 0.73460844921875 0.7572586640625 0.747874041015625 0.758271583984375
5 0.632909255859375 0.5851450546875 0.63674673828125 0.5891188828125 0.635801990234375 0.5984788203125 0.64099721484375 0.6141968828125 0.64014791015625 0.618088904296875 0.64791831640625 0.62056864453125 0.671365880859375 0.620196552734375 0.68009466796875 0.612535224609375 0.680776404296875 0.573478673828125 0.673687732421875 0.531942384765625 0.685609216796875 0.520429939453125 0.690445984375 0.511919306640625 0.6866903125 0.50325869140625 0.6766583203125 0.49605126171875 0.671190404296875 0.495955818359375 0.664873181640625 0.499752396484375 0.65688462109375 0.509770751953125 0.650608302734375 0.5112239375 0.640276349609375 0.521201388671875 0.636193443359375 0.53128791796875 0.63607073046875 0.53831809765625 0.64456773046875 0.54393599609375 0.644485921875 0.548622783203125 0.63777329296875 0.57507216015625 0.632909255859375 0.5851450546875
5 0.35991671484375 0.64679631640625 0.363041240234375 0.64685085546875 0.371797296875 0.637627265625 0.38441810546875 0.6308152421875 0.38560827734375 0.6073949453125 0.379441037109375 0.60259908203125 0.3757126328125 0.592376205078125 0.365735181640625 0.582044251953125 0.362129490234375 0.5647911953125 0.352837724609375 0.55994079296875 0.3489320703125 0.559872619140625 0.33318673828125 0.56663010546875 0.33066609375 0.576743904296875 0.334312689453125 0.59165356640625 0.316128521484375 0.603838064453125 0.31447081640625 0.609278712890625 0.30890745703125 0.6146511875 0.305373892578125 0.638030578125 0.353804013671875 0.6388759296875 0.35843626171875 0.64208226171875 0.35991671484375 0.64679631640625
5 0.37823545703125 0.761195947265625 0.401764830078125 0.7561370703125 0.410479984375 0.749256873046875 0.405202951171875 0.738225595703125 0.40535293359375 0.729633154296875 0.409394935546875 0.721890017578125 0.40365037109375 0.69287909375 0.404745099609375 0.67492671484375 0.4009485234375 0.668609494140625 0.385353171875 0.666774537109375 0.37988525390625 0.66667909375 0.368908515625 0.6688316015625 0.363812689453125 0.692183724609375 0.365224970703125 0.700803435546875 0.372214244140625 0.7032695390625 0.376147169921875 0.701775451171875 0.379930111328125 0.7088738046875 0.37942562890625 0.73777565234375 0.37364411328125 0.75564622265625 0.375124568359375 0.76036027734375 0.37823545703125 0.761195947265625
5 0.343507236328125 0.73636732421875 0.34108203515625 0.74101320703125 0.34805767578125 0.744260443359375 0.3576221328125 0.733488224609375 0.353112599609375 0.723251712890625 0.355496896484375 0.720949224609375 0.35237237109375 0.720894685546875 0.343725392578125 0.723869228515625 0.343507236328125 0.73636732421875
0 0.482713947265625 0.5950252890625 0.466364734375 0.5916144375 0.462068513671875 0.5915394453125 0.436627216796875 0.594220841796875 0.430323630859375 0.5972362890625 0.427721177734375 0.612036875 0.434519568359375 0.625438814453125 0.439905677734375 0.63022104296875 0.488335798828125 0.63106639453125 0.513522876953125 0.620566869140625 0.512069693359375 0.614290552734375 0.492664130859375 0.606919505859375 0.482713947265625 0.5950252890625
0 0.619094322265625 0.570839271484375 0.637046701171875 0.571934 0.639621884765625 0.558695677734375 0.62179221875 0.55057076953125 0.618667693359375 0.55051623046875 0.613158873046875 0.552764181640625 0.61224139453125 0.56056185546875 0.619094322265625 0.570839271484375
2 0.603434751953125 0.61744807421875 0.5972402421875 0.614214470703125 0.59411571875 0.61415993359375 0.590128255859375 0.618778544921875 0.590868482421875 0.621135572265625 0.6025718125 0.622121224609375 0.603434751953125 0.61744807421875
3 0.464703076171875 0.552516982421875 0.46068834375 0.558697857421875 0.4620460859375 0.570442091796875 0.471365119140625 0.573730232421875 0.49009862890625 0.574838595703125 0.4934140390625 0.56395730078125 0.490466765625 0.55374805859375 0.48658837890625 0.552117623046875 0.482526498046875 0.55204672265625 0.464703076171875 0.552516982421875
3 0.2736571640625 0.57496744140625 0.273575357421875 0.5796542265625 0.2923225 0.579981458984375 0.297091095703125 0.575376482421875 0.299557201171875 0.56838720703125 0.294143822265625 0.565167240234375 0.28945703515625 0.565085431640625 0.2800561953125 0.566484078125 0.2736571640625 0.57496744140625
4 0.39348776171875 0.603625638671875 0.393119625 0.62471617578125 0.396998009765625 0.626346611328125 0.40013616796875 0.625620017578125 0.400258880859375 0.61858983984375 0.40342430859375 0.616300984375 0.40364246484375 0.603802888671875 0.39979134765625 0.60061019140625 0.3982290859375 0.600582921875 0.39348776171875 0.603625638671875