2 0 0.76579040625 0.0023205546875 0.765573494140625 0.010227306640625 0.760241923828125 0.0211495078125 0.76121394140625 0.0280842421875 0.7668045703125 0.049955912109375 0.767186341796875 0.0617683203125 0.7619229453125 0.093903767578125 0.756232919921875 0.10015281640625 0.75634199609375 0.114117732421875 0.762055337890625 0.147815443359375 0.75639258203125 0.151130853515625 0.745511287109375 0.15233466015625 0.721309859375 0.149151642578125 0.6798417421875 0.1517404609375 0.6658222890625 0.149465240234375 0.661875728515625 0.14025528515625 0.652338541015625 0.1209451640625 0.639499578125 0.04914928515625 0.63433953125 0.046805892578125 0.634298626953125 0.031882595703125 0.638726353515625 0.018330673828125 0.65411718359375 0.002930162109375 0.68588449609375 0.0011906484375 0.6960119296875 0 0.6971617265625 0 0.76579040625
2 0.735130521484375 0.772113787109375 0.736801861328125 0.765892009765625 0.733718240234375 0.763494078125 0.736856400390625 0.762767484375 0.7369109375 0.7596429609375 0.74629814453125 0.7590254453125 0.74868244140625 0.75672295703125 0.751956947265625 0.7481850546875 0.752379623046875 0.723969994140625 0.7578884453125 0.72172204296875 0.76886518359375 0.71956953515625 0.783706671875 0.719828595703125 0.78991481640625 0.72228106640625 0.80637310546875 0.71944287109375 0.80841653515625 0.73666865625 0.8151331171875 0.7547573828125 0.830810275390625 0.751905552734375 0.8349340859375 0.73947562890625 0.8344256484375 0.723839375 0.821251544921875 0.67282043359375 0.819330828125 0.64856446875 0.81635628515625 0.63991748828125 0.81249153515625 0.637505921875 0.80858587890625 0.637437748046875 0.78900306640625 0.64022140625 0.749960150390625 0.6387585390625 0.739669099609375 0.646392599609375 0.72592629296875 0.672719263671875 0.7269840703125 0.701648380859375 0.724545236328125 0.707075392578125 0.728741171875 0.73527791796875 0.73392276171875 0.751777111328125 0.732841666015625 0.768948359375 0.735130521484375 0.772113787109375
5 0.73250830078125 0.564223861328125 0.73489259765625 0.56192137109375 0.729792818359375 0.540735392578125 0.72059649609375 0.530417072265625 0.710509966796875 0.526334166015625 0.709742470703125 0.525539400390625 0.702644119140625 0.52932234375 0.7024668671875 0.539477046875 0.697521021484375 0.554236728515625 0.6895324609375 0.564255083984375 0.692547908203125 0.570558669921875 0.69642629296875 0.57218910546875 0.712062548828125 0.571680669921875 0.716009107421875 0.56940544921875 0.716063646484375 0.56628092578125 0.73250830078125 0.564223861328125
5 0.662265001953125 0.60441031640625 0.669458798828125 0.59515945703125 0.700690404296875 0.5964859765625 0.70541809375 0.594224390625 0.706390111328125 0.58330219140625 0.68871042578125 0.566584841796875 0.68817471875 0.552510849609375 0.682062017578125 0.5445904609375 0.67503183984375 0.54446775 0.6678653125 0.55215634765625 0.67158008203125 0.56316035546875 0.66993601171875 0.56781987109375 0.659685865234375 0.573110537109375 0.6501077734375 0.58466388671875 0.6438041875 0.587679333984375 0.6397758203125 0.594641337890625 0.6419965 0.601712421875 0.655166650390625 0.608193259765625 0.662265001953125 0.60441031640625
0 0.6131725078125 0.55198305078125 0.612255029296875 0.559780724609375 0.619094322265625 0.570839271484375 0.65188819140625 0.572193060546875 0.655053619140625 0.569904205078125 0.63804598828125 0.5594495390625 0.631138521484375 0.5522966484375 0.623368115234375 0.549816908203125 0.617900197265625 0.54972146484375 0.6131725078125 0.55198305078125
0 0.505861548828125 0.61183808203125 0.50283246875 0.606315625 0.492677765625 0.606138375 0.483426904296875 0.598944580078125 0.478862830078125 0.591832591796875 0.475711037109375 0.593340314453125 0.462486349609375 0.589984001953125 0.46014295703125 0.58994309765625 0.452249837890625 0.594493537109375 0.4358460859375 0.594207208984375 0.428734099609375 0.59877128125 0.42846140625 0.61439390234375 0.435287064453125 0.626233580078125 0.44068680859375 0.630234677734375 0.4899116953125 0.63031253125 0.51353651171875 0.61978573828125 0.51359105078125 0.61666121484375 0.505861548828125 0.61183808203125
3 0.46627897265625 0.55176312109375 0.46151037890625 0.55636809765625 0.46207335546875 0.568879830078125 0.471351484375 0.57451136328125 0.49009862890625 0.574838595703125 0.494113361328125 0.568657720703125 0.491247896484375 0.553761693359375 0.487369509765625 0.5521312578125 0.48315140234375 0.552057630859375 0.46627897265625 0.55176312109375
3 0.2736571640625 0.57496744140625 0.275123984375 0.580462626953125 0.2923225 0.579981458984375 0.297913130859375 0.57304672265625 0.298803337890625 0.566811310546875 0.2918004296875 0.5651263359375 0.28477025 0.565003623046875 0.278480296875 0.567237939453125 0.2736571640625 0.57496744140625
1 0.330052533203125 0.61189480078125 0.322899640625 0.618802267578125 0.325174861328125 0.622748826171875 0.330629142578125 0.623625400390625 0.36345028125 0.62341692578125 0.368287048828125 0.61490629296875 0.368355220703125 0.611000638671875 0.3644768359375 0.609370203125 0.360050166015625 0.60929293359375 0.330052533203125 0.61189480078125
4 0.3962441484375 0.62477071484375 0.4001634375 0.624057755859375 0.402643177734375 0.616287349609375 0.402134740234375 0.600651095703125 0.3982290859375 0.600582921875 0.393501396484375 0.602844505859375 0.393955294921875 0.62160528515625 0.3962441484375 0.62477071484375
4 0.59629549609375 0.623574408203125 0.603366578125 0.621353728515625 0.604202248046875 0.61824283984375 0.5972402421875 0.614214470703125 0.594896849609375 0.614173568359375 0.588552359375 0.61953240625 0.589306220703125 0.6211083046875 0.59629549609375 0.623574408203125