2 0 0.77421875 0.00703125 0.77421875 0.015625 0.76875 0.0234375 0.76875 0.034375 0.775 0.053125 0.775 0.06796875 0.76875 0.1015625 0.76328125 0.11328125 0.76875 0.15078125 0.76328125 0.1546875 0.7546875 0.15625 0.72734375 0.15390625 0.7234375 0.153125 0.70234375 0.1546875 0.67265625 0.15 0.66484375 0.1296875 0.64921875 0.11953125 0.6453125 0.06015625 0.64296875 0.05520859375 0.64296875 0.04140625 0.64375 0.0328125 0.6484375 0.02109375 0.6625 0.0046875 0.69609375 0.0046875 0.70546875 0 0.7109375 0 0.77421875
2 0.7328125 0.659375 0.72890625 0.66796875 0.72734375 0.684375 0.7296875 0.6890625 0.73125 0.7234375 0.7390625 0.74921875 0.7375 0.76796875 0.7421875 0.7671875 0.74140625 0.75625 0.74375 0.75390625 0.75 0.7546875 0.753125 0.7515625 0.75625 0.7421875 0.7546875 0.72890625 0.759375 0.71796875 0.78671875 0.71484375 0.79453125 0.71953125 0.79296875 0.72578125 0.796875 0.72578125 0.79453125 0.7171875 0.80390625 0.7140625 0.81171875 0.715625 0.81171875 0.72734375 0.8171875 0.746875 0.8203125 0.75078125 0.81796875 0.765625 0.8234375 0.76640625 0.82109375 0.75078125 0.83515625 0.74609375 0.8390625 0.734375 0.8390625 0.725 0.83515625 0.70078125 0.8234375 0.66640625 0.82421875 0.6578125 0.8203125 0.653125 0.82265625 0.65078125 0.821875 0.64453125 0.8171875 0.6328125 0.812890625 0.6328125 0.79140625 0.63515625 0.753125 0.634375 0.74453125 0.6390625 0.7328125 0.659375
5 0.890625 0.6015625 0.88515625 0.60625 0.8859375 0.6140625 0.89375 0.62578125 0.9015625 0.62890625 0.90390625 0.6390625 0.9078125 0.64375 0.9328125 0.66015625 0.9609375 0.68984375 0.9734375 0.69609375 0.98359375 0.70859375 0.9875 0.70703125 0.98671875 0.68515625 0.99140625 0.68046875 0.98984375 0.678125 0.99921875 0.66796875 0.99921875 0.634375 0.9875 0.6296875 0.9796875 0.61953125 0.9546875 0.60546875 0.9515625 0.6015625 0.93203125 0.6 0.9296875 0.59453125 0.925 0.59296875 0.92109375 0.59296875 0.91484375 0.596875 0.91484375 0.60078125 0.9015625 0.5984375 0.890625 0.6015625
5 0.36484375 0.5671875 0.359375 0.59140625 0.36796875 0.6 0.4015625 0.603125 0.40625 0.61640625 0.41796875 0.6171875 0.41953125 0.6140625 0.4109375 0.59921875 0.42578125 0.5921875 0.42890625 0.5859375 0.42890625 0.57890625 0.4203125 0.5625 0.40390625 0.54765625 0.40390625 0.53671875 0.40078125 0.5296875 0.39453125 0.52734375 0.39296875 0.52734375 0.38515625 0.53125 0.384375 0.5453125 0.37421875 0.55 0.36484375 0.5671875
3 0.47265625 0.575 0.490625 0.57578125 0.49375 0.571875 0.49453125 0.5640625 0.4921875 0.5546875 0.48671875 0.55234375 0.48203125 0.55234375 0.46640625 0.553125 0.4625 0.55703125 0.46328125 0.5703125 0.47265625 0.575
3 0.29453125 0.58359375 0.29921875 0.57890625 0.3015625 0.57109375 0.29765625 0.56875 0.29348984375 0.56875 0.2796875 0.5703125 0.27421875 0.57890625 0.275 0.58359375 0.29453125 0.58359375
0 0.43671875 0.6265625 0.4421875 0.63125 0.4828125 0.63203125 0.49765625 0.62890625 0.5046875 0.6234375 0.515625 0.6203125 0.51484375 0.61484375 0.5046875 0.61171875 0.48359375 0.59609375 0.46875 0.59296875 0.463671875 0.59296875 0.4453125 0.59453125 0.43046875 0.6 0.43046875 0.615625 0.43671875 0.6265625
0 0.61953125 0.56875 0.65546875 0.56796875 0.64921875 0.5609375 0.62734375 0.5484375 0.622265625 0.5484375 0.6140625 0.54921875 0.6125 0.55234375 0.61328125 0.55859375 0.61953125 0.56875
4 0.60546875 0.61953125 0.60625 0.61640625 0.59921875 0.6125 0.59609375 0.6125 0.59140625 0.61796875 0.59296875 0.61953125 0.5984375 0.621875 0.60546875 0.61953125
4 0.40234375 0.62734375 0.4046875 0.6234375 0.4046875 0.60625 0.40078125 0.60234375 0.3984375 0.60234375 0.3953125 0.60390625 0.39375 0.61015625 0.396875 0.628125 0.40234375 0.62734375
1 0.32421875 0.62578125 0.36484375 0.62578125 0.37109375 0.61796875 0.36953125 0.61171875 0.36515625 0.61171875 0.34765625 0.61171875 0.3328125 0.615625 0.32421875 0.62265625 0.32421875 0.62578125