2 0 0.77421875 0.00625 0.77421875 0.0140625 0.76875 0.0234375 0.76875 0.0328125 0.775 0.0546875 0.775 0.06328125 0.77265625 0.065625 0.76953125 0.0984375 0.76328125 0.1140625 0.76796875 0.15078125 0.76328125 0.15625 0.75078125 0.1546875 0.709375 0.15234375 0.7015625 0.15390625 0.67109375 0.1515625 0.6671875 0.13125 0.65 0.1203125 0.6453125 0.05078125 0.64296875 0.05 0.6421875 0.0359375 0.6453125 0.021875 0.66171875 0.0046875 0.69765625 0.00390625 0.70625 0 0.709375 0 0.77421875
2 0.72890625 0.6703125 0.728125 0.68359375 0.73046875 0.690625 0.728125 0.70390625 0.7390625 0.7515625 0.7375 0.76796875 0.74140625 0.7671875 0.74140625 0.7546875 0.7515625 0.7546875 0.753125 0.75234375 0.75625 0.74296875 0.7546875 0.728125 0.75703125 0.71953125 0.7609375 0.7171875 0.7875 0.71484375 0.79296875 0.71796875 0.79921875 0.71484375 0.8109375 0.7140625 0.8125 0.73125 0.81875 0.7484375 0.82109375 0.75 0.83515625 0.74609375 0.8390625 0.7328125 0.83828125 0.715625 0.82421875 0.6671875 0.825 0.659375 0.821875 0.6546875 0.821875 0.64453125 0.81875 0.634375 0.81484375 0.63203125 0.8109375 0.63203125 0.7953125 0.63515625 0.75234375 0.634375 0.7421875 0.6421875 0.72890625 0.6703125
5 0.68984375 0.5625 0.69375 0.5671875 0.70078125 0.56796875 0.71015625 0.559375 0.73828125 0.559375 0.725 0.53984375 0.70859375 0.5296875 0.70234375 0.5296875 0.696875 0.534375 0.6953125 0.5484375 0.69140625 0.5546875 0.68984375 0.5625
5 0.671875 0.56484375 0.66015625 0.5703125 0.65234375 0.58046875 0.64453125 0.5859375 0.64140625 0.5921875 0.64375 0.59921875 0.6578125 0.6046875 0.671875 0.5921875 0.70390625 0.59296875 0.70703125 0.590625 0.7078125 0.5796875 0.7015625 0.571875 0.6875 0.56328125 0.690625 0.55546875 0.68984375 0.54921875 0.68203125 0.540625 0.68125 0.540625 0.675 0.54140625 0.6703125 0.5453125 0.66875 0.5578125 0.671875 0.56484375
4 0.60625 0.61640625 0.59921875 0.6125 0.596875 0.6125 0.59296875 0.61875 0.59765625 0.621875 0.6046875 0.6203125 0.60625 0.61640625
4 0.40390625 0.62421875 0.40546875 0.60546875 0.40234375 0.60234375 0.39921875 0.60234375 0.39453125 0.60625 0.39609375 0.625 0.3984375 0.62734375 0.40390625 0.62421875
0 0.43046875 0.61484375 0.43671875 0.6265625 0.44140625 0.63046875 0.48984375 0.63125 0.515625 0.6203125 0.515625 0.615625 0.5046875 0.60546875 0.49453125 0.6046875 0.48203125 0.5921875 0.46328125 0.590625 0.4625 0.590625 0.453125 0.5953125 0.43828125 0.5953125 0.43046875 0.60078125 0.43046875 0.61484375
0 0.6515625 0.56953125 0.65546875 0.5671875 0.63046875 0.54921875 0.6234375 0.54765625 0.61953125 0.54765625 0.6140625 0.55 0.61328125 0.5578125 0.6203125 0.56875 0.6515625 0.56953125
1 0.33359375 0.6265625 0.3640625 0.62578125 0.37109375 0.61484375 0.3671875 0.61171875 0.3625 0.61171875 0.33125 0.615625 0.32578125 0.6203125 0.325 0.62421875 0.33359375 0.6265625
3 0.46484375 0.571875 0.471875 0.575 0.490625 0.57578125 0.49453125 0.56953125 0.49453125 0.56328125 0.49140625 0.5546875 0.48515625 0.55234375 0.480859375 0.55234375 0.46796875 0.55234375 0.46328125 0.55625 0.4625 0.56796875 0.46484375 0.571875
3 0.28671875 0.58515625 0.2953125 0.5828125 0.29921875 0.57890625 0.3015625 0.57109375 0.2953125 0.56875 0.290234375 0.56875 0.2796875 0.57109375 0.27421875 0.57890625 0.27578125 0.584375 0.28671875 0.58515625