2 1 0.662288486328125 0.9912687265625 0.64871153515625 0.986754517578125 0.637213283203125 0.978462076171875 0.628260005859375 0.969471228515625 0.620907974609375 0.95218462109375 0.6194669609375 0.948283724609375 0.6196713984375 0.883692390625 0.626185775390625 0.864102814453125 0.6405118984375 0.854532908203125 0.6519659453125 0.85702704296875 0.699556884765625 0.855177154296875 0.70904169921875 0.85816857421875 0.73626619921875 0.862519234375 0.744643734375 0.89795440234375 0.749045234375 0.91167053125 0.74206782421875 0.945504455078125 0.74577091796875 0.964555857421875 0.7510310546875 0.979379265625 0.750254193359375 0.98919449609375 0.743481220703125 0.9985566484375 0.7429905703125 1 0.74380622265625 1 0.662288486328125
2 0.186048525390625 0.659618453125 0.185139048828125 0.687047390625 0.178277666015625 0.705400390625 0.17346729296875 0.733033765625 0.17370930078125 0.75257913671875 0.17732066796875 0.76177773828125 0.18138511328125 0.76469401953125 0.1947299375 0.765559291015625 0.2000309609375 0.74728806640625 0.200691794921875 0.730042345703125 0.21637715625 0.730784955078125 0.218840357421875 0.73300283203125 0.224918240234375 0.729555013671875 0.2507868203125 0.730546265625 0.254810380859375 0.7326823671875 0.26042855078125 0.7652454609375 0.26289175 0.7674633359375 0.270693544921875 0.7670544609375 0.27401869921875 0.77079180859375 0.280638072265625 0.732893439453125 0.28179619140625 0.69528128125 0.27670955859375 0.672860517578125 0.264723974609375 0.653148279296875 0.25425454296875 0.6474383828125 0.216846822265625 0.65018116015625 0.196398611328125 0.648123517578125 0.193277892578125 0.64828706640625 0.189458771484375 0.65005186328125 0.186048525390625 0.659618453125
5 0.01614401171875 0.80621146875 0.126149296875 0.8004463359375 0.12512379296875 0.795806146484375 0.10894446484375 0.8005656796875 0.10262125390625 0.799332421875 0.1013913125 0.7907913359375 0.08723205859375 0.75945818359375 0.084652830078125 0.7251711796875 0.072915888671875 0.695275724609375 0.072711451171875 0.691374828125 0.083841716796875 0.67983900390625 0.080397216796875 0.658896826171875 0.074445310546875 0.64982088671875 0.077569345703125 0.634793041015625 0.071334546875 0.605391552734375 0.070516796875 0.58978796484375 0.059968908203125 0.5676534140625 0.04305360546875 0.558369720703125 0.048065099609375 0.54950153515625 0.0497514375 0.53689600390625 0.052051087890625 0.535993162109375 0.049628775390625 0.53455546484375 0.051642212890625 0.528191369140625 0.046511375 0.519854720703125 0.03608283203125 0.514925001953125 0.014334060546875 0.51293551953125 0.010173365234375 0.513153572265625 0.00097476171875 0.516764939453125 0.01614401171875 0.80621146875
5 0.64502826171875 0.5056988671875 0.65282673828125 0.520154287109375 0.64925294140625 0.52660016015625 0.643372857421875 0.563677462890625 0.649610974609375 0.57821465625 0.646980908203125 0.587740359375 0.653631216796875 0.595215052734375 0.655600451171875 0.6029350703125 0.68889951953125 0.61136012890625 0.694285634765625 0.57978496875 0.6903880546875 0.565125111328125 0.693880076171875 0.557118880859375 0.69129421484375 0.552560466796875 0.69068090234375 0.54085777734375 0.6798059140625 0.512481791015625 0.672457201171875 0.50660834375 0.669585125 0.49658867578125 0.662195525390625 0.489935048828125 0.65673426953125 0.490221259765625 0.647658330078125 0.496173166015625 0.64502826171875 0.5056988671875
3 0.508279173828125 0.568410455078125 0.511726990234375 0.57448833984375 0.53123147265625 0.573466154296875 0.5396090078125 0.569115494140625 0.540474279296875 0.555770671875 0.5339466328125 0.550636515625 0.52692501953125 0.55100450390625 0.51140320703125 0.553382611328125 0.508279173828125 0.568410455078125
3 0.707879099609375 0.570467021484375 0.713503904296875 0.573301525390625 0.7275471328125 0.572565552734375 0.7289030546875 0.568582880859375 0.722951150390625 0.55950694140625 0.7134663359375 0.557657052734375 0.709565439453125 0.557861490234375 0.703405779296875 0.559748947265625 0.707879099609375 0.570467021484375
0 0.516237880859375 0.60085088671875 0.507243716796875 0.608363150390625 0.491926341796875 0.61464215625 0.490693083984375 0.620965365234375 0.51779160546875 0.630497701171875 0.56460236328125 0.628044453125 0.5754873046875 0.6118275546875 0.5746695546875 0.59622396875 0.5666224375 0.591951767578125 0.542273328125 0.5900985625 0.537592251953125 0.59034388671875 0.520550970703125 0.59358394921875 0.516237880859375 0.60085088671875
0 0.3483015234375 0.57601220703125 0.38423066015625 0.5749115625 0.390638962890625 0.562840884765625 0.390434525390625 0.55893998828125 0.388669728515625 0.5551208671875 0.381217138671875 0.554729119140625 0.37692615234375 0.554954 0.3526555 0.569525447265625 0.3483015234375 0.57601220703125
4 0.401752640625 0.625626537109375 0.408075849609375 0.626859794921875 0.4133735546875 0.623452865234375 0.40914555859375 0.617415869140625 0.406805021484375 0.61753853125 0.39998784375 0.6218074140625 0.401752640625 0.625626537109375
4 0.60061659375 0.613639873046875 0.602544939453125 0.620579712890625 0.608128857421875 0.6226340390625 0.611126912109375 0.620129951171875 0.61002294921875 0.599065109375 0.6052192109375 0.596969896484375 0.60443903125 0.597010783203125 0.600701685546875 0.6003359375 0.60061659375 0.613639873046875
1 0.6407737265625 0.6185762265625 0.643935330078125 0.619192857421875 0.675101615234375 0.616777177734375 0.68035843359375 0.6125900703125 0.679455591796875 0.610290419921875 0.6715720234375 0.609138935546875 0.6643050859375 0.604825845703125 0.640427841796875 0.6045125546875 0.63613685546875 0.6047374375 0.634903595703125 0.611060646484375 0.6407737265625 0.6185762265625