2 0 0.775 0.00703125 0.77421875 0.01484375 0.76875 0.02578125 0.76953125 0.03203125 0.775 0.0578125 0.775 0.06328125 0.7734375 0.06640625 0.76953125 0.096875 0.7640625 0.1203125 0.76875 0.15078125 0.76328125 0.15546875 0.7515625 0.15625 0.7265625 0.153125 0.70234375 0.1546875 0.671875 0.15 0.66484375 0.13046875 0.64921875 0.1203125 0.6453125 0.0671875 0.64453125 0.05078125 0.6421875 0.05 0.6421875 0.03671875 0.6453125 0.0234375 0.659375 0.0046875 0.696875 0.0046875 0.70546875 0 0.71015625 0 0.775
2 0.74140625 0.64296875 0.7296875 0.6703125 0.728125 0.684375 0.73125 0.7234375 0.73828125 0.753125 0.75234375 0.753125 0.75546875 0.74453125 0.7546875 0.728125 0.75859375 0.71796875 0.77734375 0.71484375 0.79375 0.7171875 0.81015625 0.7140625 0.81171875 0.728125 0.81875 0.7484375 0.825 0.74921875 0.83515625 0.74609375 0.8390625 0.73359375 0.83828125 0.715625 0.8234375 0.66640625 0.82421875 0.6578125 0.821875 0.6546875 0.8203125 0.6390625 0.81875 0.634375 0.8140625 0.63203125 0.8109375 0.63203125 0.784375 0.63515625 0.75546875 0.63359375 0.7484375 0.6359375 0.74140625 0.64296875
4 0.60546875 0.615625 0.59921875 0.6125 0.5953125 0.6125 0.5921875 0.61875 0.596875 0.62109375 0.60546875 0.61953125 0.60546875 0.615625
4 0.409375 0.615625 0.4078125 0.60390625 0.40234375 0.60390625 0.3984375 0.60703125 0.40078125 0.62890625 0.40703125 0.62578125 0.409375 0.615625
1 0.325 0.62578125 0.365625 0.62578125 0.37109375 0.61796875 0.37109375 0.6140625 0.36796875 0.61171875 0.3640625 0.61171875 0.34375 0.6125 0.33125 0.615625 0.32578125 0.62109375 0.325 0.62578125
0 0.43671875 0.6265625 0.44453125 0.63203125 0.48984375 0.63125 0.515625 0.61953125 0.5125 0.6140625 0.509375 0.6140625 0.509375 0.61796875 0.50703125 0.61875 0.5046875 0.61171875 0.49296875 0.60703125 0.48203125 0.5984375 0.44921875 0.59453125 0.4484375 0.59453125 0.43671875 0.59609375 0.42890625 0.6 0.4296875 0.6140625 0.43671875 0.6265625
0 0.65546875 0.56796875 0.65078125 0.56171875 0.63828125 0.55625 0.63359375 0.55078125 0.62265625 0.54765625 0.621875 0.54765625 0.61484375 0.54921875 0.6125 0.55390625 0.61953125 0.56875 0.65546875 0.56796875
5 0.43828125 0.5734375 0.4375 0.58125 0.440625 0.59296875 0.48046875 0.596875 0.48671875 0.60078125 0.49765625 0.6015625 0.49921875 0.58984375 0.4890625 0.5734375 0.49140625 0.56640625 0.48671875 0.56796875 0.48125 0.56484375 0.48046875 0.55 0.47421875 0.54140625 0.46640625 0.5359375 0.4625 0.5359375 0.45546875 0.5421875 0.45078125 0.56328125 0.44296875 0.5671875 0.43828125 0.5734375
5 0.72734375 0.571875 0.71640625 0.57109375 0.7125 0.575 0.7125 0.590625 0.715625 0.59609375 0.7125 0.60703125 0.715625 0.6125 0.72109375 0.61328125 0.72109375 0.60703125 0.72421875 0.603125 0.73515625 0.603125 0.734375 0.590625 0.728125 0.5875 0.728125 0.584375 0.740625 0.584375 0.74609375 0.58203125 0.7484375 0.5765625 0.75390625 0.57578125 0.78125 0.5765625 0.7828125 0.57890625 0.7890625 0.57734375 0.7796875 0.56015625 0.76875 0.54921875 0.7703125 0.5375 0.76875 0.5328125 0.76484375 0.53046875 0.759375 0.53046875 0.75 0.5359375 0.7515625 0.553125 0.7390625 0.5578125 0.72734375 0.571875
3 0.4953125 0.56875 0.49375 0.553125 0.48828125 0.55078125 0.4875 0.55078125 0.48203125 0.55234375 0.4796875 0.56484375 0.49140625 0.575 0.4953125 0.56875
3 0.2953125 0.5828125 0.30078125 0.57109375 0.29375 0.56875 0.28671875 0.56875 0.28046875 0.5703125 0.275 0.57890625 0.27578125 0.584375 0.2953125 0.5828125