2 0 0.775 0.00703125 0.77421875 0.01484375 0.76875 0.02578125 0.76953125 0.03203125 0.775 0.05546875 0.775 0.06328125 0.7734375 0.06953125 0.76875 0.09765625 0.7640625 0.10546875 0.7640625 0.11328125 0.76875 0.1203125 0.76875 0.15078125 0.76328125 0.15546875 0.75078125 0.15234375 0.66796875 0.13359375 0.6515625 0.1203125 0.6453125 0.05078125 0.64296875 0.05 0.6421875 0.03515625 0.64609375 0.02265625 0.66015625 0.00390625 0.69765625 0.00390625 0.70546875 0 0.709375 0 0.775
2 0.73828125 0.6546875 0.73125 0.6625 0.7265625 0.684375 0.7296875 0.68984375 0.73125 0.7234375 0.73828125 0.746875 0.7375 0.76796875 0.7421875 0.76796875 0.7421875 0.75625 0.75234375 0.75234375 0.75546875 0.74375 0.75703125 0.71953125 0.76171875 0.7171875 0.7875 0.71484375 0.79296875 0.71875 0.79609375 0.715625 0.8109375 0.7140625 0.8125 0.73046875 0.81875 0.7484375 0.8171875 0.7625 0.8203125 0.7671875 0.8234375 0.76640625 0.821875 0.75078125 0.83515625 0.74609375 0.8390625 0.73515625 0.83828125 0.71484375 0.8328125 0.69140625 0.8234375 0.66640625 0.82421875 0.65703125 0.821875 0.6546875 0.82109375 0.64140625 0.81875 0.634375 0.81484375 0.63203125 0.81015625 0.63203125 0.79140625 0.63515625 0.75 0.63515625 0.74375 0.640625 0.73828125 0.6546875
5 0.896875 0.625 0.896875 0.62734375 0.9015625 0.62890625 0.90625 0.6421875 0.940625 0.66640625 0.959375 0.6875 0.97734375 0.7 0.984375 0.71171875 0.98828125 0.70625 0.9890625 0.69765625 0.98671875 0.68359375 0.99921875 0.66875 0.99921875 0.63359375 0.98828125 0.6296875 0.9640625 0.60859375 0.95546875 0.60625 0.95 0.6015625 0.94609375 0.60390625 0.93515625 0.6015625 0.9203125 0.60546875 0.91484375 0.6015625 0.9046875 0.60234375 0.89765625 0.6 0.896875 0.6 0.8875 0.60390625 0.8859375 0.6109375 0.89375 0.62578125 0.896875 0.625
5 0.34375 0.58359375 0.34453125 0.596875 0.34765625 0.60078125 0.359375 0.59921875 0.4078125 0.603125 0.4140625 0.59609375 0.41171875 0.5890625 0.39453125 0.57421875 0.378125 0.5671875 0.37890625 0.553125 0.375 0.54375 0.36796875 0.53984375 0.36484375 0.53984375 0.35859375 0.5421875 0.35390625 0.54921875 0.35859375 0.5640625 0.34375 0.58359375
0 0.4421875 0.63125 0.4921875 0.63046875 0.515625 0.61953125 0.51328125 0.6140625 0.50625 0.61328125 0.48359375 0.59609375 0.4640625 0.5921875 0.46328125 0.59140625 0.43828125 0.5953125 0.43125 0.59921875 0.4296875 0.6140625 0.4421875 0.63125
0 0.6203125 0.56875 0.65546875 0.56796875 0.65078125 0.56171875 0.62734375 0.5484375 0.62265625 0.5484375 0.61484375 0.54921875 0.61328125 0.55234375 0.61328125 0.5578125 0.6203125 0.56875
4 0.60546875 0.615625 0.59921875 0.6125 0.5984375 0.61171875 0.59140625 0.61796875 0.59609375 0.62109375 0.60546875 0.61953125 0.60546875 0.615625
3 0.47265625 0.575 0.4921875 0.575 0.4953125 0.56796875 0.4921875 0.55390625 0.4890625 0.55234375 0.4846875 0.55234375 0.465625 0.553125 0.4625 0.5578125 0.46328125 0.56953125 0.47265625 0.575
3 0.2859375 0.58515625 0.29453125 0.5828125 0.30078125 0.57109375 0.2953125 0.56875 0.290625 0.56875 0.27890625 0.57109375 0.27421875 0.57890625 0.27578125 0.584375 0.2859375 0.58515625
1 0.32421875 0.625 0.36484375 0.62578125 0.37109375 0.61796875 0.36953125 0.61171875 0.365 0.61171875 0.346875 0.61171875 0.33125 0.615625 0.32421875 0.621875 0.32421875 0.625
4 0.40546875 0.61796875 0.4046875 0.60546875 0.4015625 0.603125 0.396875 0.603125 0.39453125 0.60625 0.396875 0.62734375 0.403125 0.62578125 0.40546875 0.61796875