2 0.107363806640625 0.827361505859375 0.142081734375 0.816170796875 0.154447541015625 0.819955390625 0.190821490234375 0.80932087109375 0.193723708984375 0.796290146484375 0.1911267578125 0.77219836328125 0.1846615703125 0.748650224609375 0.18196843359375 0.71826053515625 0.1763479921875 0.711950087890625 0.1474345 0.697079345703125 0.08433418359375 0.702791806640625 0.079692302734375 0.7034441796875 0.06587538671875 0.70617494921875 0.05801764453125 0.712012849609375 0.046592765625 0.7317638515625 0.03690755078125 0.763893203125 0.037329923828125 0.772512046875 0.03389660546875 0.77615028125 0.04302983984375 0.841136623046875 0.049219015625 0.840266791015625 0.056194380859375 0.83376397265625 0.064704498046875 0.832567953125 0.079608703125 0.837573654296875 0.097293853515625 0.834299240234375 0.107363806640625 0.827361505859375
2 0.7840664921875 0.691232900390625 0.7857476015625 0.68074057421875 0.806092423828125 0.673936658203125 0.81382889453125 0.6728493671875 0.820452984375 0.675074123046875 0.826207244140625 0.671109703125 0.836929572265625 0.6688138515625 0.84923266015625 0.700219732421875 0.851879787109375 0.702214486328125 0.865479244140625 0.697936423828125 0.867837818359375 0.68103746484375 0.8649983203125 0.66644690234375 0.84422275 0.619664267578125 0.838639939453125 0.596781046875 0.83346695703125 0.588040927734375 0.83015491015625 0.58692855078125 0.82628667578125 0.5874721953125 0.806606771484375 0.593393736328125 0.76858934375 0.59794780859375 0.7589543046875 0.607980130859375 0.7528362265625 0.6261963828125 0.75125130078125 0.64298661328125 0.75549173046875 0.67315884375 0.77119050390625 0.717499263671875 0.7845599609375 0.717198166015625 0.787462177734375 0.70416744140625 0.7840664921875 0.691232900390625
5 0.727297501953125 0.584816732421875 0.741766791015625 0.586727845703125 0.761011779296875 0.577711716796875 0.763575265625 0.56788430859375 0.757762453125 0.54897805078125 0.75115090625 0.541229037109375 0.738726546875 0.514573767578125 0.72758184765625 0.508250775390625 0.726034552734375 0.508468232421875 0.7200628359375 0.510885357421875 0.708989232421875 0.52190878515625 0.709302875 0.529753984375 0.71678425390625 0.543692171875 0.71025634765625 0.5477653203125 0.7031471640625 0.5645430078125 0.70213097265625 0.57415295703125 0.68685040234375 0.588923345703125 0.687285318359375 0.59201793359375 0.727297501953125 0.584816732421875
5 0.376555263671875 0.66014495703125 0.383614271484375 0.66546430078125 0.38778360546875 0.678290111328125 0.392534216796875 0.6784113828125 0.4005006875 0.673347130859375 0.405602572265625 0.664740828125 0.40232816015625 0.6470556796875 0.397698822265625 0.642183794921875 0.389309978515625 0.638629203125 0.381828599609375 0.624691015625 0.37187991796875 0.626878138671875 0.366125658203125 0.63084255859375 0.35696316796875 0.6273966953125 0.355319689453125 0.621316248046875 0.361533953125 0.60939790234375 0.3583431796875 0.6035349140625 0.359238099609375 0.59867557421875 0.355938599609375 0.592038939453125 0.3451200859375 0.58803688671875 0.3412518515625 0.58858053125 0.329973333984375 0.592532408203125 0.326540015625 0.596170640625 0.324532716796875 0.604342025390625 0.3259461953125 0.614399435546875 0.331662822265625 0.6270077890625 0.319815572265625 0.638139943359375 0.314713685546875 0.64674624609375 0.3128987578125 0.667513439453125 0.34041131640625 0.66680251171875 0.376555263671875 0.66014495703125
5 0.44138691015625 0.767794775390625 0.448023546875 0.7644952734375 0.45057448828125 0.760192123046875 0.442645650390625 0.74868360546875 0.43602155859375 0.746458849609375 0.4354779140625 0.74259061328125 0.444786765625 0.7302373515625 0.44326455859375 0.719406294921875 0.4339222421875 0.697840365234375 0.43196512109375 0.683914720703125 0.42589721875 0.68003394140625 0.42164216015625 0.680631951171875 0.39738101171875 0.684830560546875 0.3942613359375 0.6963139921875 0.39642337109375 0.7173111875 0.4054771328125 0.719983404296875 0.408910451171875 0.716345171875 0.4144221640625 0.72188197265625 0.419135142578125 0.738576017578125 0.415421646484375 0.768288244140625 0.423036841796875 0.771951564453125 0.44138691015625 0.767794775390625
5 0.39079876171875 0.761492703125 0.3934709765625 0.752438943359375 0.391066396484375 0.74094296875 0.386424513671875 0.741595341796875 0.3817826328125 0.74224771484375 0.3807413515625 0.762906181640625 0.386374337890625 0.76369237109375 0.39079876171875 0.761492703125
0 0.52029885546875 0.610752783203125 0.4979007265625 0.59733315234375 0.480336849609375 0.595856955078125 0.47337402734375 0.596835515625 0.4499346171875 0.604074349609375 0.44528019140625 0.61025098046875 0.446246208984375 0.622738060546875 0.4558310703125 0.634802767578125 0.462672619140625 0.638574818359375 0.51119491796875 0.63017759765625 0.522485978515625 0.62070146484375 0.53210847265625 0.616193400390625 0.5290264296875 0.61110405859375 0.52029885546875 0.610752783203125
0 0.6265477421875 0.530339470703125 0.620576025390625 0.532756595703125 0.619463646484375 0.536068640625 0.620333478515625 0.54225781640625 0.627936130859375 0.55144539453125 0.664188806640625 0.545561486328125 0.657903447265625 0.5401334140625 0.644763994140625 0.536457548828125 0.637704986328125 0.531138205078125 0.62886868359375 0.530013283203125 0.6265477421875 0.530339470703125
3 0.4889107265625 0.554416658203125 0.47412675390625 0.557283337890625 0.470245974609375 0.563351240234375 0.471659451171875 0.573408650390625 0.48634619921875 0.576867056640625 0.5019278671875 0.575466123046875 0.50492626953125 0.568733302734375 0.50339151953125 0.56342650390625 0.499100912109375 0.5553513046875 0.493359197265625 0.553791466796875 0.4889107265625 0.554416658203125
3 0.288280041015625 0.61022593359375 0.2889324140625 0.61486781640625 0.307391212890625 0.611484673828125 0.31082453125 0.60784644140625 0.312723099609375 0.598901408203125 0.309193595703125 0.596241736328125 0.30455171484375 0.596894111328125 0.29316446875 0.60007233984375 0.288280041015625 0.61022593359375
4 0.614441234375 0.606989068359375 0.621077869140625 0.60368956640625 0.620534224609375 0.59982133203125 0.613910134765625 0.597596576171875 0.610815546875 0.5980314921875 0.60804714453125 0.600787349609375 0.607925873046875 0.605537958984375 0.614441234375 0.606989068359375