2 0 0.69998058984375 0.0240952421875 0.703052 0.032789271484375 0.69810109375 0.06130129296875 0.6978710234375 0.069017609375 0.69909316796875 0.07600063671875 0.7049451015625 0.0829453203125 0.70604503125 0.113894451171875 0.70540997265625 0.120479669921875 0.693797154296875 0.130997291015625 0.612409203125 0.11581626953125 0.5933940078125 0.10521951171875 0.585387740234375 0.036383748046875 0.57053028515625 0.03252558984375 0.569919212890625 0.01891899609375 0.57092809375 0.003479185546875 0.583511447265625 0 0.58829125390625 0 0.69998058984375
2 0.693739556640625 0.745043181640625 0.69611678125 0.7849691171875 0.693428064453125 0.801945009765625 0.697530650390625 0.801012818359375 0.696193470703125 0.794473123046875 0.698347806640625 0.79085939453125 0.70102934375 0.78891114453125 0.7086234453125 0.790904919921875 0.7105333515625 0.788834453125 0.715086451171875 0.780063732421875 0.719524515625 0.757037001953125 0.724520947265625 0.75545539453125 0.750351431640625 0.757173576171875 0.755263994140625 0.761115603515625 0.758717162109375 0.75928956640625 0.77362258984375 0.760068376953125 0.77247713671875 0.77728869921875 0.776366458984375 0.797679416015625 0.7731505390625 0.81298983203125 0.777008697265625 0.813600904296875 0.77814697265625 0.811408224609375 0.77790972265625 0.797923845703125 0.792532376953125 0.795493916015625 0.7998508828125 0.77925130859375 0.8001408359375 0.767432408203125 0.79419540625 0.7150765 0.796189181640625 0.7074823984375 0.793713728515625 0.7031353828125 0.79542473046875 0.69233254296875 0.793155359375 0.681690259765625 0.790313263671875 0.679658140625 0.785683474609375 0.678924853515625 0.765903828125 0.67895601953125 0.725778990234375 0.672600869140625 0.7179788046875 0.676902359375 0.711393583984375 0.688515177734375 0.70501444921875 0.693832728515625 0.6985897890625 0.70942591796875 0.698383705078125 0.71572118359375 0.695702166015625 0.717669435546875 0.696917130859375 0.72498076171875 0.693739556640625 0.745043181640625
5 0.70480591796875 0.62023778125 0.711300087890625 0.629176240234375 0.7057692734375 0.644120013671875 0.70670146484375 0.648222599609375 0.710032419921875 0.647168193359375 0.714707734375 0.637625841796875 0.714913818359375 0.631330576171875 0.72113239453125 0.62203265234375 0.723538337890625 0.601848017578125 0.734020060546875 0.595598275390625 0.7389781484375 0.5892646640625 0.7398336484375 0.583863244140625 0.725347568359375 0.5554662578125 0.724659806640625 0.549820408203125 0.72039666015625 0.5467722265625 0.720442185546875 0.536496587890625 0.7151246328125 0.530117453125 0.712038107421875 0.529628595703125 0.70472678125 0.530843560546875 0.699363705078125 0.5347400625 0.702076408203125 0.55257145703125 0.691594685546875 0.55882119921875 0.68740823046875 0.565277025390625 0.68890596875 0.575797091796875 0.6840245703125 0.5916347109375 0.6872644765625 0.61113158203125 0.69282645703125 0.615967455078125 0.70480591796875 0.62023778125
5 0.68957219140625 0.6265258671875 0.698465126953125 0.6303073359375 0.702689927734375 0.628603513671875 0.70374433203125 0.63193446875 0.7090235390625 0.633561599609375 0.70805300390625 0.624707009765625 0.704034287109375 0.62011556640625 0.68714226171875 0.61190321484375 0.680243103515625 0.600527646484375 0.688378765625 0.574131615234375 0.685376109375 0.56811912109375 0.67542876953125 0.56100669921875 0.6684840859375 0.55990676953125 0.66145553125 0.564330474609375 0.657269076171875 0.57078630078125 0.642387634765625 0.60481477734375 0.639408962890625 0.633609572265625 0.6415177734375 0.640271482421875 0.6493563046875 0.640721994140625 0.654925462890625 0.6305302265625 0.65358828515625 0.62399053125 0.6578130859375 0.62228670703125 0.68957219140625 0.6265258671875
4 0.57738848828125 0.6356513203125 0.585349232421875 0.635330201171875 0.586854150390625 0.630822626953125 0.580398326171875 0.626636169921875 0.578083431640625 0.62626952734375 0.5747524765625 0.627323931640625 0.57312534375 0.632603138671875 0.57738848828125 0.6356513203125
4 0.382211240234375 0.594455431640625 0.381959630859375 0.6110263359375 0.38594000390625 0.61086577734375 0.392158580078125 0.601567853515625 0.39411401171875 0.58922175 0.392043544921875 0.58731184375 0.38895701953125 0.586822986328125 0.38473221875 0.58852680859375 0.382211240234375 0.594455431640625
0 0.4814305859375 0.60226034765625 0.482568861328125 0.60006766796875 0.474852546875 0.5988455234375 0.4713226875 0.5911675546875 0.450977494140625 0.58478123828125 0.448662599609375 0.584414595703125 0.420922208984375 0.58476687890625 0.415559134765625 0.588663380859375 0.412709857421875 0.60165890234375 0.417699109375 0.6151049375 0.422367244140625 0.6205902265625 0.468665134765625 0.627923091796875 0.496611609375 0.62127554296875 0.49734489453125 0.616645751953125 0.4879247578125 0.61119880859375 0.4814305859375 0.60226034765625
0 0.613691068359375 0.5662571875 0.606501955078125 0.566700521484375 0.603698203125 0.569420404296875 0.60272048828125 0.575593455078125 0.607304751953125 0.586602380859375 0.64344921875 0.59311808984375 0.639269943359375 0.5845462734375 0.62777933984375 0.577189421875 0.621162955078125 0.56902259375 0.614340484375 0.567151033203125 0.613691068359375 0.5662571875
1 0.332826822265625 0.586633708984375 0.315239857421875 0.5878031484375 0.309105150390625 0.591577435546875 0.307478017578125 0.596856642578125 0.346831224609375 0.603089578125 0.354226421875 0.596350978515625 0.354837494140625 0.5924928203125 0.35057434765625 0.589444640625 0.346137466796875 0.58874190625 0.332826822265625 0.586633708984375
3 0.265426466796875 0.542737029296875 0.26457096484375 0.54813844921875 0.27679485546875 0.55086551171875 0.284877814453125 0.54977276171875 0.291990236328125 0.539825419921875 0.2878493046875 0.536005607421875 0.28283369921875 0.53521121484375 0.27217224609375 0.53510458203125 0.265426466796875 0.542737029296875
3 0.45273401953125 0.5637027578125 0.4604886796875 0.56967690625 0.47977946875 0.572732267578125 0.48359928125 0.5685913359375 0.48295704296875 0.55266984765625 0.467891056640625 0.5479106640625 0.460946373046875 0.546810734375 0.454811666015625 0.5505850234375 0.45273401953125 0.5637027578125