2 0 0.775 0.00703125 0.77421875 0.01484375 0.76875 0.025 0.76953125 0.03203125 0.775 0.05390625 0.775 0.065625 0.76953125 0.1015625 0.76328125 0.1140625 0.76875 0.15078125 0.76328125 0.1546875 0.7546875 0.15625 0.72734375 0.15390625 0.7234375 0.153125 0.66875 0.13671875 0.65390625 0.12265625 0.64609375 0.06015625 0.64296875 0.05520859375 0.64296875 0.0375 0.6453125 0.028125 0.65390625 0.02109375 0.6625 0.0046875 0.696875 0.00390625 0.70546875 0 0.70859375 0 0.775
2 0.73515625 0.6578125 0.73203125 0.659375 0.7265625 0.684375 0.7296875 0.6890625 0.73125 0.7234375 0.73828125 0.75078125 0.7375 0.76796875 0.7421875 0.7671875 0.74296875 0.75625 0.753125 0.75234375 0.75625 0.74375 0.75625 0.721875 0.76171875 0.7171875 0.771875 0.71796875 0.775 0.715625 0.78671875 0.71484375 0.79375 0.71875 0.796875 0.715625 0.81015625 0.7140625 0.8109375 0.725 0.81875 0.7484375 0.8171875 0.76328125 0.8203125 0.7671875 0.8234375 0.76640625 0.82265625 0.75078125 0.83515625 0.74609375 0.8390625 0.7328125 0.83828125 0.71796875 0.83203125 0.6890625 0.8234375 0.66640625 0.82421875 0.6578125 0.821875 0.6546875 0.8203125 0.6390625 0.81875 0.634375 0.8140625 0.63203125 0.8125 0.63203125 0.78984375 0.63515625 0.75 0.63515625 0.74375 0.63984375 0.73515625 0.6578125
5 0.8875 0.60234375 0.89765625 0.61796875 0.89453125 0.621875 0.896875 0.6375 0.9234375 0.653125 0.94609375 0.678125 0.92890625 0.68125 0.921875 0.68828125 0.928125 0.70390625 0.93671875 0.7140625 0.94140625 0.72734375 0.95234375 0.74140625 0.97578125 0.7359375 0.9734375 0.72109375 0.975 0.71953125 0.97890625 0.7203125 0.98984375 0.73359375 0.99921875 0.73359375 0.99921875 0.63515625 0.97578125 0.61640625 0.97109375 0.609375 0.93828125 0.5984375 0.928125 0.5859375 0.91796875 0.5828125 0.9140625 0.5828125 0.90078125 0.58359375 0.88984375 0.5875 0.8875 0.590625 0.8875 0.60234375
5 0.9734375 0.7484375 0.978125 0.7546875 0.984375 0.77421875 0.9875 0.771875 0.99375 0.78046875 0.99921875 0.78046875 0.99921875 0.7421875 0.99765625 0.7421875 0.99296875 0.74296875 0.99140625 0.746875 0.98046875 0.74375 0.9734375 0.7484375
3 0.2953125 0.5828125 0.30078125 0.5703125 0.29453125 0.56875 0.290234375 0.56875 0.2796875 0.57109375 0.275 0.57890625 0.275 0.584375 0.2953125 0.5828125
3 0.47265625 0.575 0.49140625 0.575 0.4953125 0.56875 0.49375 0.559375 0.4921875 0.5546875 0.48671875 0.55234375 0.4828125 0.55234375 0.4671875 0.55234375 0.4625 0.55859375 0.46328125 0.56953125 0.47265625 0.575
5 0.39921875 0.59765625 0.4109375 0.60234375 0.4140625 0.59921875 0.42734375 0.5953125 0.4296875 0.590625 0.428125 0.58515625 0.39921875 0.56484375 0.39296875 0.56484375 0.37265625 0.57734375 0.36875 0.58828125 0.36875 0.596875 0.39921875 0.59765625
1 0.334375 0.6265625 0.36640625 0.625 0.37109375 0.6171875 0.3703125 0.6125 0.3578125 0.61171875 0.35390625 0.61171875 0.33125 0.615625 0.325 0.62265625 0.328125 0.62578125 0.334375 0.6265625
4 0.403125 0.6203125 0.40546875 0.61796875 0.40546875 0.60625 0.4015625 0.60234375 0.39921875 0.60234375 0.3953125 0.60390625 0.39765625 0.62734375 0.403125 0.62578125 0.403125 0.6203125
4 0.60546875 0.61953125 0.60625 0.61640625 0.59921875 0.6125 0.596875 0.6125 0.59375 0.6140625 0.59375 0.61953125 0.5984375 0.621875 0.60546875 0.61953125
0 0.61953125 0.56875 0.65546875 0.56875 0.65078125 0.56171875 0.6390625 0.55625 0.63359375 0.55078125 0.6234375 0.54765625 0.61953125 0.54765625 0.61484375 0.54921875 0.61328125 0.55234375 0.61328125 0.55859375 0.61953125 0.56875
0 0.4421875 0.63125 0.4921875 0.63046875 0.515625 0.6203125 0.515625 0.615625 0.5078125 0.6140625 0.49453125 0.60625 0.4828125 0.5953125 0.46640625 0.5921875 0.4625 0.5921875 0.4453125 0.59453125 0.43046875 0.60078125 0.43046875 0.615625 0.4421875 0.63125