2 0.93487926953125 0.665956009765625 0.930978373046875 0.665751572265625 0.868400478515625 0.66560129296875 0.8547285546875 0.672707998046875 0.8375270390625 0.687452947265625 0.830934205078125 0.768468935546875 0.83496108203125 0.78119712890625 0.871343296875 0.788580095703125 0.88567273828125 0.783854814453125 0.918934236328125 0.79107423046875 0.93655126171875 0.798256078125 0.949814310546875 0.7989511640625 0.961063919921875 0.793282154296875 0.970426072265625 0.7937728046875 0.97794165234375 0.79964293359375 0.98492237890625 0.800791099609375 0.988397814453125 0.734475857421875 0.98392117578125 0.73032963671875 0.983631646484375 0.72092659765625 0.96974533203125 0.68734131640625 0.9587786171875 0.672684775390625 0.9512221484375 0.667594826171875 0.93487926953125 0.665956009765625
2 0.17133235546875 0.6361103984375 0.16792542578125 0.641408103515625 0.166491046875 0.6538500859375 0.1584881328125 0.67220640234375 0.14974924609375 0.704605947265625 0.14913593359375 0.71630863671875 0.152423517578125 0.728215763671875 0.165523017578125 0.732031568359375 0.168725509765625 0.730634759765625 0.176810197265625 0.710718083984375 0.178285462890625 0.697495923828125 0.19610692578125 0.700776873046875 0.218033720703125 0.70036136328125 0.23265269140625 0.70503912109375 0.2313851796875 0.729224681640625 0.23471365234375 0.74035162890625 0.248058474609375 0.739486357421875 0.261516009765625 0.6916876640625 0.258722390625 0.6852826796875 0.262166890625 0.6643405 0.259741259765625 0.65091390234375 0.253908701171875 0.6427850078125 0.249224306640625 0.627675388671875 0.240189255859375 0.6209433046875 0.196458326171875 0.61943378515625 0.18019722265625 0.616234611328125 0.176296326171875 0.616030173828125 0.16919625390625 0.63208683984375 0.17133235546875 0.6361103984375
5 0.266324142578125 0.525305029296875 0.26045401171875 0.532820611328125 0.2565973203125 0.5467002890625 0.27450055859375 0.548420880859375 0.276677544921875 0.551664259765625 0.271873806640625 0.55375947265625 0.275652041015625 0.55630444921875 0.297415287109375 0.55900965625 0.301561509765625 0.554533017578125 0.298972328125 0.54422713671875 0.290305263671875 0.5304734375 0.286360162109375 0.516184884765625 0.281144232421875 0.51121759765625 0.2756829765625 0.510931384765625 0.269976396484375 0.515326248046875 0.266324142578125 0.525305029296875
5 0.309649515625 0.54948063671875 0.289122845703125 0.56796293359375 0.287729353515625 0.579624736328125 0.32435689453125 0.582326625 0.3376641484375 0.597105828125 0.352034474609375 0.5916003671875 0.354003708984375 0.583880349609375 0.33486389453125 0.56097225390625 0.32800583203125 0.55748355078125 0.329726421875 0.5395803125 0.323031908203125 0.532970890625 0.31757065234375 0.5326846796875 0.31096123046875 0.539379193359375 0.309649515625 0.54948063671875
4 0.38915930078125 0.6146686953125 0.401642169921875 0.61532289453125 0.4025858984375 0.612243064453125 0.3981501484375 0.6073166640625 0.395029431640625 0.607153115234375 0.38780337890625 0.6106860234375 0.38915930078125 0.6146686953125
0 0.3412279921875 0.55895881640625 0.3450062265625 0.561503791015625 0.376295173828125 0.561578931640625 0.383848326171875 0.551804587890625 0.383477021484375 0.54396190625 0.378918607421875 0.541376044921875 0.371896994140625 0.541008056640625 0.366353962890625 0.542282203125 0.3412279921875 0.55895881640625
0 0.48565289453125 0.6095555234375 0.478345068359375 0.614648791015625 0.478099744140625 0.6193298671875 0.488858705078125 0.6230230078125 0.49637428515625 0.628893138671875 0.517275578125 0.63311781640625 0.546922392578125 0.634671541015625 0.555790576171875 0.629660046875 0.563425501953125 0.618325345703125 0.564859880859375 0.60588336328125 0.55820625390625 0.59849376171875 0.539522837890625 0.596732283203125 0.532746548828125 0.591683220703125 0.51702030078125 0.593206009765625 0.493039177734375 0.5880376015625 0.48913828125 0.5878331640625 0.4891007109375 0.603477638671875 0.48565289453125 0.6095555234375
4 0.59479954296875 0.631704421875 0.598451796875 0.621725640625 0.597586525390625 0.60838081640625 0.590564912109375 0.608012828125 0.5902002421875 0.62989873828125 0.59479954296875 0.631704421875
1 0.623335759765625 0.624594396484375 0.6276079609375 0.632641515625 0.630687791015625 0.633585244140625 0.66111478515625 0.63517985546875 0.667601544921875 0.63082587890625 0.662467388671875 0.624298232421875 0.6439475234375 0.619416037109375 0.6304894296875 0.618710728515625 0.6260033984375 0.618475625 0.622760017578125 0.62065261328125 0.623335759765625 0.624594396484375
3 0.700812203125 0.594232591796875 0.720316685546875 0.59525477734375 0.72056201171875 0.590573701171875 0.7148112265625 0.580884451171875 0.703149423828125 0.579490958984375 0.69924852734375 0.579286521484375 0.6944447890625 0.581381734375 0.700812203125 0.594232591796875
3 0.501082978515625 0.56890110546875 0.504615888671875 0.57612715625 0.523381080078125 0.57632827734375 0.532988556640625 0.572137849609375 0.534422935546875 0.559695869140625 0.528467712890625 0.553907513671875 0.521446099609375 0.553539525390625 0.50576073828125 0.554282134765625 0.501082978515625 0.56890110546875