2 1 0.599686568359375 0.9959788203125 0.593602775390625 0.978996220703125 0.579422041015625 0.965409306640625 0.578175845703125 0.96463566015625 0.57828457421875 0.893230140625 0.59226460546875 0.869535640625 0.614528916015625 0.865872318359375 0.62214411328125 0.86971546484375 0.632648982421875 0.8683730859375 0.6399379921875 0.871551314453125 0.65132523828125 0.87094494921875 0.675078291015625 0.876189029296875 0.701164828125 0.882461845703125 0.712117158203125 0.919475625 0.71164877734375 0.925894802734375 0.706801982421875 0.934296189453125 0.70483231640625 0.966885544921875 0.706563603515625 0.978477705078125 0.71045692578125 1 0.7074321640625 1 0.599686568359375
2 0.201263599609375 0.687147376953125 0.20220452734375 0.710682970703125 0.195237537109375 0.76215349609375 0.1965297421875 0.776961517578125 0.202246369140625 0.78956987109375 0.216050740234375 0.792363359375 0.2195927890625 0.7894987734375 0.222616279296875 0.7717174375 0.2211066171875 0.755362123046875 0.273375876953125 0.751171869140625 0.27679665234375 0.75305789453125 0.27953996484375 0.761350552734375 0.28016725 0.77704094921875 0.283466751953125 0.783677583984375 0.287104984375 0.78711090234375 0.296388748046875 0.785806154296875 0.296932392578125 0.789674390625 0.300244439453125 0.790786767578125 0.29736730859375 0.7927689765625 0.298128412109375 0.798184505859375 0.302105375 0.7984145078125 0.30047444140625 0.7868098046875 0.2978273125 0.78481505078125 0.30198826953125 0.752673154296875 0.298860216796875 0.71918887890625 0.300976244140625 0.711791140625 0.296698181640625 0.698191681640625 0.284357462890625 0.68335857421875 0.28084050390625 0.67517464453125 0.274555142578125 0.669746572265625 0.26803978125 0.668295462890625 0.23101345703125 0.6742881015625 0.210463720703125 0.674020466796875 0.2073691328125 0.6744553828125 0.203053439453125 0.677428697265625 0.201263599609375 0.687147376953125
5 0.265656078125 0.550291302734375 0.267625744140625 0.558692689453125 0.27775425 0.574625630859375 0.278477720703125 0.59661393359375 0.28339561328125 0.620379529296875 0.28867732421875 0.629893294921875 0.292181740234375 0.64360148046875 0.294828869140625 0.645596234375 0.3046688203125 0.64263546484375 0.301829322265625 0.62804490234375 0.303280431640625 0.6215295390625 0.32043448046875 0.6088626328125 0.320785755859375 0.600135060546875 0.317377525390625 0.59272477734375 0.319711009765625 0.58687433203125 0.316219138671875 0.567641888671875 0.31723533203125 0.558031939453125 0.32821275 0.540710607421875 0.321927388671875 0.53528253515625 0.30348113671875 0.533141419921875 0.293666271484375 0.52505367578125 0.288250744140625 0.52581477734375 0.270757962890625 0.541685 0.265656078125 0.550291302734375
5 0.602108849609375 0.49117203125 0.604730890625 0.50421530078125 0.611233708984375 0.511190666015625 0.6011512109375 0.523652658203125 0.59740008203125 0.56993765625 0.600009578125 0.58850518359375 0.6062949375 0.593933255859375 0.610175716796875 0.587865353515625 0.615699974609375 0.5878778984375 0.62461991796875 0.60082498046875 0.640649044921875 0.59699437890625 0.643091259765625 0.59191758203125 0.651166458984375 0.587626974609375 0.649631708984375 0.58232017578125 0.6516390078125 0.5741487890625 0.645934923828125 0.5560161796875 0.641259578125 0.522749361328125 0.62639300390625 0.501170888671875 0.625874447265625 0.486254138671875 0.617933064453125 0.480269876953125 0.6109702421875 0.4812484375 0.605215982421875 0.485212857421875 0.602108849609375 0.49117203125
0 0.526973123046875 0.590880509765625 0.5247483671875 0.5975046015625 0.52054140234375 0.6012515625 0.51557333203125 0.59958299609375 0.516890625 0.603342501953125 0.51090636328125 0.611283884765625 0.501948787109375 0.61490957421875 0.50127132421875 0.62131620703125 0.52832387890625 0.62855920703125 0.575516341796875 0.62192673828125 0.58027949609375 0.61652375390625 0.58483773828125 0.60404921875 0.58277188671875 0.589349927734375 0.57438304296875 0.5857953359375 0.557145353515625 0.586640080078125 0.549747615234375 0.584524052734375 0.5482003203125 0.584741509765625 0.53559196875 0.590458138671875 0.526973123046875 0.590880509765625
0 0.35306146875 0.5940211484375 0.356494787109375 0.590382916015625 0.391200169921875 0.58471646484375 0.39608459765625 0.574562869140625 0.3959884140625 0.56826496484375 0.393123828125 0.56472291796875 0.385665453125 0.5649821953125 0.380636748046875 0.56568893359375 0.358610814453125 0.582985177734375 0.35306146875 0.5940211484375
4 0.413075576171875 0.633711310546875 0.42025585546875 0.634280044921875 0.42611884375 0.631089271484375 0.42391917578125 0.62666484765625 0.41972475390625 0.624887552734375 0.417403814453125 0.62521373828125 0.41098463671875 0.63006053515625 0.413075576171875 0.633711310546875
3 0.514210033203125 0.567428556640625 0.519830474609375 0.57373900390625 0.538289271484375 0.570355861328125 0.546147013671875 0.5645179609375 0.545180998046875 0.552030880859375 0.540660388671875 0.54793264453125 0.523531427734375 0.54955103515625 0.519663193359375 0.5500946796875 0.5154562265625 0.553841642578125 0.514210033203125 0.567428556640625
3 0.707283033203125 0.543449626953125 0.714220767578125 0.553519580078125 0.7230570703125 0.554644501953125 0.73444431640625 0.5514662734375 0.733791943359375 0.546824392578125 0.727180396484375 0.53907537890625 0.71690552734375 0.5389415625 0.712263646484375 0.539593935546875 0.707730494140625 0.54101995703125 0.707283033203125 0.543449626953125
1 0.652228662109375 0.606411958984375 0.682400890625 0.602171529296875 0.688372609375 0.59975440234375 0.6902586328125 0.59633362890625 0.682425978515625 0.591123013671875 0.675136970703125 0.5897806328125 0.6498533515625 0.591756158203125 0.6455209296875 0.592365041015625 0.6440698203125 0.598880404296875 0.652228662109375 0.606411958984375
4 0.61002935546875 0.603664478515625 0.613328857421875 0.610301115234375 0.61984421875 0.61175222265625 0.62042549609375 0.599047685546875 0.61647362109375 0.58776916796875 0.611058091796875 0.588530271484375 0.609063337890625 0.5911773984375 0.61002935546875 0.603664478515625