2 0.9403814140625 0.66546204296875 0.92543534375 0.66702571875 0.870781904296875 0.664943775390625 0.8547285546875 0.672707998046875 0.837567927734375 0.68667276953125 0.835809765625 0.72022048046875 0.831298875 0.74658302734375 0.830893318359375 0.769249115234375 0.83496108203125 0.78119712890625 0.869782939453125 0.7884983203125 0.88411237890625 0.7837730390625 0.918893349609375 0.79185441015625 0.921070337890625 0.7950977890625 0.92874946875 0.797847203125 0.95215484765625 0.799073826171875 0.959462673828125 0.79398055859375 0.970426072265625 0.7937728046875 0.977161474609375 0.799602046875 0.98492237890625 0.800791099609375 0.988397814453125 0.734475857421875 0.984002951171875 0.72876927734375 0.9835907578125 0.721706775390625 0.969006041015625 0.68652025 0.95582144921875 0.669400509765625 0.942721951171875 0.665584705078125 0.9403814140625 0.66546204296875
2 0.180238109375 0.615454431640625 0.1794579296875 0.615413544921875 0.1754752578125 0.616769466796875 0.17104282421875 0.626707359375 0.16829673046875 0.64925078515625 0.16127843359375 0.663747091796875 0.150897412109375 0.697625220703125 0.148601078125 0.711586673828125 0.152423517578125 0.728215763671875 0.1670016015625 0.733673701171875 0.175825580078125 0.71457809375 0.179065642578125 0.697536810546875 0.193027095703125 0.69983314453125 0.195984263671875 0.70311741015625 0.203210314453125 0.699584501953125 0.229572861328125 0.704095392578125 0.23302399609375 0.712881802734375 0.232083583984375 0.730825927734375 0.234795427734375 0.73879126953125 0.2455135 0.743264591796875 0.247994513671875 0.74672240234375 0.247976701171875 0.74104671484375 0.260572279296875 0.694767494140625 0.261798904296875 0.67136211328125 0.2609336328125 0.658017291015625 0.258303564453125 0.648491587890625 0.253210296875 0.64118376171875 0.25074377734375 0.62853734375 0.243269083984375 0.621887033203125 0.23476888671875 0.6198769140625 0.20035922265625 0.61963822265625 0.180238109375 0.615454431640625
5 0.25482920703125 0.5356551171875 0.239719587890625 0.540339509765625 0.23397212109375 0.545514552734375 0.225352578125 0.560709263671875 0.245514578125 0.564112876953125 0.2469522734375 0.566535189453125 0.244570849609375 0.56719270703125 0.247732453125 0.566576076171875 0.249047486328125 0.571338927734375 0.258164314453125 0.576510654296875 0.24909169140625 0.58542304296875 0.24835571875 0.599466271484375 0.270817369140625 0.603772724609375 0.271880443359375 0.5834880625 0.269703455078125 0.580244681640625 0.258985380859375 0.575771361328125 0.26485551171875 0.56825578125 0.27746104296875 0.56656944140625 0.281770814453125 0.5589720859375 0.270885873046875 0.5427551875 0.274783453125 0.528095330078125 0.26804805078125 0.522266087890625 0.26648769140625 0.5221843125 0.2583996875 0.527236693359375 0.25482920703125 0.5356551171875
5 0.520832787109375 0.565242216796875 0.520628349609375 0.56914311328125 0.525844279296875 0.574110400390625 0.524777888671875 0.57953076953125 0.526954876953125 0.5827741484375 0.5244507890625 0.585772203125 0.529584943359375 0.592299849609375 0.527162630859375 0.593737546875 0.558247142578125 0.59771358203125 0.564284138671875 0.601941580078125 0.56518698046875 0.5996419296875 0.550605580078125 0.579319697265625 0.554418068359375 0.55135590234375 0.546244970703125 0.54310434765625 0.54000353515625 0.542777248046875 0.526454275390625 0.547543416015625 0.520832787109375 0.565242216796875
5 0.46673410546875 0.65706800390625 0.44907951171875 0.665530630859375 0.4480540078125 0.6701708203125 0.4682160078125 0.673574431640625 0.48160171875 0.67192898046875 0.481107751953125 0.666426837890625 0.490054392578125 0.64499069140625 0.482661474609375 0.6367800234375 0.48155087890625 0.62811627734375 0.481469103515625 0.629676634765625 0.46792316015625 0.64930709765625 0.46673410546875 0.65706800390625
0 0.482368626953125 0.612512689453125 0.478140630859375 0.6185496875 0.505613775390625 0.631724326171875 0.546922392578125 0.634671541015625 0.551726130859375 0.632576328125 0.563384615234375 0.6191055234375 0.56490076953125 0.60510318359375 0.55356606640625 0.5974682578125 0.540303017578125 0.596773171875 0.53504619921875 0.5925860625 0.528804765625 0.592258962890625 0.49419398046875 0.61078546484375 0.482368626953125 0.612512689453125
0 0.35818418359375 0.548894943359375 0.34701634765625 0.55300359375 0.33543963671875 0.5649140390625 0.3399571640625 0.568280080078125 0.34418516015625 0.562243083984375 0.376993578125 0.563180177734375 0.385490458984375 0.55032600390625 0.384257201171875 0.544002794921875 0.3765780703125 0.541253380859375 0.37423753125 0.54113071875 0.363931650390625 0.5437198984375 0.35818418359375 0.548894943359375
3 0.503461087890625 0.55337929296875 0.500302798828125 0.56886021875 0.503876595703125 0.57530608984375 0.525023212890625 0.574849693359375 0.5207918984375 0.56602239453125 0.52374575 0.5544423671875 0.517667865234375 0.55099455078125 0.514547146484375 0.550831001953125 0.505144107421875 0.55112053125 0.503461087890625 0.55337929296875
3 0.700072912109375 0.5934115234375 0.70775204296875 0.5961609375 0.720275798828125 0.59603495703125 0.72056201171875 0.590573701171875 0.715550517578125 0.581705517578125 0.705099873046875 0.579593177734375 0.70002870703125 0.579327408203125 0.69522496875 0.581422623046875 0.700072912109375 0.5934115234375
1 0.62255558203125 0.624553509765625 0.628388140625 0.63268240234375 0.668957466796875 0.63480855078125 0.66916190234375 0.630907654296875 0.662467388671875 0.624298232421875 0.6325046328125 0.61881633984375 0.628343935546875 0.618598287109375 0.622760017578125 0.62065261328125 0.62255558203125 0.624553509765625
4 0.58444945703125 0.620209486328125 0.586381119140625 0.62813394140625 0.59237723046875 0.6331421171875 0.595000662109375 0.61293923046875 0.589784732421875 0.60797194140625 0.589004552734375 0.6079310546875 0.585021880859375 0.609286974609375 0.58444945703125 0.620209486328125
4 0.38915930078125 0.6146686953125 0.402422349609375 0.615363783203125 0.4025858984375 0.612243064453125 0.3981501484375 0.6073166640625 0.395029431640625 0.607153115234375 0.38780337890625 0.6106860234375 0.38915930078125 0.6146686953125