2 1 0.6232118828125 0.992409994140625 0.610855166015625 0.980144142578125 0.598789953125 0.971884462890625 0.594944759765625 0.956522125 0.595773853515625 0.95160157421875 0.5962910234375 0.88977060546875 0.60593193359375 0.877378740234375 0.615089904296875 0.863309267578125 0.630708626953125 0.861386671875 0.63483846484375 0.864573869140625 0.650214544921875 0.86571245703125 0.6909436484375 0.868857650390625 0.71339412109375 0.873190474609375 0.7247220234375 0.908030466796875 0.727344619140625 0.925329142578125 0.72002758203125 0.9577565625 0.722118197265625 0.97783412109375 0.72629238671875 0.99406883203125 0.72380049609375 1 0.718646060546875 1 0.6232118828125
2 0.1959781953125 0.671782474609375 0.19466455078125 0.70412823046875 0.18901808203125 0.7251460859375 0.186355828125 0.752134712890625 0.1870487890625 0.76620183984375 0.192403572265625 0.779778990234375 0.203689470703125 0.7825205625 0.209046599609375 0.781171951171875 0.213384115234375 0.762648333984375 0.21191418359375 0.748662869140625 0.213918443359375 0.74531 0.23056146875 0.7467029609375 0.2365322421875 0.74371874609375 0.259227705078125 0.74290446484375 0.26732405859375 0.745195716796875 0.27463875 0.77742015234375 0.2772146484375 0.77950607421875 0.2849026875 0.777912474609375 0.287723576171875 0.78232930859375 0.293372390625 0.746385693359375 0.292233802734375 0.70565658984375 0.289373255859375 0.693388392578125 0.274942166015625 0.66819634765625 0.270485673828125 0.663165869140625 0.262307658203125 0.660097646484375 0.2212098984375 0.665202748046875 0.20456687109375 0.663809787109375 0.201458990234375 0.664136439453125 0.19773746484375 0.666098693359375 0.1959781953125 0.671782474609375
5 0.276804212890625 0.5289576953125 0.2783978125 0.536645734375 0.282772640625 0.5408992421875 0.265350298828125 0.554513705078125 0.2559823046875 0.577493814453125 0.253567384765625 0.591887591796875 0.254384013671875 0.599657294921875 0.261213419921875 0.597368388671875 0.266530890625 0.588168412109375 0.269965423828125 0.590949642578125 0.27106669921875 0.60890162109375 0.27650314453125 0.623255740234375 0.27899503515625 0.639490453125 0.2976423203125 0.637530544921875 0.295806078125 0.612585833984375 0.3115508125 0.605432123046875 0.3182588984375 0.594514880859375 0.319691517578125 0.58572321875 0.3163013359375 0.560941833984375 0.309474275390625 0.54830498046875 0.294508857421875 0.54045126953125 0.29316024609375 0.535094140625 0.29655512109375 0.530024005859375 0.29606514453125 0.52536218359375 0.294879859375 0.52155899609375 0.28980972265625 0.51816412109375 0.2828169921875 0.518899087890625 0.27917712890625 0.5216383125 0.276804212890625 0.5289576953125
5 0.51802191015625 0.57430449609375 0.516220634765625 0.587062669921875 0.520471796875 0.5976136015625 0.52521528125 0.597900595703125 0.536379857421875 0.592013830078125 0.562715181640625 0.58846032421875 0.56271752734375 0.5735345625 0.5484077578125 0.556970853515625 0.54350094921875 0.555129919921875 0.540393068359375 0.555456572265625 0.532173046875 0.559462744140625 0.51802191015625 0.57430449609375
3 0.510907857421875 0.566411125 0.515609337890625 0.573772513671875 0.532254708984375 0.56023971484375 0.5428873046875 0.5567655234375 0.538104162109375 0.548627166015625 0.51867990625 0.550668736328125 0.5147950546875 0.55107705078125 0.512545806640625 0.552099009765625 0.510907857421875 0.566411125
3 0.7066623515625 0.552906478515625 0.71385806640625 0.561576818359375 0.73103307421875 0.56055720703125 0.731933712890625 0.554178119140625 0.727313896484375 0.547593701171875 0.71619132421875 0.5464060703125 0.711529501953125 0.546896046875 0.706254037109375 0.54902162890625 0.7066623515625 0.552906478515625
1 0.640122865234375 0.59996328125 0.6405311796875 0.6038481328125 0.6475635703125 0.61096453125 0.6887429921875 0.606636400390625 0.687557708984375 0.602833212890625 0.679911673828125 0.597352416015625 0.653781677734375 0.59538546875 0.650673796875 0.59571212109375 0.642208787109375 0.5973873828125 0.640122865234375 0.59996328125
4 0.6081014140625 0.616683279296875 0.611986265625 0.61627496484375 0.612602255859375 0.5997136015625 0.60875941015625 0.59304751953125 0.6025436484375 0.593700822265625 0.6046668828125 0.613902048828125 0.6081014140625 0.616683279296875
4 0.4076034375 0.629900931640625 0.417090404296875 0.63047491796875 0.42150723828125 0.627654029296875 0.4186046875 0.6224602265625 0.413779541015625 0.621396263671875 0.413084232421875 0.622254896484375 0.406499814453125 0.626874712890625 0.4076034375 0.629900931640625
0 0.35179228515625 0.584705953125 0.38830988671875 0.580867798828125 0.394854646484375 0.568396615234375 0.392565740234375 0.561567208984375 0.3838557421875 0.560911560546875 0.379193919921875 0.561401537109375 0.35719141796875 0.576282947265625 0.35179228515625 0.584705953125
0 0.542637623046875 0.5842861328125 0.543822908203125 0.588089322265625 0.529468787109375 0.593525767578125 0.510042185546875 0.61049309765625 0.49863262109375 0.614048951171875 0.49703667578125 0.621286671875 0.524596943359375 0.62938771875 0.571215158203125 0.624487947265625 0.58193176171875 0.606864966796875 0.581075474609375 0.5912438984375 0.561079578125 0.5878466796875 0.551755935546875 0.5888266328125 0.54963035546875 0.58355116796875 0.5464408125 0.58310084765625 0.549222041015625 0.57966631640625 0.545337189453125 0.580074630859375 0.545663841796875 0.58318251171875 0.542637623046875 0.5842861328125