2 1 0.588978095703125 0.995626966796875 0.582862029296875 0.980309373046875 0.571050306640625 0.966702779296875 0.57004142578125 0.965931146484375 0.570163640625 0.950093529296875 0.5750450390625 0.89774480078125 0.584127251953125 0.888324662109375 0.5895741953125 0.871478162109375 0.6080621875 0.8679483046875 0.615740158203125 0.8742579296875 0.645589357421875 0.87496005078125 0.66999879296875 0.87964254296875 0.694568787109375 0.886105548828125 0.70540997265625 0.9170546796875 0.70604503125 0.939470337890625 0.69774880859375 0.97041946875 0.6983838671875 0.97411706640625 0.701753166015625 0.979762916015625 0.702440927734375 1 0.699235689453125 1 0.588978095703125
2 0.20538524609375 0.68745832421875 0.206286271484375 0.7031353828125 0.204460234375 0.706588552734375 0.206576224609375 0.71495428515625 0.199614734375 0.76588914453125 0.20165403515625 0.783758884765625 0.207467623046875 0.795493916015625 0.21798769140625 0.796991654296875 0.224038529296875 0.79524230859375 0.22780563671875 0.774079958984375 0.227149041015625 0.759946162109375 0.24384216015625 0.760466185546875 0.259679779296875 0.7555847890625 0.27868779296875 0.75573816796875 0.28413473828125 0.7651583046875 0.285929609375 0.78148478125 0.290360494140625 0.78948387109375 0.304249861328125 0.78728401171875 0.306550396484375 0.756862083984375 0.303526201171875 0.717791650390625 0.299783078125 0.7041467109375 0.2839311015625 0.67897282421875 0.27588648828125 0.6731280703125 0.26857516015625 0.671913107421875 0.240269224609375 0.677978302734375 0.21354489453125 0.679047068359375 0.210458369140625 0.67953592578125 0.20619522265625 0.682584107421875 0.20538524609375 0.68745832421875
4 0.414528552734375 0.6345585703125 0.423260927734375 0.634757474609375 0.42752407421875 0.63170929296875 0.42345983203125 0.62602509765625 0.419601673828125 0.626636169921875 0.41391748046875 0.630700412109375 0.414528552734375 0.6345585703125
4 0.611500673828125 0.609689158203125 0.61816258203125 0.61179796875 0.61705547265625 0.589825642578125 0.612708458984375 0.5873501875 0.607307037109375 0.588205689453125 0.607596990234375 0.600024591796875 0.611500673828125 0.609689158203125
1 0.645773578125 0.596350978515625 0.652397142578125 0.60321179296875 0.692521982421875 0.596856642578125 0.691017064453125 0.592349068359375 0.684760142578125 0.5878031484375 0.6719251796875 0.586672052734375 0.651740546875 0.58907799609375 0.647882388671875 0.589689068359375 0.645162505859375 0.5924928203125 0.645773578125 0.596350978515625
0 0.523688060546875 0.604613587890625 0.512846873046875 0.61107659375 0.511631908203125 0.618387919921875 0.50919480078125 0.617982931640625 0.508583728515625 0.614124775390625 0.505497201171875 0.6146136328125 0.503266177734375 0.62050391015625 0.530563232421875 0.628045306640625 0.575440076171875 0.621728501953125 0.582300890625 0.6151049375 0.587290142578125 0.60165890234375 0.5858619140625 0.587647322265625 0.57753452734375 0.58501130859375 0.565715625 0.58530126171875 0.564943994140625 0.5854234765625 0.53314654296875 0.594414638671875 0.523688060546875 0.604613587890625
0 0.37222066015625 0.577189421875 0.360730056640625 0.5845462734375 0.357077982421875 0.59145261328125 0.392695248046875 0.586602380859375 0.397317857421875 0.570841451171875 0.39426967578125 0.566578306640625 0.3870805625 0.56613497265625 0.386308931640625 0.5662571875 0.37599494921875 0.57105471484375 0.37222066015625 0.577189421875
5 0.52711251171875 0.546329056640625 0.528662953125 0.56111226953125 0.523750390625 0.565054296875 0.518876173828125 0.5642443203125 0.522290998046875 0.570822361328125 0.514826291015625 0.58861541015625 0.51820276953125 0.599945453125 0.528883396484375 0.5974628203125 0.534445376953125 0.592626947265625 0.57318751171875 0.582535853515625 0.574440822265625 0.5704725234375 0.572447044921875 0.562878423828125 0.566839541015625 0.557438658203125 0.558512154296875 0.55480264453125 0.550582576171875 0.53470187890625 0.54266017578125 0.5296287578125 0.53880201953125 0.530239830078125 0.531941205078125 0.53686339453125 0.52711251171875 0.546329056640625
5 0.238881787109375 0.57932450390625 0.242258267578125 0.590654548828125 0.233166427734375 0.603168390625 0.22659556640625 0.621610857421875 0.233013048828125 0.622176404296875 0.23418966796875 0.61961708203125 0.261074556640625 0.6145679453125 0.26659819140625 0.614484076171875 0.269768587890625 0.619518853515625 0.275536650390625 0.62097824609375 0.287882755859375 0.61902281640625 0.28837161328125 0.622109341796875 0.28268741796875 0.626173583984375 0.28387121875 0.63864190234375 0.29467405859375 0.636930900390625 0.298371658203125 0.640300201171875 0.299349373046875 0.646473251953125 0.304628578125 0.644846119140625 0.306859603515625 0.638955841796875 0.302062076171875 0.628641857421875 0.3042931015625 0.622751580078125 0.3018488125 0.60731894921875 0.29737958203125 0.60407186328125 0.286698955078125 0.606554498046875 0.272924623046875 0.594498345703125 0.259845232421875 0.59182398828125 0.258699779296875 0.574603666015625 0.24858469921875 0.570668818359375 0.243183279296875 0.5715243203125 0.239691763671875 0.574450287109375 0.238881787109375 0.57932450390625
3 0.515384658203125 0.567170287109375 0.52022053125 0.572732267578125 0.530206216796875 0.56086783984375 0.525935890625 0.54888837890625 0.520290041015625 0.5482006171875 0.51951841015625 0.54832283203125 0.5144836328125 0.551493228515625 0.515384658203125 0.567170287109375
3 0.715122185546875 0.54977276171875 0.73465740234375 0.5482606640625 0.734573533203125 0.542737029296875 0.72782775390625 0.53510458203125 0.7214102734375 0.53453903515625 0.71446558984375 0.53563896484375 0.707887548828125 0.5390537890625 0.715122185546875 0.54977276171875