2 0.102390578125 0.819588564453125 0.135067453125 0.810066529296875 0.14969160546875 0.813780728515625 0.1854701875 0.8038778515625 0.188599380859375 0.79089976171875 0.17637121484375 0.710541017578125 0.158183046875 0.697031904296875 0.144048689453125 0.69089621484375 0.081633712890625 0.695411341796875 0.077756580078125 0.695887392578125 0.061567830078125 0.69866223828125 0.054384826171875 0.70426690234375 0.044467212890625 0.719652740234375 0.032957517578125 0.754124869140625 0.033324615234375 0.76352519921875 0.029148107421875 0.767973595703125 0.037240994140625 0.83388486328125 0.044124623046875 0.83225254296875 0.05121241796875 0.825872451171875 0.060517537109375 0.824729927734375 0.072135193359375 0.82960039453125 0.085317447265625 0.82798181640625 0.102390578125 0.819588564453125
2 0.781406205078125 0.721260705078125 0.783950392578125 0.709928677734375 0.78099887109375 0.685890451171875 0.79525592578125 0.6802043203125 0.81715829296875 0.67908928125 0.834707474609375 0.674573162109375 0.837101478515625 0.687660205078125 0.846555791015625 0.706964404296875 0.84984791796875 0.708134416015625 0.862649330078125 0.7034141328125 0.865098306640625 0.6913066796875 0.863670150390625 0.679675279296875 0.85269247265625 0.64796425390625 0.84342858203125 0.63021090625 0.8411297890625 0.617899291015625 0.837361609375 0.61285214453125 0.839211837890625 0.608689380859375 0.83100900390625 0.593167103515625 0.82713187109375 0.59364315625 0.81113354296875 0.597968853515625 0.7676144375 0.6025252109375 0.759071 0.609871150390625 0.75545201171875 0.62527073046875 0.750200703125 0.6337866796875 0.74871757421875 0.647349775390625 0.75361453515625 0.6680006640625 0.75127451171875 0.674584919921875 0.76803353125 0.721328427734375 0.781406205078125 0.721260705078125
5 0.74606741015625 0.5296076171875 0.741251916015625 0.516030779296875 0.73487182421875 0.508942984375 0.7305323828125 0.499243279296875 0.7245331328125 0.49525719140625 0.719105146484375 0.495923666015625 0.714248421875 0.50124269921875 0.711309650390625 0.515771640625 0.703623107421875 0.530096419921875 0.701759134765625 0.54055780859375 0.70620753125 0.54473431640625 0.72772905859375 0.5405175703125 0.731320560546875 0.53771523828125 0.726382369140625 0.535960220703125 0.728327806640625 0.5325728828125 0.74606741015625 0.5296076171875
5 0.693338396484375 0.53608192578125 0.691325234375 0.52609658984375 0.68426492578125 0.51987943359375 0.678836939453125 0.52054590625 0.672619783203125 0.527606212890625 0.675585048828125 0.54534581640625 0.66898705078125 0.549304416015625 0.651491849609375 0.573491833984375 0.653994806640625 0.581055681640625 0.668714169921875 0.585545306640625 0.6809580625 0.569873837890625 0.71730790625 0.564623521484375 0.71510432421875 0.55308733203125 0.693338396484375 0.53608192578125
4 0.6196443828125 0.60258995703125 0.612189490234375 0.59956971875 0.609087783203125 0.599950560546875 0.605006486328125 0.6051743828125 0.60616275390625 0.60818087890625 0.618569580078125 0.60665751171875 0.6196443828125 0.60258995703125
0 0.619482439453125 0.5435760625 0.627699015625 0.552799716796875 0.65890650390625 0.55054215234375 0.662498005859375 0.5477398203125 0.636269939453125 0.532856529296875 0.63065153125 0.5319721484375 0.62367269140625 0.53282904296875 0.61930576171875 0.5357265859375 0.619482439453125 0.5435760625
0 0.512608013671875 0.628326244140625 0.519695806640625 0.62194615234375 0.530170939453125 0.6175115 0.52959967578125 0.612858939453125 0.52195436328125 0.60828784765625 0.51809097265625 0.602465275390625 0.51696219140625 0.58686153125 0.51308505859375 0.587337583984375 0.4895228828125 0.594166240234375 0.47372871875 0.59374416796875 0.467321140625 0.599253623046875 0.448806111328125 0.602314099609375 0.4426841640625 0.610149833984375 0.44498295703125 0.62246144921875 0.453389955078125 0.63323595703125 0.46258612109375 0.63761662890625 0.492052333984375 0.6339986328125 0.512608013671875 0.628326244140625
4 0.410211455078125 0.61492409765625 0.410279177734375 0.628296771484375 0.41461862109375 0.6379964765625 0.419080759765625 0.635874361328125 0.417190294921875 0.614067205078125 0.410211455078125 0.61492409765625
1 0.37810927734375 0.627524037109375 0.36473316796875 0.629166416015625 0.34659898046875 0.635328599609375 0.34193267578125 0.642198486328125 0.3487073515625 0.64608936328125 0.3789489921875 0.64237615625 0.38195548828125 0.641219888671875 0.3856559453125 0.632894359375 0.3859553203125 0.628922015625 0.382567982421875 0.626976576171875 0.37810927734375 0.627524037109375
3 0.286864630859375 0.6103912578125 0.306250298828125 0.60801099609375 0.311705771484375 0.594747275390625 0.306767580078125 0.5929922578125 0.302890447265625 0.593468310546875 0.2913542578125 0.595671892578125 0.286293369140625 0.605738697265625 0.286864630859375 0.6103912578125
3 0.472123884765625 0.574263291015625 0.482000267578125 0.577773326171875 0.500705716796875 0.576263703125 0.50372595703125 0.568808810546875 0.498039826171875 0.554551755859375 0.48234087109375 0.554905111328125 0.47536203125 0.55576200390625 0.46982508984375 0.561951673828125 0.472123884765625 0.574263291015625