2 0.11208244921875 0.837495048828125 0.113908486328125 0.83404187890625 0.1476541875 0.822369177734375 0.162399056640625 0.82557073828125 0.196266974609375 0.814669669921875 0.199063546875 0.80236191015625 0.196290958984375 0.779862380859375 0.189049142578125 0.754115767578125 0.183793921875 0.72093561328125 0.1652675859375 0.7088411171875 0.14849059765625 0.702797458984375 0.094354177734375 0.7105808359375 0.07932653515625 0.710588015625 0.077011640625 0.71095466015625 0.06438276171875 0.716118830078125 0.0530598984375 0.734522953125 0.0422330703125 0.7710412421875 0.042561369140625 0.778108140625 0.03878708203125 0.78424284765625 0.049175306640625 0.849831525390625 0.056769408203125 0.84783775 0.062858591796875 0.841336400390625 0.073783646484375 0.840397029296875 0.08158383203125 0.84469851953125 0.10473277734375 0.841032087890625 0.11208244921875 0.837495048828125
2 0.78871223828125 0.709761720703125 0.79057662109375 0.701556546875 0.787765689453125 0.683809021484375 0.79027948828125 0.67471000390625 0.8160261015625 0.6674681875 0.823581857421875 0.6702264140625 0.826179525390625 0.66665103125 0.83982446484375 0.662907908203125 0.844828076171875 0.679517158203125 0.855599751953125 0.697585802734375 0.86952746484375 0.690633939453125 0.87159075 0.673696390625 0.86784762890625 0.660051451171875 0.85398224609375 0.6274440234375 0.84548712109375 0.613760740234375 0.840399638671875 0.59162785546875 0.834952693359375 0.58220771875 0.830850107421875 0.58127552734375 0.8300784765625 0.5813977421875 0.8105049140625 0.587661841796875 0.77630869921875 0.591496013671875 0.768065181640625 0.59438363671875 0.76132658203125 0.60177883203125 0.760195486328125 0.614613794921875 0.755893994140625 0.622413978515625 0.75427404296875 0.6321624140625 0.754808423828125 0.645524580078125 0.758474857421875 0.668673525390625 0.775838931640625 0.71338262890625 0.776414486328125 0.7190290859375 0.778520470703125 0.71533087890625 0.78871223828125 0.709761720703125
5 0.7606628046875 0.57261739453125 0.7584629453125 0.55872802734375 0.74850842578125 0.550812806640625 0.757034716796875 0.5447164453125 0.757844693359375 0.5398422265625 0.76105343359375 0.540125001953125 0.75861632421875 0.539720013671875 0.7597929453125 0.537160689453125 0.779488720703125 0.531668220703125 0.7693281171875 0.517457734375 0.7630711953125 0.512911814453125 0.7475546953125 0.509832466796875 0.743123810546875 0.50183337890625 0.734551994140625 0.4976541015625 0.733008732421875 0.49789853125 0.726919548828125 0.504399880859375 0.732328150390625 0.5185720234375 0.72319796484375 0.535837869140625 0.728278267578125 0.54294311328125 0.740991013671875 0.543302576171875 0.747614580078125 0.550163390625 0.737422810546875 0.55573255078125 0.7355967734375 0.55918571875 0.73877434765625 0.579248138671875 0.7606628046875 0.57261739453125
5 0.483671076171875 0.5816850859375 0.482043943359375 0.57640587890625 0.486712078125 0.57092058984375 0.486101005859375 0.567062431640625 0.47866028515625 0.550048193359375 0.464687048828125 0.54672441796875 0.45851399609375 0.5477021328125 0.451248193359375 0.556762806640625 0.457962806640625 0.5841748984375 0.445585537109375 0.605909974609375 0.4467238125 0.608102654296875 0.45228579296875 0.60326678125 0.48278441015625 0.596063310546875 0.4802250859375 0.59488669140625 0.484648791015625 0.58785813671875 0.4818450390625 0.58513825390625 0.483671076171875 0.5816850859375
5 0.53198428125 0.62702924609375 0.531739853515625 0.625485984375 0.53154094921875 0.634218359375 0.52504677734375 0.643156818359375 0.53618509765625 0.663540357421875 0.536268966796875 0.6690639921875 0.549753345703125 0.6693012421875 0.56944912109375 0.663808771484375 0.567944203125 0.659301197265625 0.549501736328125 0.6527303359375 0.5475079609375 0.645136236328125 0.53198428125 0.62702924609375
0 0.51735444921875 0.60957167578125 0.48099671875 0.5947644765625 0.474823666015625 0.59574219140625 0.470033318359375 0.600455849609375 0.45691558203125 0.60253349609375 0.4464410390625 0.61131139453125 0.449412529296875 0.625078548828125 0.46241523046875 0.6372569140625 0.4674116640625 0.638838521484375 0.508185919921875 0.631589525390625 0.5341314375 0.615615333984375 0.529295564453125 0.610053353515625 0.51735444921875 0.60957167578125
0 0.629372859375 0.527759642578125 0.62705796484375 0.528126287109375 0.61970829296875 0.531663326171875 0.61914274609375 0.538080806640625 0.628936705078125 0.5499763984375 0.661467443359375 0.5456150234375 0.66630331640625 0.55117700390625 0.670444248046875 0.54735719140625 0.6576859765625 0.536722087890625 0.64614984765625 0.53380330078125 0.639892927734375 0.529257380859375 0.629372859375 0.527759642578125
3 0.482075109375 0.556626234375 0.486223220703125 0.5678340625 0.4829377890625 0.577055296875 0.50401626953125 0.57529876953125 0.5068967109375 0.568514646484375 0.502137529296875 0.553448658203125 0.500227623046875 0.551378193359375 0.490845830078125 0.552073134765625 0.4877593046875 0.5525619921875 0.482075109375 0.556626234375
3 0.29011378125 0.613132537109375 0.29096928125 0.618533958984375 0.303437599609375 0.617350158203125 0.310787271484375 0.61381312109375 0.3143554765625 0.601383146484375 0.30935904296875 0.5998015390625 0.304343439453125 0.600595931640625 0.294170841796875 0.60378908984375 0.29011378125 0.613132537109375
1 0.345448359375 0.64787276171875 0.346059431640625 0.651730919921875 0.38618426953125 0.64537576953125 0.391135177734375 0.63668173828125 0.39052410546875 0.63282358203125 0.38475604296875 0.6313641875 0.380640931640625 0.63201595703125 0.351415328125 0.64059978125 0.345448359375 0.64787276171875
4 0.427485728515625 0.636461296875 0.428578478515625 0.628378337890625 0.4268674765625 0.61757549609375 0.422764890625 0.6166433046875 0.421993259765625 0.61676551953125 0.417325125 0.622250810546875 0.422045962890625 0.64206880078125 0.427485728515625 0.636461296875
4 0.6231518359375 0.59835193359375 0.615596080078125 0.59559370703125 0.6125095546875 0.596082564453125 0.60861305078125 0.601445638671875 0.609101908203125 0.604532166015625 0.62221964453125 0.60245451953125 0.6231518359375 0.59835193359375