2 0 0.775 0.00703125 0.77421875 0.01484375 0.76875 0.02421875 0.76875 0.03515625 0.775 0.0484375 0.775 0.06640625 0.76875 0.1 0.76328125 0.1140625 0.76875 0.15078125 0.76328125 0.15546875 0.75078125 0.153125 0.66953125 0.13671875 0.65390625 0.1234375 0.64609375 0.0609375 0.64296875 0.05703125 0.64296875 0.040625 0.64375 0.0328125 0.6484375 0.02109375 0.6625 0.00546875 0.6953125 0.0046875 0.7046875 0 0.70859375 0 0.775
2 0.73828125 0.65546875 0.73203125 0.66328125 0.72890625 0.6765625 0.73125 0.69765625 0.728125 0.70390625 0.7390625 0.75234375 0.75234375 0.75390625 0.75625 0.74296875 0.75625 0.71875 0.77109375 0.71484375 0.79296875 0.71640625 0.8109375 0.7140625 0.81171875 0.72734375 0.81875 0.74765625 0.821875 0.74921875 0.83515625 0.74609375 0.8390625 0.734375 0.8390625 0.72265625 0.83203125 0.68984375 0.825 0.67109375 0.82421875 0.65859375 0.82109375 0.653125 0.8234375 0.64921875 0.8171875 0.6328125 0.81328125 0.6328125 0.796875 0.63515625 0.753125 0.634375 0.74375 0.640625 0.73828125 0.65546875
5 0.6953125 0.56484375 0.69921875 0.56953125 0.72109375 0.56796875 0.725 0.565625 0.7203125 0.56328125 0.72265625 0.56015625 0.740625 0.559375 0.7375 0.5453125 0.73203125 0.5375 0.72890625 0.52734375 0.7234375 0.52265625 0.71796875 0.52265625 0.7125 0.52734375 0.7078125 0.54140625 0.6984375 0.5546875 0.6953125 0.56484375
5 0.64140625 0.59140625 0.64296875 0.59921875 0.65703125 0.60546875 0.67109375 0.59140625 0.7078125 0.590625 0.70703125 0.57890625 0.6875 0.559375 0.68671875 0.54921875 0.68046875 0.5421875 0.675 0.5421875 0.66796875 0.5484375 0.66875 0.56640625 0.66171875 0.56953125 0.64140625 0.59140625
4 0.60625 0.61640625 0.59921875 0.6125 0.59609375 0.6125 0.59140625 0.6171875 0.5921875 0.6203125 0.6046875 0.6203125 0.60625 0.61640625
0 0.6515625 0.56953125 0.65546875 0.5671875 0.63125 0.54921875 0.62578125 0.54765625 0.61875 0.54765625 0.6140625 0.55 0.61328125 0.5578125 0.6203125 0.56796875 0.6515625 0.56953125
0 0.43671875 0.5953125 0.4296875 0.60234375 0.43046875 0.61484375 0.4375 0.6265625 0.44609375 0.63203125 0.47578125 0.63203125 0.496875 0.62890625 0.5046875 0.6234375 0.515625 0.6203125 0.515625 0.615625 0.50859375 0.61015625 0.50546875 0.60390625 0.50625 0.58828125 0.50234375 0.58828125 0.478125 0.5921875 0.4625 0.58984375 0.45546875 0.59453125 0.43671875 0.5953125
4 0.40390625 0.603125 0.396875 0.603125 0.3953125 0.61640625 0.3984375 0.6265625 0.403125 0.625 0.40390625 0.603125
1 0.33203125 0.6265625 0.3625 0.6265625 0.365625 0.62578125 0.3703125 0.61796875 0.37109375 0.6140625 0.36796875 0.61171875 0.3634765625 0.61171875 0.35 0.61171875 0.33125 0.615625 0.32578125 0.621875 0.33203125 0.6265625
3 0.29453125 0.58359375 0.3015625 0.57109375 0.296875 0.56875 0.29296875 0.56875 0.28125 0.56953125 0.275 0.57890625 0.275 0.58359375 0.29453125 0.58359375
3 0.49140625 0.57578125 0.4953125 0.56875 0.49140625 0.55390625 0.47578125 0.55234375 0.46875 0.55234375 0.4625 0.5578125 0.46328125 0.5703125 0.47265625 0.575 0.49140625 0.57578125