2 0.934099091796875 0.66591512109375 0.9301981953125 0.665710685546875 0.868400478515625 0.66560129296875 0.847420728515625 0.677801265625 0.83670597265625 0.688192240234375 0.835809765625 0.72022048046875 0.833019466796875 0.7286797890625 0.830481125 0.76218661328125 0.832085689453125 0.77635250390625 0.83496108203125 0.78119712890625 0.8721234765625 0.788620982421875 0.88411237890625 0.7837730390625 0.919673529296875 0.791895296875 0.92874946875 0.797847203125 0.948213064453125 0.799649568359375 0.961844099609375 0.793323041015625 0.970426072265625 0.7937728046875 0.97872183203125 0.7996838203125 0.984963267578125 0.800010919921875 0.9883160390625 0.736036216796875 0.984619580078125 0.7319308828125 0.98433005078125 0.72252784375 0.96974533203125 0.68734131640625 0.9587786171875 0.672684775390625 0.95044196875 0.6675539375 0.934099091796875 0.66591512109375
2 0.1794579296875 0.615413544921875 0.17465419140625 0.6175087578125 0.171083712890625 0.6259271796875 0.165669978515625 0.65458937890625 0.15077475 0.6999657578125 0.149299484375 0.713187919921875 0.15246440625 0.727435583984375 0.163962658203125 0.73194979296875 0.169546576171875 0.72989546875 0.176769310546875 0.711498263671875 0.179065642578125 0.697536810546875 0.195285859375 0.7015161640625 0.201649955078125 0.6995027265625 0.21491300390625 0.700197814453125 0.21713087890625 0.702661013671875 0.228053390625 0.703233439453125 0.231831625 0.7057784140625 0.233763287109375 0.713702869140625 0.23142606640625 0.728444501953125 0.2340970234375 0.7371900234375 0.236233123046875 0.741213583984375 0.245595275390625 0.741704232421875 0.2476496015625 0.747288150390625 0.247976701171875 0.74104671484375 0.259546775390625 0.699407681640625 0.263400150390625 0.670663708984375 0.259124630859375 0.647752296875 0.2526345546875 0.637241978515625 0.25144218359375 0.63013858984375 0.24630802734375 0.623610943359375 0.23632924609375 0.6199586875 0.196458326171875 0.61943378515625 0.182578646484375 0.61557709375 0.1794579296875 0.615413544921875
5 0.30196706640625 0.5318669296875 0.304559564453125 0.55703710546875 0.297129076171875 0.564470912109375 0.288342666015625 0.567922044921875 0.284935736328125 0.573219751953125 0.269785228515625 0.57868432421875 0.277879869140625 0.603360533203125 0.32062618359375 0.608730060546875 0.33622976953125 0.609547810546875 0.3394731484375 0.607370822265625 0.335034080078125 0.587580126953125 0.336509345703125 0.57435796484375 0.331205005859375 0.541222447265625 0.3331333515625 0.534282607421875 0.32660238671875 0.52455246875 0.32040183984375 0.523445189453125 0.315720763671875 0.523199865234375 0.30537399609375 0.526569224609375 0.30196706640625 0.5318669296875
5 0.464074181640625 0.513763650390625 0.45434404296875 0.520294615234375 0.4469577578125 0.541812537109375 0.44630355859375 0.55429540625 0.45279363671875 0.564805724609375 0.4580128828125 0.584637306640625 0.46097005078125 0.58792157421875 0.45765153125 0.621387509765625 0.4604451484375 0.627792494140625 0.479333001953125 0.625653076171875 0.483595251953125 0.589107310546875 0.482276900390625 0.5694801640625 0.488722771484375 0.5659063671875 0.49237502734375 0.5559275859375 0.492371708984375 0.541063291015625 0.487070685546875 0.522792068359375 0.47733723046875 0.51445873828125 0.479510900390625 0.502837822265625 0.47289816015625 0.49466804296875 0.469777443359375 0.4945044921875 0.46407086328125 0.49889935546875 0.464074181640625 0.513763650390625
4 0.388420009765625 0.61384762890625 0.3953189609375 0.616556154296875 0.40090287890625 0.614501828125 0.401805720703125 0.612202177734375 0.3981501484375 0.6073166640625 0.395029431640625 0.607153115234375 0.38780337890625 0.6106860234375 0.388420009765625 0.61384762890625
4 0.58781881640625 0.63055625390625 0.5924181171875 0.6323619375 0.59569906640625 0.6145404765625 0.5928645625 0.608915669921875 0.586623126953125 0.6085885703125 0.584326794921875 0.6225500234375 0.58781881640625 0.63055625390625
0 0.50400589453125 0.602694140625 0.4968616171875 0.60466669140625 0.487049703125 0.612758015625 0.486722603515625 0.61899944921875 0.482205078125 0.615633408203125 0.481138685546875 0.621053775390625 0.4896388828125 0.623063896484375 0.49333534375 0.62716923046875 0.504053416015625 0.63164255078125 0.55164435546875 0.634136685546875 0.557391822265625 0.628961642578125 0.56428745703125 0.616805873046875 0.563463072265625 0.60268087109375 0.55742607421875 0.598452875 0.5326647734375 0.593243580078125 0.529544056640625 0.593080029296875 0.512175673828125 0.59608140234375 0.50400589453125 0.602694140625
0 0.358964361328125 0.548935830078125 0.3469754609375 0.5537837734375 0.3404478125 0.558917927734375 0.342665689453125 0.56138112890625 0.338683017578125 0.56273705078125 0.377814646484375 0.562440884765625 0.38483294140625 0.547944578125 0.383517908203125 0.5431817265625 0.377358248046875 0.54129426953125 0.3734573515625 0.54108983203125 0.365532896484375 0.543021494140625 0.358964361328125 0.548935830078125
1 0.62255558203125 0.624553509765625 0.628388140625 0.63268240234375 0.668998353515625 0.63402837109375 0.66916190234375 0.630907654296875 0.66172809765625 0.623477166015625 0.63224483203125 0.618802724609375 0.627563755859375 0.618557400390625 0.622760017578125 0.62065261328125 0.62255558203125 0.624553509765625
3 0.501287416015625 0.565000208984375 0.501082978515625 0.56890110546875 0.506258021484375 0.574648572265625 0.524161259765625 0.5763691640625 0.533768736328125 0.57217873828125 0.534463822265625 0.558915689453125 0.53154754296875 0.5548512421875 0.51598484375 0.553253314453125 0.511303767578125 0.55300798828125 0.505719849609375 0.555062314453125 0.501287416015625 0.565000208984375
3 0.697156630859375 0.589347078125 0.702331673828125 0.595094544921875 0.720275798828125 0.59603495703125 0.72056201171875 0.590573701171875 0.716289810546875 0.582526583984375 0.70588005078125 0.579634064453125 0.701589064453125 0.57940918359375 0.69522496875 0.581422623046875 0.697156630859375 0.589347078125