2 1 0.6121207578125 0.99514032421875 0.602924759765625 0.98179513671875 0.590395236328125 0.9726941796875 0.586789990234375 0.958124080078125 0.58779185546875 0.953213302734375 0.58839482421875 0.894566505859375 0.597957095703125 0.887873296875 0.60114026953125 0.867480552734375 0.620960759765625 0.864365103515625 0.627640224609375 0.868948947265625 0.65856208203125 0.86889397265625 0.683756578125 0.872525712890625 0.70692416796875 0.878701638671875 0.718759732421875 0.915813166015625 0.719712828125 0.928328947265625 0.712666263671875 0.96398483203125 0.714585208984375 0.97550727734375 0.71868025 0.997219224609375 0.716014357421875 1 0.7136233515625 1 0.6121207578125
2 0.19794771484375 0.68112977734375 0.198572958984375 0.70545363671875 0.191811033203125 0.7401299296875 0.190695001953125 0.76309335546875 0.192027947265625 0.773949328125 0.196367390625 0.783649033203125 0.21108675390625 0.78813866015625 0.211440109375 0.80383761328125 0.214637025390625 0.80423219921875 0.217167470703125 0.799198796875 0.213508244140625 0.788628455078125 0.21791640234375 0.766835041015625 0.218243263671875 0.75026544921875 0.2316159375 0.750197724609375 0.234227849609375 0.752238375 0.24082584765625 0.7482797734375 0.266700560546875 0.747464109375 0.271638751953125 0.749219126953125 0.275107556640625 0.758238615234375 0.275365701171875 0.77316214453125 0.27951472265625 0.78131099609375 0.282126634765625 0.78335164453125 0.290751537109375 0.783079755859375 0.292179693359375 0.79471115625 0.296152037109375 0.79501053125 0.294356783203125 0.77397880078125 0.29793553515625 0.732609298828125 0.295065478515625 0.71564512109375 0.297595921875 0.710611720703125 0.289121203125 0.6864645390625 0.28215610546875 0.68102280859375 0.275204751953125 0.669282455078125 0.268334865234375 0.66461615234375 0.227237251953125 0.6696623046875 0.20669531640625 0.669036068359375 0.20436903515625 0.66932169921875 0.200002107421875 0.6722192421875 0.19794771484375 0.68112977734375
5 0.061364658203125 0.65854421484375 0.04982846875 0.660747798828125 0.042726931640625 0.673426513671875 0.036904359375 0.677289904296875 0.02116417578125 0.696539130859375 0.033160689453125 0.794242892578125 0.0416903828125 0.793195578125 0.047431486328125 0.78225813671875 0.05451928125 0.775878044921875 0.0562605546875 0.777238478515625 0.049539859375 0.793018900390625 0.08035276171875 0.79395825390625 0.089590158203125 0.7794430546875 0.08960390234375 0.7731444296875 0.099916099609375 0.75456167578125 0.103235712890625 0.743134439453125 0.102664451171875 0.738481880859375 0.09725020703125 0.732849728515625 0.08058540625 0.73174744140625 0.08088478125 0.72777509765625 0.097699765625 0.70445831640625 0.120894841796875 0.688229330078125 0.126635947265625 0.677291888671875 0.14225343359375 0.669864482421875 0.14682452734375 0.662219169921875 0.142784458984375 0.64854712109375 0.135329568359375 0.645526880859375 0.124283173828125 0.645308974609375 0.10721004296875 0.6537022265625 0.09549717578125 0.648056333984375 0.08153949609375 0.64977012109375 0.076886935546875 0.6503413828125 0.0700033046875 0.651973703125 0.061364658203125 0.65854421484375
5 0.038682892578125 0.839217640625 0.04256002734375 0.838741587890625 0.04907655859375 0.8277089375 0.052178265625 0.827328095703125 0.056287048828125 0.809507025390625 0.060368345703125 0.804283201171875 0.05834144140625 0.800596490234375 0.04235685546875 0.798623564453125 0.036928869140625 0.799290037109375 0.03401758203125 0.801221732421875 0.038682892578125 0.839217640625
5 0.581989078125 0.584387052734375 0.584600990234375 0.586427701171875 0.60087120703125 0.59072690625 0.60892484765625 0.585802458984375 0.64139755859375 0.581028193359375 0.6410304609375 0.57162786328125 0.634854533203125 0.559792298828125 0.614135919921875 0.5513165859375 0.6079325078125 0.55207826953125 0.582302197265625 0.5741160859375 0.581989078125 0.584387052734375
0 0.51837660546875 0.6047915546875 0.499943041015625 0.614926083984375 0.49915387109375 0.62131991796875 0.5260758984375 0.629033947265625 0.57337692578125 0.623226111328125 0.578233650390625 0.617907078125 0.5831041171875 0.606289421875 0.582260966796875 0.59301195703125 0.57703714453125 0.58893066015625 0.54913552734375 0.586059611328125 0.54525839453125 0.586535662109375 0.527804421875 0.591827208984375 0.51837660546875 0.6047915546875
0 0.368829201171875 0.57277817578125 0.358544490234375 0.57876368359375 0.35251775390625 0.58737484375 0.390513662109375 0.582709533203125 0.39577871484375 0.567894958984375 0.3927859609375 0.562752603515625 0.386392126953125 0.56196343359375 0.382514994140625 0.562439484375 0.374270931640625 0.565813080078125 0.368829201171875 0.57277817578125
4 0.40988459375 0.631493689453125 0.419380134765625 0.631902017578125 0.4236518515625 0.628229048828125 0.421624947265625 0.6245423359375 0.415911328125 0.622882529296875 0.41523111328125 0.623753166015625 0.40872832421875 0.628487193359375 0.40988459375 0.631493689453125
3 0.51343940625 0.558170744140625 0.513031078125 0.56766628515625 0.51766989453125 0.573393646484375 0.536280134765625 0.571108595703125 0.54423856640625 0.56540872265625 0.544266052734375 0.552811474609375 0.54059308203125 0.548539755859375 0.52281814453125 0.549935126953125 0.51878592578125 0.550430220703125 0.51432378515625 0.5525523359375 0.51343940625 0.558170744140625
3 0.706493162109375 0.547060595703125 0.7096763359375 0.5537538046875 0.715770796875 0.558515318359375 0.733510400390625 0.555550052734375 0.73293913671875 0.5508974921875 0.7264638359375 0.543034271484375 0.7161928671875 0.542721154296875 0.712315734375 0.54319720703125 0.706982958984375 0.54463910546875 0.706493162109375 0.547060595703125
1 0.64232217578125 0.601379708984375 0.648702267578125 0.608467501953125 0.689799880859375 0.603421349609375 0.68671191796875 0.597503568359375 0.68080787890625 0.594292908203125 0.659395306640625 0.592986455078125 0.6539673203125 0.593652927734375 0.6417509140625 0.5967271484375 0.64232217578125 0.601379708984375
4 0.609454880859375 0.609350890625 0.613223060546875 0.61439803515625 0.618651046875 0.6137315625 0.61763121875 0.59260462109375 0.6140534609375 0.589108330078125 0.610176328125 0.589584380859375 0.60677524609375 0.59393756640625 0.609454880859375 0.609350890625