2 0.1416033515625 0.824118525390625 0.151634560546875 0.82252973828125 0.16085579296875 0.82581516796875 0.16625721484375 0.824959666015625 0.196266974609375 0.814669669921875 0.199391845703125 0.80942880859375 0.1984908203125 0.793751748046875 0.189049142578125 0.754115767578125 0.185703830078125 0.723006078125 0.18009632421875 0.7175663125 0.15925509375 0.7058384609375 0.14849059765625 0.702797458984375 0.094354177734375 0.7105808359375 0.07932653515625 0.710588015625 0.077783271484375 0.7108324453125 0.0645049765625 0.716890462890625 0.05671197265625 0.72761661328125 0.041461439453125 0.77116345703125 0.041911953125 0.779001986328125 0.0384204375 0.781927953125 0.049175306640625 0.849831525390625 0.056769408203125 0.84783775 0.062858591796875 0.841336400390625 0.073783646484375 0.840397029296875 0.08158383203125 0.84469851953125 0.09933135546875 0.841887587890625 0.1416033515625 0.824118525390625
2 0.775433943359375 0.71581973828125 0.777871052734375 0.7162247265625 0.778153826171875 0.713015984375 0.787535619140625 0.71232104296875 0.78948387109375 0.709639505859375 0.788209021484375 0.67661991015625 0.80908141796875 0.6685681171875 0.824109060546875 0.6685609375 0.83982446484375 0.662907908203125 0.843567587890625 0.67655284765625 0.852796 0.694865919921875 0.85998511328125 0.695309251953125 0.86952746484375 0.690633939453125 0.87143019140625 0.67767676171875 0.867969841796875 0.660823083984375 0.846258751953125 0.613638525390625 0.84279840234375 0.59678484765625 0.8358465390625 0.582857134765625 0.830850107421875 0.58127552734375 0.82776358203125 0.581764384765625 0.807418388671875 0.588150701171875 0.7710294921875 0.593123146484375 0.761975998046875 0.600884986328125 0.759301640625 0.613964376953125 0.7550001484375 0.6217645625 0.753020732421875 0.64422574609375 0.763234041015625 0.68373951171875 0.7749450859375 0.7127332109375 0.77750441015625 0.71390983203125 0.775433943359375 0.71581973828125
5 0.724908966796875 0.5466407109375 0.726780529296875 0.5534631796875 0.717971462890625 0.562768283203125 0.718949177734375 0.568941333984375 0.729874234375 0.56800196484375 0.7331213203125 0.563532734375 0.739172158203125 0.56178338671875 0.74173148046875 0.5629600078125 0.745719033203125 0.578148208984375 0.773497767578125 0.573748490234375 0.775568232421875 0.571838583984375 0.77604991015625 0.559897466796875 0.774216693359375 0.548322994140625 0.766126556640625 0.5322026015625 0.76608103125 0.521926962890625 0.761321849609375 0.5068609765625 0.74843418359375 0.480426599609375 0.738196888671875 0.47572012109375 0.73185609765625 0.46565056640625 0.7240559140625 0.461349076171875 0.720197755859375 0.4619601484375 0.710372630859375 0.469844203125 0.7074921875 0.476628326171875 0.71306134765625 0.486820095703125 0.71854663671875 0.49148823046875 0.726751810546875 0.493352611328125 0.729028359375 0.49773797265625 0.725383466796875 0.519671953125 0.731403138671875 0.537702251953125 0.729821529296875 0.54269868359375 0.724908966796875 0.5466407109375
5 0.694532564453125 0.554615814453125 0.707772513671875 0.55330980078125 0.709354123046875 0.5483133671875 0.705817083984375 0.5409636953125 0.71474836328125 0.532430224609375 0.714947267578125 0.523697849609375 0.706322748046875 0.494215291015625 0.7072094140625 0.47983706640625 0.697621537109375 0.4742367421875 0.694611701171875 0.465221591796875 0.69014247265625 0.4619745078125 0.6831977890625 0.4630744375 0.676214759765625 0.46892637109375 0.677314689453125 0.4758710546875 0.681134501953125 0.480011986328125 0.683212146484375 0.493129720703125 0.681714408203125 0.5036497890625 0.68522028125 0.53077910546875 0.691477203125 0.535325025390625 0.69269934765625 0.543041341796875 0.689207833984375 0.545967306640625 0.694532564453125 0.554615814453125
0 0.6470436953125 0.53445271875 0.639892927734375 0.529257380859375 0.629372859375 0.527759642578125 0.62705796484375 0.528126287109375 0.621129341796875 0.530647265625 0.619547734375 0.535643697265625 0.620158806640625 0.53950185546875 0.628936705078125 0.5499763984375 0.661467443359375 0.5456150234375 0.66439341015625 0.549106537109375 0.66902319921875 0.548373251953125 0.668534341796875 0.545286724609375 0.656914345703125 0.536844302734375 0.6470436953125 0.53445271875
0 0.521250951171875 0.604208599609375 0.51779778125 0.6023825625 0.505856666015625 0.601900884765625 0.4962687890625 0.596300560546875 0.495902146484375 0.593985666015625 0.481890564453125 0.595413892578125 0.476489142578125 0.59626939453125 0.471576580078125 0.600211421875 0.453179638671875 0.60391619921875 0.447617658203125 0.608752072265625 0.449412529296875 0.625078548828125 0.4625374453125 0.638028544921875 0.513465125 0.629962392578125 0.5341314375 0.615615333984375 0.533520365234375 0.61175717578125 0.520845962890625 0.606645708984375 0.521250951171875 0.604208599609375
1 0.34788546875 0.64827775 0.3514608515625 0.65087541796875 0.38618426953125 0.64537576953125 0.391135177734375 0.63668173828125 0.39052410546875 0.63282358203125 0.383212779296875 0.6316086171875 0.378197173828125 0.632403009765625 0.352186958984375 0.64047756640625 0.34788546875 0.64827775
4 0.42508696484375 0.6313043046875 0.4210994140625 0.616116103515625 0.416469625 0.616849388671875 0.412978109375 0.61977535546875 0.41883722265625 0.64178602734375 0.42399421484375 0.639387263671875 0.42508696484375 0.6313043046875
4 0.6231518359375 0.59835193359375 0.615596080078125 0.59559370703125 0.611737921875 0.596204779296875 0.608735265625 0.602217271484375 0.61052295703125 0.60351610546875 0.6228690625 0.601560673828125 0.6231518359375 0.59835193359375
3 0.48928339453125 0.554693564453125 0.476551474609375 0.556710103515625 0.4725327578125 0.561301546875 0.473472126953125 0.572226603515625 0.47639809375 0.5757181171875 0.484725482421875 0.578354130859375 0.502595220703125 0.576314830078125 0.5068967109375 0.568514646484375 0.499944849609375 0.55458693359375 0.4935273671875 0.554021384765625 0.48928339453125 0.554693564453125
3 0.294170841796875 0.60378908984375 0.2928336640625 0.61032878515625 0.2893421484375 0.613254751953125 0.29084706640625 0.617762326171875 0.30936622265625 0.6148291796875 0.3132627265625 0.60946610546875 0.31447769140625 0.60215477734375 0.31013067578125 0.59967932421875 0.306272517578125 0.600290396484375 0.294170841796875 0.60378908984375