2 0 0.77421875 0.00703125 0.77421875 0.01484375 0.76875 0.021875 0.76875 0.0359375 0.77578125 0.05625 0.775 0.0625 0.7734375 0.06640625 0.76953125 0.096875 0.7640625 0.10546875 0.7640625 0.11328125 0.76875 0.11953125 0.76875 0.15078125 0.76328125 0.15546875 0.7515625 0.15625 0.72578125 0.153125 0.7171875 0.1546875 0.671875 0.15 0.66484375 0.1359375 0.653125 0.12265625 0.64609375 0.05078125 0.64296875 0.05 0.6421875 0.0359375 0.6453125 0.02734375 0.6546875 0.0046875 0.69609375 0.00390625 0.7046875 0 0.709375 0 0.77421875
2 0.7421875 0.64140625 0.7390625 0.6515625 0.7328125 0.66015625 0.728125 0.6828125 0.73046875 0.7171875 0.73671875 0.740625 0.73828125 0.7578125 0.740625 0.75859375 0.74375 0.75390625 0.74765625 0.75546875 0.753125 0.75234375 0.75625 0.74375 0.75625 0.71953125 0.778125 0.71484375 0.7875 0.71484375 0.79296875 0.71796875 0.81015625 0.7140625 0.81171875 0.72890625 0.81796875 0.74765625 0.825 0.74921875 0.83515625 0.7453125 0.8390625 0.7328125 0.83828125 0.7171875 0.82421875 0.66640625 0.821875 0.64375 0.81875 0.634375 0.81484375 0.63203125 0.8109375 0.63203125 0.78984375 0.63515625 0.75625 0.63359375 0.75 0.63515625 0.7421875 0.64140625
5 0.65546875 0.5828125 0.6546875 0.615625 0.66015625 0.61796875 0.6734375 0.61796875 0.7234375 0.6140625 0.72265625 0.59140625 0.7171875 0.5859375 0.703125 0.58125 0.69609375 0.571875 0.68671875 0.565625 0.6875 0.5421875 0.6828125 0.53671875 0.671875 0.534375 0.6671875 0.534375 0.66328125 0.5359375 0.65859375 0.54375 0.659375 0.5671875 0.65546875 0.5828125
5 0.56171875 0.5328125 0.5609375 0.55625 0.56328125 0.56875 0.5875 0.56640625 0.590625 0.559375 0.59140625 0.5453125 0.57890625 0.5109375 0.578125 0.49921875 0.575 0.496875 0.5703125 0.496875 0.5625 0.5046875 0.5640625 0.5140625 0.5671875 0.51796875 0.56171875 0.5328125
0 0.61484375 0.56640625 0.61953125 0.56953125 0.6515625 0.5703125 0.65390625 0.58359375 0.6546875 0.56484375 0.63828125 0.55625 0.63203125 0.55 0.62578125 0.5484375 0.621875 0.5484375 0.61328125 0.55 0.61171875 0.55625 0.61484375 0.5609375 0.61484375 0.56640625
0 0.44140625 0.63125 0.4890625 0.63125 0.515625 0.61953125 0.515625 0.615625 0.49453125 0.60625 0.484375 0.59609375 0.46640625 0.5921875 0.4640625 0.5921875 0.43828125 0.5953125 0.43046875 0.60078125 0.43046875 0.615625 0.44140625 0.63125
3 0.4734375 0.57421875 0.49140625 0.57421875 0.49453125 0.5640625 0.49140625 0.55390625 0.48671875 0.55234375 0.4828125 0.55234375 0.465625 0.553125 0.4625 0.55703125 0.46328125 0.56953125 0.4734375 0.57421875
3 0.28671875 0.58515625 0.2953125 0.5828125 0.30078125 0.571875 0.2953125 0.56875 0.290625 0.56875 0.28046875 0.5703125 0.27421875 0.5796875 0.27421875 0.58359375 0.28671875 0.58515625
1 0.36484375 0.62578125 0.37109375 0.61796875 0.37109375 0.6140625 0.36640625 0.61171875 0.36197890625 0.61171875 0.33125 0.615625 0.32578125 0.6203125 0.32421875 0.62578125 0.36484375 0.62578125
4 0.40859375 0.62421875 0.4078125 0.60390625 0.40234375 0.60390625 0.3984375 0.6078125 0.40078125 0.628125 0.4046875 0.628125 0.40859375 0.62421875
4 0.60546875 0.61953125 0.60625 0.61640625 0.59921875 0.6125 0.596875 0.6125 0.5921875 0.61640625 0.5921875 0.6203125 0.59921875 0.621875 0.60546875 0.61953125