2 0 0.734442853515625 0.005851330078125 0.73485201953125 0.014767515625 0.74174076171875 0.036589228515625 0.74326668359375 0.048660912109375 0.73862871484375 0.083388154296875 0.734791818359375 0.08956843359375 0.736007142578125 0.096255572265625 0.74117369921875 0.133266357421875 0.738279640625 0.13881439453125 0.72613707421875 0.14122866015625 0.7028111640625 0.13985518359375 0.67765407421875 0.1434847734375 0.648147884765625 0.14141921875 0.64408766015625 0.126867728515625 0.628190123046875 0.114163802734375 0.619470201171875 0.041902529296875 0.6112845703125 0.0411776796875 0.610450724609375 0.02771079296875 0.61264166015625 0.018538505859375 0.620615005859375 0.0109249140625 0.62869734765625 0 0.6475973046875 0 0.734442853515625
2 0.71822890625 0.783883154296875 0.723013982421875 0.782651443359375 0.721111919921875 0.77625317578125 0.723722447265625 0.77251993359375 0.730845564453125 0.77145171484375 0.73501478515625 0.767827466796875 0.738731642578125 0.759472640625 0.7375544296875 0.753908216796875 0.741091408203125 0.736926076171875 0.745151634765625 0.734860521484375 0.77103357421875 0.734320890625 0.7769413671875 0.73943294921875 0.776505388671875 0.745667724609375 0.780402123046875 0.7459402109375 0.778718048828125 0.736424556640625 0.79446848046875 0.7351764609375 0.79453936328125 0.74536246875 0.800588919921875 0.770846541015625 0.79938998046875 0.787992173828125 0.80328671484375 0.78826466015625 0.80511789453125 0.784476919921875 0.8035973125 0.772623224609375 0.817173193359375 0.768873595703125 0.821941884765625 0.75667653125 0.822415974609375 0.7386970546875 0.817309255859375 0.7109294375 0.81026236328125 0.688508255859375 0.812257033203125 0.682382474609375 0.80874178125 0.67665455859375 0.811461302734375 0.671362623046875 0.80715031640625 0.654614857421875 0.802863908203125 0.654315123046875 0.779709681640625 0.655045494140625 0.746306759765625 0.65114341796875 0.735902763671875 0.654331689453125 0.731679044921875 0.65873528515625 0.7202396015625 0.676731146484375 0.7139286015625 0.6997845703125 0.71599415625 0.703844796875 0.71515497265625 0.7382450546875 0.7207140546875 0.770743251953125 0.71822890625 0.783883154296875
5 0.922281009765625 0.632122427734375 0.920378947265625 0.62572416015625 0.917316056640625 0.62472682421875 0.90529887109375 0.628585447265625 0.90703744140625 0.637321755859375 0.904770283203125 0.647344271484375 0.895979478515625 0.649862189453125 0.884452765625 0.646706689453125 0.87627781640625 0.65161714453125 0.8806269140625 0.6566202109375 0.9077950625 0.66008630859375 0.913321373046875 0.670653794921875 0.92000851171875 0.6758203515625 0.9404350234375 0.674899240234375 0.945002109375 0.67678491796875 0.94133975 0.684360396484375 0.940413296875 0.697609294921875 0.94432641796875 0.708847134765625 0.914945609375 0.71462420703125 0.910449404296875 0.72292453515625 0.9400756328125 0.7696361953125 0.969074958984375 0.769314552734375 0.97875410546875 0.7652924375 0.9766340546875 0.76201155859375 0.982089482421875 0.7623930390625 0.994133373046875 0.59015737109375 0.988732443359375 0.58899654296875 0.984835708984375 0.588724056640625 0.96373884375 0.588031978515625 0.950778818359375 0.59417414453125 0.951590935546875 0.616159349609375 0.9587304375 0.626056484375 0.9574606171875 0.633016109375 0.95078986328125 0.638814908203125 0.9369959921875 0.645681923828125 0.9292025234375 0.645136951171875 0.92017734375 0.63980690234375 0.922281009765625 0.632122427734375
5 0.388706201171875 0.557219671875 0.36762572265625 0.567492947265625 0.36196869140625 0.58119420703125 0.362312060546875 0.58748348046875 0.39187274609375 0.59033372265625 0.4040153125 0.595881759765625 0.420038228515625 0.5907369296875 0.423428103515625 0.58705818359375 0.422414380859375 0.579155720703125 0.3949409765625 0.5576556484375 0.388706201171875 0.557219671875
0 0.4913566640625 0.601206103515625 0.486517091796875 0.603217162109375 0.47781889453125 0.59321103125 0.4616161015625 0.589728548828125 0.4577193671875 0.5894560625 0.438072203125 0.590431671875 0.42444182421875 0.594960646484375 0.422572533203125 0.610493087890625 0.43244794140625 0.626063640625 0.48149230078125 0.630276314453125 0.50719436328125 0.621109369140625 0.506071646484375 0.614765599609375 0.498332673828125 0.61344128125 0.488855130859375 0.603380654296875 0.4913566640625 0.601206103515625
0 0.62900115234375 0.559142734375 0.61981248046875 0.5561507265625 0.617474439453125 0.555987234375 0.610351322265625 0.557055453125 0.608574640625 0.560063845703125 0.60886351171875 0.567132466796875 0.614389822265625 0.577699953125 0.647901740234375 0.5800433359375 0.650801138671875 0.583378712890625 0.6539730234375 0.582817353515625 0.646108671875 0.572086375 0.6340206015625 0.565758990234375 0.62900115234375 0.559142734375
4 0.587232720703125 0.618874619140625 0.5829000078125 0.624836908203125 0.589696140625 0.628444771484375 0.597762095703125 0.625093009765625 0.59190880078125 0.619201603515625 0.587232720703125 0.618874619140625
4 0.38679345703125 0.61817222265625 0.391306046875 0.62083724609375 0.3945324296875 0.619496541015625 0.397469939453125 0.611087216796875 0.3982873984375 0.599397013671875 0.394663150390625 0.59522779296875 0.390766416015625 0.594955306640625 0.3874310390625 0.597854705078125 0.38679345703125 0.61817222265625
1 0.316924720703125 0.609370736328125 0.315872888671875 0.61321297265625 0.3571782734375 0.616101326171875 0.36317867578125 0.608689337890625 0.363505658203125 0.6040132578125 0.350365755859375 0.601528109375 0.346469021484375 0.601255623046875 0.3243748203125 0.603626435546875 0.316924720703125 0.609370736328125
3 0.275264919921875 0.555552345703125 0.27332474609375 0.560898779296875 0.26926451953125 0.562964333984375 0.26966238671875 0.568474259765625 0.290034400390625 0.568332494140625 0.294312615234375 0.563149552734375 0.2955824375 0.556189927734375 0.28945665625 0.554195255859375 0.28244253515625 0.55370478125 0.275264919921875 0.555552345703125
3 0.458558552734375 0.5550558046875 0.4584114453125 0.56835919921875 0.466711775390625 0.57285540234375 0.486974794921875 0.57427233203125 0.49052816015625 0.568255544921875 0.488391724609375 0.5540093125 0.482320439453125 0.55123529296875 0.467512849609375 0.550199845703125 0.466788 0.549366001953125 0.458558552734375 0.5550558046875