2 0 0.77421875 0.00703125 0.77421875 0.01484375 0.76875 0.0234375 0.76875 0.03359375 0.775 0.04921875 0.775 0.06484375 0.76953125 0.09921875 0.76328125 0.10703125 0.7640625 0.1140625 0.76875 0.15078125 0.76328125 0.1546875 0.7546875 0.15625 0.728125 0.15234375 0.68671875 0.15390625 0.671875 0.1515625 0.66796875 0.14375 0.659375 0.1234375 0.64609375 0.06171875 0.64296875 0.0578125 0.64296875 0.03671875 0.64453125 0.021875 0.6609375 0.00546875 0.6953125 0.0046875 0.70390625 0 0.70859375 0 0.77421875
2 0.7296875 0.66953125 0.72890625 0.684375 0.72890625 0.7078125 0.73359375 0.73671875 0.73828125 0.75 0.7390625 0.76796875 0.74140625 0.7671875 0.74140625 0.7546875 0.7515625 0.7546875 0.753125 0.75234375 0.75546875 0.74453125 0.7546875 0.72890625 0.7609375 0.71796875 0.78671875 0.71484375 0.79375 0.71875 0.796875 0.715625 0.81015625 0.7140625 0.81171875 0.728125 0.81953125 0.75078125 0.81875 0.76640625 0.8234375 0.765625 0.82109375 0.75078125 0.83515625 0.74609375 0.8390625 0.73359375 0.83671875 0.71015625 0.82421875 0.6671875 0.82109375 0.640625 0.81875 0.634375 0.8140625 0.63203125 0.81171875 0.63203125 0.79375 0.63515625 0.753125 0.634375 0.7421875 0.64140625 0.7296875 0.66953125
5 0.68359375 0.5671875 0.6828125 0.571875 0.67890625 0.57421875 0.68125 0.5765625 0.6796875 0.5984375 0.684375 0.60859375 0.6921875 0.5984375 0.70546875 0.60078125 0.72421875 0.6 0.72421875 0.59140625 0.71484375 0.57265625 0.709375 0.54296875 0.70078125 0.53515625 0.696484375 0.53515625 0.68359375 0.53984375 0.678125 0.54765625 0.67890625 0.5578125 0.68359375 0.5671875
5 0.3203125 0.6 0.29921875 0.61796875 0.29453125 0.63125 0.29453125 0.63984375 0.32109375 0.64296875 0.35546875 0.64140625 0.36015625 0.64375 0.36484375 0.65234375 0.37734375 0.65 0.3890625 0.63984375 0.3875 0.62578125 0.3828125 0.61640625 0.371875 0.6109375 0.36796875 0.60625 0.3671875 0.596875 0.3640625 0.59296875 0.359375 0.5921875 0.35078125 0.60390625 0.35703125 0.60859375 0.35546875 0.6109375 0.34453125 0.6078125 0.34453125 0.6 0.34921875 0.596875 0.34921875 0.57265625 0.3453125 0.5671875 0.3390625 0.56484375 0.33828125 0.5640625 0.3234375 0.5671875 0.3171875 0.57265625 0.315625 0.58984375 0.3203125 0.6
5 0.3796875 0.7015625 0.38359375 0.7078125 0.38515625 0.7171875 0.3859375 0.725 0.38359375 0.7421875 0.37890625 0.753125 0.3796875 0.7578125 0.39375 0.759375 0.4078125 0.75625 0.4140625 0.75234375 0.41484375 0.7484375 0.41171875 0.74453125 0.4109375 0.73671875 0.409375 0.73984375 0.403125 0.7390625 0.41328125 0.72265625 0.40625 0.67265625 0.40390625 0.66953125 0.3703125 0.66796875 0.36953125 0.6671875 0.36640625 0.7 0.36953125 0.7046875 0.37578125 0.70546875 0.3796875 0.7015625
5 0.353125 0.74609375 0.35546875 0.74375 0.359375 0.73515625 0.359375 0.7234375 0.3546875 0.7234375 0.35 0.7234375 0.346875 0.7265625 0.3453125 0.74453125 0.353125 0.74609375
0 0.44140625 0.63125 0.490625 0.63125 0.515625 0.6203125 0.51328125 0.61328125 0.50390625 0.6109375 0.48359375 0.59453125 0.4640625 0.5921875 0.46328125 0.59140625 0.43828125 0.5953125 0.43046875 0.6 0.4296875 0.6140625 0.44140625 0.63125
0 0.61953125 0.56875 0.65546875 0.56796875 0.65 0.56171875 0.63984375 0.55703125 0.63203125 0.55 0.62265625 0.54765625 0.61953125 0.54765625 0.6140625 0.54921875 0.6125 0.553125 0.6125 0.5578125 0.61953125 0.56875
4 0.60546875 0.61953125 0.60546875 0.615625 0.59921875 0.6125 0.59609375 0.6125 0.590625 0.61796875 0.59140625 0.6203125 0.5984375 0.621875 0.60546875 0.61953125
3 0.47265625 0.575 0.4921875 0.575 0.4953125 0.56484375 0.49140625 0.55390625 0.47578125 0.55234375 0.471875 0.55234375 0.46640625 0.553125 0.4625 0.5578125 0.46328125 0.5703125 0.47265625 0.575
3 0.29375 0.58359375 0.2984375 0.57890625 0.30078125 0.57109375 0.29453125 0.56875 0.290625 0.56875 0.28125 0.5703125 0.275 0.5796875 0.275 0.58359375 0.29375 0.58359375