2 0.073062853515625 0.787731419921875 0.075296115234375 0.78452652734375 0.10787050390625 0.7771351953125 0.123649578125 0.78127453515625 0.1601823671875 0.775308423828125 0.16521154296875 0.76262518359375 0.1622049375 0.7212986875 0.159589962890625 0.7135727421875 0.160088166015625 0.683068021484375 0.157609517578125 0.679245947265625 0.136709556640625 0.6627778125 0.12561512890625 0.6584748828125 0.056044439453125 0.658559166015625 0.055236400390625 0.65780565625 0.04129152734375 0.66141952734375 0.0278101640625 0.678306556640625 0.011887333984375 0.714822 0.011406478515625 0.723437779296875 0.00761166796875 0.726697203125 0.00987468359375 0.791501451171875 0.016120875 0.791283330078125 0.023737759765625 0.785545259765625 0.033107048828125 0.785218076171875 0.042694458984375 0.7911370859375 0.064556134765625 0.79037366015625 0.073062853515625 0.787731419921875
2 0.750583900390625 0.758599779296875 0.750147658203125 0.74610739453125 0.760297720703125 0.745752947265625 0.76177747265625 0.74335609375 0.76457338671875 0.733877744140625 0.762493798828125 0.71909756640625 0.764536203125 0.710427255859375 0.768358279296875 0.707948607421875 0.79482280078125 0.704679267578125 0.80039728125 0.7076115078125 0.806534412109375 0.7042702890625 0.818218759765625 0.703080537109375 0.820380142578125 0.72020303515625 0.827226169921875 0.737161943359375 0.8296230234375 0.738641697265625 0.843540630859375 0.734247052734375 0.8469809921875 0.72083756640625 0.8456003828125 0.70368780078125 0.82985600390625 0.65577058203125 0.830364126953125 0.647935576171875 0.8270774375 0.6433599921875 0.826722990234375 0.6332099296875 0.8232454453125 0.623168927734375 0.819259779296875 0.620962931640625 0.81535591015625 0.6210992578125 0.79984948828125 0.624767658203125 0.7568796484375 0.62548647265625 0.74700223828125 0.633648662109375 0.734710626953125 0.662220037109375 0.734393361328125 0.675520462890625 0.7369810703125 0.6824656328125 0.7351022578125 0.695820587890625 0.7476962734375 0.74306609375 0.746707296875 0.759516880859375 0.750583900390625 0.758599779296875
5 0.709502759765625 0.52238959765625 0.70325656640625 0.522607720703125 0.697954740234375 0.527483220703125 0.69688396484375 0.541591685546875 0.693198216796875 0.547974203125 0.6919093203125 0.555836474609375 0.695976783203125 0.56038479296875 0.703031015625 0.560920181640625 0.71210038671875 0.552004482421875 0.74020825390625 0.551022935546875 0.726253462890625 0.531967091796875 0.709502759765625 0.52238959765625
5 0.66136990625 0.599116150390625 0.674987595703125 0.586132990234375 0.70702659765625 0.585795890625 0.7100678984375 0.5833445078125 0.710466958984375 0.572386404296875 0.703948115234375 0.56479678515625 0.689594263671875 0.556699044921875 0.69244470703125 0.548782244140625 0.6914458125 0.54256331640625 0.683338154296875 0.534247453125 0.68255737890625 0.53427471875 0.676338451171875 0.535273615234375 0.6717901328125 0.539341076171875 0.670664830078125 0.5518879921875 0.6740333125 0.5588058984375 0.66251255859375 0.564680294921875 0.655059265625 0.575103009765625 0.647442380859375 0.58084108203125 0.64453740625 0.587196333984375 0.647125115234375 0.594141505859375 0.66136990625 0.599116150390625
4 0.610247794921875 0.612627267578125 0.603084501953125 0.608968783203125 0.6007421796875 0.609050580078125 0.597056431640625 0.61543309765625 0.60185013671875 0.618392603515625 0.608822572265625 0.61658566796875 0.610247794921875 0.612627267578125
4 0.4029436015625 0.63081065625 0.408299958984375 0.627496703125 0.409207142578125 0.60870359375 0.405974984375 0.60568955859375 0.402851888671875 0.605798619140625 0.3983035703125 0.60986608203125 0.400519484375 0.62855012890625 0.4029436015625 0.63081065625
0 0.508365451171875 0.60524091015625 0.498188123046875 0.604814583984375 0.485259494140625 0.59275844140625 0.466466384765625 0.591851259765625 0.465685611328125 0.591878525390625 0.4564799140625 0.5968903515625 0.441645205078125 0.597408390625 0.434028322265625 0.603146462890625 0.434519095703125 0.617200396484375 0.441174267578125 0.628693884765625 0.44599523828125 0.6324341640625 0.49443049609375 0.631524494140625 0.519814328125 0.619693904296875 0.519650736328125 0.615009259765625 0.508365451171875 0.60524091015625
0 0.615229869140625 0.55382382421875 0.622638548828125 0.5645092734375 0.65389677734375 0.5641994375 0.657718853515625 0.561720791015625 0.632106982421875 0.54463547265625 0.625025484375 0.5433193125 0.62112161328125 0.543455638671875 0.615737990234375 0.545988818359375 0.615229869140625 0.55382382421875
1 0.330086224609375 0.62631935546875 0.32944177734375 0.6302504921875 0.338112087890625 0.632292896484375 0.36853501171875 0.63044877734375 0.375180265625 0.619272552734375 0.371167333984375 0.616285783203125 0.366482689453125 0.616449375 0.335388052734375 0.621443853515625 0.330086224609375 0.62631935546875
3 0.4869920625 0.55282990234375 0.4826978046875 0.552979861328125 0.469815033203125 0.55342973828125 0.46526671484375 0.55749719921875 0.464894919921875 0.569236076171875 0.467373568359375 0.573058150390625 0.474509595703125 0.575935861328125 0.493275439453125 0.57606226953125 0.4969611875 0.56967975 0.496743064453125 0.563433556640625 0.49332005078125 0.554954103515625 0.4869920625 0.55282990234375
3 0.28230284375 0.578739236328125 0.277110078125 0.586737833984375 0.278862482421875 0.59214872265625 0.2898205859375 0.592547783203125 0.2983273046875 0.58990554296875 0.302094849609375 0.58586534765625 0.30416451953125 0.577975810546875 0.29783653125 0.575851609375 0.292761498046875 0.576028833984375 0.28230284375 0.578739236328125