2 0 0.775 0.0078125 0.77421875 0.01484375 0.76875 0.0234375 0.76875 0.034375 0.775 0.0546875 0.775 0.065625 0.76953125 0.1 0.76328125 0.1140625 0.76875 0.15078125 0.76328125 0.15546875 0.75234375 0.15625 0.7265625 0.1515625 0.6859375 0.1546875 0.67265625 0.15 0.665625 0.13671875 0.65390625 0.12265625 0.64609375 0.05078125 0.64296875 0.05 0.6421875 0.0359375 0.6453125 0.025 0.65703125 0.01015625 0.68515625 0.00546875 0.69609375 0.00546875 0.70234375 0 0.70859375 0 0.775
2 0.74140625 0.64375 0.7375 0.6546875 0.7328125 0.659375 0.728125 0.6828125 0.7328125 0.73125 0.73984375 0.75859375 0.74296875 0.75390625 0.75078125 0.7546875 0.753125 0.75234375 0.75625 0.74296875 0.75703125 0.71953125 0.77890625 0.71484375 0.79296875 0.7171875 0.8109375 0.7140625 0.8125 0.73125 0.81796875 0.74765625 0.821875 0.75 0.83515625 0.74609375 0.83984375 0.7296875 0.83828125 0.71484375 0.8234375 0.6671875 0.821875 0.64296875 0.81796875 0.63359375 0.8140625 0.63203125 0.81015625 0.63203125 0.7921875 0.63515625 0.753125 0.634375 0.7484375 0.6359375 0.74140625 0.64375
5 0.89453125 0.61953125 0.89375 0.62265625 0.89921875 0.63671875 0.93046875 0.6609375 0.95703125 0.6890625 0.96640625 0.6921875 0.9734375 0.70390625 0.9734375 0.71328125 0.9796875 0.72109375 0.9921875 0.72890625 0.99921875 0.7234375 0.99921875 0.63671875 0.98125 0.62578125 0.953125 0.6 0.94140625 0.5984375 0.93203125 0.6015625 0.921875 0.59140625 0.91171875 0.58671875 0.90859375 0.58671875 0.896875 0.58828125 0.88984375 0.5921875 0.8890625 0.61015625 0.89453125 0.61953125
5 0.4015625 0.5984375 0.4109375 0.60234375 0.428125 0.59453125 0.42734375 0.584375 0.4 0.56484375 0.39375 0.56484375 0.3734375 0.5765625 0.36875 0.58828125 0.36875 0.596875 0.4015625 0.5984375
0 0.44296875 0.63125 0.48984375 0.63125 0.515625 0.6203125 0.51328125 0.61328125 0.5046875 0.61171875 0.48359375 0.59609375 0.4640625 0.5921875 0.46328125 0.59140625 0.43046875 0.6 0.43046875 0.61484375 0.4375 0.62734375 0.44296875 0.63125
0 0.6515625 0.56953125 0.65625 0.5671875 0.6328125 0.55 0.625 0.54765625 0.62109375 0.54765625 0.6125 0.55 0.6125 0.55703125 0.61875 0.56875 0.6515625 0.56953125
4 0.6046875 0.6203125 0.60625 0.61640625 0.59921875 0.6125 0.596875 0.6125 0.59375 0.6140625 0.5921875 0.61953125 0.596875 0.621875 0.6046875 0.6203125
4 0.4 0.628125 0.403125 0.62578125 0.40546875 0.61796875 0.40546875 0.60625 0.4015625 0.60234375 0.3984375 0.60234375 0.3953125 0.60390625 0.3953125 0.6234375 0.39609375 0.6265625 0.4 0.628125
1 0.36640625 0.625 0.37109375 0.61328125 0.3578125 0.61171875 0.35390625 0.61171875 0.33125 0.615625 0.32421875 0.621875 0.3234375 0.62578125 0.36640625 0.625
3 0.4734375 0.5734375 0.490625 0.57421875 0.49609375 0.5671875 0.4921875 0.55390625 0.4875 0.55234375 0.4834375 0.55234375 0.465625 0.553125 0.4625 0.55703125 0.46171875 0.56875 0.4734375 0.5734375
3 0.29296875 0.584375 0.2984375 0.57890625 0.30078125 0.571875 0.3 0.56953125 0.2953125 0.56875 0.290625 0.56875 0.28046875 0.5703125 0.275 0.57890625 0.275 0.584375 0.29296875 0.584375