2 1 0.610904625 0.99514032421875 0.602924759765625 0.97753716015625 0.587769580078125 0.9647494921875 0.586191240234375 0.96164778515625 0.58657208203125 0.891560009765625 0.599113365234375 0.873697708984375 0.613900453125 0.865535115234375 0.62434809765625 0.86368488671875 0.628510861328125 0.867724953125 0.642182912109375 0.872620923828125 0.70769959375 0.877055576171875 0.7181747265625 0.90718826171875 0.719984716796875 0.915717955078125 0.71893740234375 0.92755351953125 0.712761474609375 0.9607879140625 0.714190623046875 0.973180998046875 0.718965880859375 0.994212728515625 0.717170626953125 1 0.71291046484375 1 0.610904625
2 0.19794771484375 0.68112977734375 0.198273583984375 0.70942598046875 0.193484583984375 0.7281176875 0.19051832421875 0.755243876953125 0.190586048828125 0.768616552734375 0.19733323828125 0.78510467578125 0.208570052734375 0.7868734375 0.2144878359375 0.783785474609375 0.21840619921875 0.76441355078125 0.218243263671875 0.75026544921875 0.2356834921875 0.75127252734375 0.25013096875 0.747137248046875 0.271638751953125 0.749219126953125 0.275270490234375 0.772386716796875 0.27951472265625 0.78131099609375 0.28135120703125 0.78344685546875 0.292887396484375 0.781243271484375 0.297513462890625 0.748403462890625 0.295949859375 0.71002671484375 0.288345775390625 0.68655975 0.28225131640625 0.681798236328125 0.27685081640625 0.6698674609375 0.268334865234375 0.66461615234375 0.260390177734375 0.66401740234375 0.224135544921875 0.670043146484375 0.2074707421875 0.668940857421875 0.20436903515625 0.66932169921875 0.20068232421875 0.67134860546875 0.19794771484375 0.68112977734375
5 0.300700607421875 0.57563349609375 0.314807478515625 0.59436643359375 0.3109166015625 0.601141109375 0.300917521484375 0.609452896484375 0.288891537109375 0.61407796875 0.286170671875 0.617560517578125 0.297271046875 0.637449724609375 0.301433810546875 0.639299951171875 0.305800740234375 0.636402408203125 0.3109293515625 0.639708279296875 0.3210098984375 0.638470544921875 0.32237033203125 0.63672926953125 0.3134735390625 0.62837625390625 0.316684201171875 0.62247221484375 0.32638390625 0.6181327734375 0.340436796875 0.617194412109375 0.347197728515625 0.627383912109375 0.3518502890625 0.626812650390625 0.3489939765625 0.603549849609375 0.34436890234375 0.591523865234375 0.3377031796875 0.582109791015625 0.3305751484375 0.562519958984375 0.321283771484375 0.557363861328125 0.315080359375 0.558125544921875 0.304890857421875 0.5648864765625 0.300700607421875 0.57563349609375
5 0.449882896484375 0.50851495703125 0.454099642578125 0.530036484375 0.44332513671875 0.53844348046875 0.43548841015625 0.577187328125 0.436440513671875 0.58494159375 0.444072083984375 0.595811310546875 0.445309818359375 0.605891857421875 0.45566225390625 0.61327902734375 0.458750216796875 0.61919680859375 0.46004193359375 0.648948654296875 0.47121003125 0.682210533203125 0.474787791015625 0.685706826171875 0.4832222734375 0.683884083984375 0.48643293359375 0.677980044921875 0.4879023203125 0.67071557421875 0.485317896484375 0.656077677734375 0.4963368046875 0.66889283203125 0.5022545859375 0.665804869140625 0.49811930859375 0.65135739453125 0.49924908203125 0.62209534375 0.496773611328125 0.60193425 0.501535125 0.595839791015625 0.500487810546875 0.58731009765625 0.504773271484375 0.57733850390625 0.50372595703125 0.568808810546875 0.491673478515625 0.541165337890625 0.48074978125 0.529125609375 0.4707781875 0.5248401484375 0.470234412109375 0.50759033984375 0.466466232421875 0.5025431953125 0.4598819765625 0.500203171875 0.45678026953125 0.500584013671875 0.45095769921875 0.504447404296875 0.449882896484375 0.50851495703125
4 0.409013955078125 0.63081347265625 0.413176720703125 0.632663701171875 0.421515994140625 0.630065533203125 0.42094473046875 0.62541297265625 0.417557392578125 0.62346753515625 0.4160065390625 0.623657955078125 0.409408541015625 0.627616556640625 0.409013955078125 0.63081347265625
4 0.609345927734375 0.614874087890625 0.614188908203125 0.615853677734375 0.614325349609375 0.597733234375 0.609591322265625 0.5912304453125 0.604163333984375 0.59189691796875 0.60413584765625 0.604494166015625 0.609345927734375 0.614874087890625
0 0.518771189453125 0.601594638671875 0.51432279296875 0.597418130859375 0.50896253125 0.61145727734375 0.50071846875 0.614830873046875 0.501575361328125 0.621809712890625 0.5103906875 0.623088677734375 0.5221035546875 0.628734572265625 0.532374521484375 0.629047689453125 0.574057142578125 0.622355474609375 0.57949887109375 0.615390376953125 0.583593912109375 0.6038679296875 0.580329271484375 0.590100671875 0.57287437890625 0.587080431640625 0.555624572265625 0.58762420703125 0.548264890625 0.58537939453125 0.547489462890625 0.58547460546875 0.527028994140625 0.591922419921875 0.518771189453125 0.601594638671875
0 0.351252533203125 0.589891544921875 0.352599220703125 0.59444889453125 0.357265525390625 0.5875790078125 0.3898334453125 0.583580169921875 0.3948128671875 0.56643931640625 0.3927859609375 0.562752603515625 0.385324197265625 0.56288167578125 0.380283923828125 0.56350054296875 0.353102759765625 0.585728779296875 0.351252533203125 0.589891544921875
1 0.64232217578125 0.601379708984375 0.65025312109375 0.60827708203125 0.689704671875 0.602645923828125 0.689323830078125 0.599544216796875 0.68071266796875 0.59351748046875 0.66482329296875 0.592319982421875 0.648074078125 0.59437652734375 0.6438867734375 0.5948906640625 0.6417509140625 0.5967271484375 0.64232217578125 0.601379708984375
3 0.512459814453125 0.563013724609375 0.519220748046875 0.5732032265625 0.536280134765625 0.571108595703125 0.5450139921875 0.56531351171875 0.545231900390625 0.5542671171875 0.54059308203125 0.548539755859375 0.524213912109375 0.549763748046875 0.5195613515625 0.550335009765625 0.515194423828125 0.553232552734375 0.512459814453125 0.563013724609375
3 0.714029521484375 0.55715488671875 0.73283018359375 0.556420689453125 0.73293913671875 0.5508974921875 0.725688408203125 0.543129482421875 0.714642013671875 0.54291157421875 0.709989455078125 0.543482837890625 0.706397953125 0.546285169921875 0.714029521484375 0.55715488671875