2 0.929317470703125 0.695968861328125 0.928446833984375 0.696649076171875 0.859148228515625 0.69050162890625 0.84859162890625 0.69314102734375 0.82546526953125 0.708405158203125 0.821887509765625 0.711901451171875 0.819629947265625 0.743108939453125 0.813481505859375 0.76754175 0.81130541015625 0.791675189453125 0.813074169921875 0.80291200390625 0.84410498046875 0.813019044921875 0.85030839453125 0.813780728515625 0.863381693359375 0.809876107421875 0.8975142109375 0.820363990234375 0.908479138671875 0.8272201328125 0.9301910859375 0.829886025390625 0.9378363984375 0.82531493359375 0.94878758203125 0.825872451171875 0.95509994921875 0.83215733203125 0.962759005859375 0.83388486328125 0.970851892578125 0.767973595703125 0.9673556015625 0.7643958359375 0.96772269921875 0.754995505859375 0.9572878046875 0.724590931640625 0.94960126171875 0.71026615234375 0.9421188828125 0.70068914453125 0.929317470703125 0.695968861328125
3 0.693749701171875 0.60801099609375 0.713040158203125 0.61116668359375 0.713706630859375 0.605738697265625 0.71000617578125 0.59741316796875 0.699823546875 0.593801546875 0.69555869921875 0.593277888671875 0.689069654296875 0.594842486328125 0.693749701171875 0.60801099609375
3 0.501089537109375 0.55523197265625 0.49781115234375 0.562700607421875 0.4972536328125 0.573651791015625 0.499294283203125 0.576263703125 0.51877516015625 0.577868537109375 0.51857099609375 0.573120765625 0.515754919921875 0.57041364453125 0.51989019921875 0.55596616796875 0.510000072265625 0.553177580078125 0.509224646484375 0.553082369140625 0.502926021484375 0.55309611328125 0.501089537109375 0.55523197265625
2 0.16425696875 0.599669890625 0.158693533203125 0.625748767578125 0.1465321015625 0.64786904296875 0.137962169921875 0.672791650390625 0.134901693359375 0.6913066796875 0.137350669921875 0.7034141328125 0.149186234375 0.70959005859375 0.146506599609375 0.7250033828125 0.1519345859375 0.72566985546875 0.153349 0.70773983203125 0.16155183203125 0.6922175546875 0.165972740234375 0.675443798828125 0.1796447890625 0.6794838671875 0.1743395 0.69063921484375 0.172530501953125 0.705372322265625 0.1812506171875 0.704868783203125 0.1819848125 0.68606812109375 0.19001096875 0.678395322265625 0.202227375 0.68146954296875 0.2042680234375 0.684081453125 0.2159946328125 0.68473418359375 0.21863403125 0.69529078125 0.215954396484375 0.71070410546875 0.217423783203125 0.717968576171875 0.219274009765625 0.722131341796875 0.228388708984375 0.724824720703125 0.227055763671875 0.735680693359375 0.23161311328125 0.7370273828125 0.2338981640625 0.718417142578125 0.247378798828125 0.67914226953125 0.249759060546875 0.6597566015625 0.25362244921875 0.65393403125 0.25167701171875 0.650546693359375 0.252329740234375 0.63882008203125 0.244738408203125 0.623719876953125 0.242384642578125 0.610836998046875 0.23762312890625 0.604742537109375 0.230929919921875 0.60155936328125 0.190512521484375 0.597383849609375 0.174514193359375 0.593058150390625 0.172187912109375 0.592772517578125 0.167249720703125 0.59452753515625 0.16425696875 0.599669890625
5 0.436310029296875 0.66613272265625 0.456185490234375 0.670934474609375 0.46887794921875 0.670131560546875 0.476495775390625 0.652963220703125 0.47763830078125 0.643658099609375 0.471897197265625 0.63272066015625 0.472468458984375 0.628068099609375 0.45758616015625 0.646705826171875 0.456824478515625 0.652909240234375 0.43765671875 0.661575373046875 0.436310029296875 0.66613272265625
5 0.51623097265625 0.56653651171875 0.51643513671875 0.57128428125 0.52061164453125 0.575732677734375 0.51918348828125 0.587364078125 0.5222989375 0.59404354296875 0.5205576640625 0.5954039765625 0.54673175 0.600191984375 0.55692125 0.606952916015625 0.55807751953125 0.603946419921875 0.544459451171875 0.5802350546875 0.550022884765625 0.554156177734375 0.544581154296875 0.54719108203125 0.53924837890625 0.545749181640625 0.53537124609375 0.54527312890625 0.522202734375 0.54995317578125 0.51623097265625 0.56653651171875
5 0.252939255859375 0.51846601171875 0.23753967578125 0.522085 0.230574580078125 0.52752673046875 0.223038220703125 0.537621021484375 0.223242384765625 0.542368791015625 0.24476391015625 0.546585537109375 0.249525423828125 0.55267999609375 0.254368404296875 0.55170040625 0.253797142578125 0.556352966796875 0.260667029296875 0.551686662109375 0.27510076171875 0.54952331640625 0.27837914453125 0.542054681640625 0.268461533203125 0.52666884375 0.27327702734375 0.513092005859375 0.26705987109375 0.50603169921875 0.265509017578125 0.50584127734375 0.25708827734375 0.51031716015625 0.252939255859375 0.51846601171875
5 0.24394824609375 0.572460248046875 0.24057465234375 0.580704310546875 0.24426136328125 0.582731216796875 0.247648701171875 0.58078577734375 0.25269584765625 0.58455395703125 0.26491225390625 0.587628177734375 0.266612296875 0.567371873046875 0.258068861328125 0.560025935546875 0.254967154296875 0.55964509375 0.25285878125 0.570405857421875 0.24394824609375 0.572460248046875
0 0.47214159765625 0.6114985078125 0.469829060546875 0.6175115 0.496411474609375 0.631795048828125 0.539835369140625 0.63712683203125 0.546610044921875 0.63323595703125 0.5540511953125 0.62391709375 0.55644519921875 0.610830048828125 0.5487723984375 0.60280389453125 0.5243395859375 0.596655455078125 0.518911599609375 0.595988982421875 0.48812618359375 0.60952558203125 0.47214159765625 0.6114985078125
0 0.33305359765625 0.551916328125 0.3379917890625 0.550161310546875 0.372981201171875 0.553670353515625 0.380422349609375 0.544351490234375 0.381184033203125 0.538148076171875 0.380014021484375 0.53485594921875 0.37235496484375 0.53312841796875 0.367702404296875 0.532557154296875 0.344467091796875 0.54229808984375 0.33305359765625 0.551916328125
4 0.3806549921875 0.60656230078125 0.388994265625 0.60916046875 0.39393245703125 0.607405451171875 0.393048076171875 0.601787044921875 0.390136791015625 0.599855349609375 0.387810509765625 0.59956971875 0.37948498046875 0.603270173828125 0.3806549921875 0.60656230078125
4 0.576361890625 0.634527671875 0.58276946875 0.640037126953125 0.587476009765625 0.62093708984375 0.585816201171875 0.61522347265625 0.582809705078125 0.614067205078125 0.58048342578125 0.613781572265625 0.577000876953125 0.6165024375 0.576361890625 0.634527671875
1 0.613663837890625 0.63202372265625 0.61804451171875 0.641219888671875 0.6592373359375 0.645490615234375 0.658257744140625 0.6406476328125 0.65340101953125 0.635328599609375 0.6238936484375 0.62776996484375 0.619758298828125 0.627262208984375 0.6140446796875 0.628922015625 0.613663837890625 0.63202372265625