2 0.94300964453125 0.650723291015625 0.938843873046875 0.650650576171875 0.8739554609375 0.652643421875 0.86053988671875 0.66022294140625 0.846261373046875 0.67247561328125 0.843055041015625 0.677107861328125 0.844358244140625 0.691976619140625 0.83972994921875 0.733308388671875 0.8401020390625 0.756755955078125 0.844570671875 0.769335859375 0.881969517578125 0.775458240234375 0.888300373046875 0.770880533203125 0.894563056640625 0.770208478515625 0.927275115234375 0.776249052734375 0.94200752734375 0.78275716015625 0.96231693359375 0.783111662109375 0.9694425546875 0.77776645703125 0.9803920234375 0.777176212890625 0.988107890625 0.7827804765625 0.995124435546875 0.7836843203125 0.996256115234375 0.7188504453125 0.99165113671875 0.7140818515625 0.991033623046875 0.70469464453125 0.975997294921875 0.67083331640625 0.96452575390625 0.6565684375 0.959907140625 0.652580974609375 0.94300964453125 0.650723291015625
2 0.176514544921875 0.634218591796875 0.172912806640625 0.661503638671875 0.164733359375 0.682457830078125 0.157966193359375 0.71203173046875 0.156926001953125 0.7268595859375 0.159846005859375 0.73863108984375 0.1629159921875 0.74181015234375 0.17457841796875 0.7451391953125 0.17197596484375 0.75993978125 0.175073220703125 0.76155658203125 0.1774438828125 0.760035224609375 0.17752569140625 0.7553484375 0.175359548828125 0.745152830078125 0.18268969140625 0.72809066015625 0.18615508203125 0.708616923828125 0.19707728125 0.70958894140625 0.20249066015625 0.712808908203125 0.20957537890625 0.709807095703125 0.235311796875 0.71260043359375 0.239176548828125 0.715012 0.241356326171875 0.7244264765625 0.23953500390625 0.739240697265625 0.242509546875 0.74788767578125 0.24481203515625 0.75027197265625 0.253390841796875 0.7512030859375 0.253186322265625 0.76292005078125 0.257078341796875 0.76376935546875 0.25740557421875 0.7450222109375 0.26488569921875 0.719367599609375 0.266966078125 0.689711890625 0.27025421875 0.680392857421875 0.264455115234375 0.65450645703125 0.2553815078125 0.637157958984375 0.246130646484375 0.629964162109375 0.20784159375 0.630077193359375 0.187586724609375 0.62659816796875 0.182899939453125 0.626516359375 0.178953380859375 0.628791580078125 0.176514544921875 0.634218591796875
5 0.329549822265625 0.506401208984375 0.32400009765625 0.510992552734375 0.319081521484375 0.524189970703125 0.320384724609375 0.53905873046875 0.3337866640625 0.53226033984375 0.345476359375 0.534027123046875 0.340294771484375 0.5175279296875 0.345858130859375 0.512155455078125 0.348406044921875 0.50047939453125 0.338360419921875 0.49405309375 0.336017025390625 0.49401219140625 0.331248431640625 0.49861716796875 0.329549822265625 0.506401208984375
5 0.319276361328125 0.557792240234375 0.313631193359375 0.5678515 0.306601013671875 0.567728787109375 0.305751708984375 0.57162080859375 0.30884896484375 0.573237609375 0.3056426328125 0.57786985546875 0.295447025390625 0.580035998046875 0.28927978515625 0.575240134765625 0.281482109375 0.57432265625 0.271259232421875 0.578051060546875 0.27198582421875 0.58118921875 0.275110349609375 0.5812437578125 0.2827853125 0.589191416015625 0.28503326171875 0.594700236328125 0.29359843359375 0.59641248046875 0.291145962890625 0.602620625 0.2949834453125 0.606594453125 0.284774203125 0.6095417265625 0.284047611328125 0.60640356640625 0.28093672265625 0.605567896484375 0.2808549140625 0.61025468359375 0.31985692578125 0.61406094140625 0.344099255859375 0.61292135546875 0.350112560546875 0.58177155859375 0.349259302734375 0.5411254765625 0.343927732421875 0.53321872265625 0.338473451171875 0.5323421484375 0.334567794921875 0.532273974609375 0.32037108984375 0.539839861328125 0.319276361328125 0.557792240234375
4 0.393228701171875 0.618467126953125 0.39945048046875 0.620138466796875 0.40495930078125 0.617890515625 0.40427361328125 0.61240896484375 0.400395228515625 0.610778529296875 0.39961409765625 0.61076489453125 0.39173461328125 0.614534203125 0.393228701171875 0.618467126953125
4 0.595432556640625 0.628247560546875 0.5996245390625 0.611911982421875 0.595827962890625 0.60559476171875 0.590360044921875 0.605499318359375 0.590019177734375 0.62502759375 0.595432556640625 0.628247560546875
1 0.626841412109375 0.619419376953125 0.633721611328125 0.628134529296875 0.67355929296875 0.6288298984375 0.67362746484375 0.624924244140625 0.66670636328125 0.618552482421875 0.648027392578125 0.614319595703125 0.635138732421875 0.614094623046875 0.63084251171875 0.6140196328125 0.626895951171875 0.6162948515625 0.626841412109375 0.619419376953125
3 0.504377142578125 0.562585923828125 0.50348693359375 0.568821337890625 0.5080510078125 0.57593332421875 0.52681178515625 0.57547942578125 0.53469126953125 0.5717101171875 0.535731458984375 0.556882263671875 0.53111284765625 0.55289480078125 0.517638337890625 0.5526596015625 0.513146833984375 0.552581203125 0.507651646484375 0.554048021484375 0.504377142578125 0.562585923828125
3 0.69937356640625 0.58239834765625 0.703978544921875 0.587166943359375 0.723506818359375 0.587507810546875 0.7243697578125 0.582834658203125 0.719051822265625 0.5741467734375 0.70658099609375 0.572366357421875 0.702675341796875 0.57229818359375 0.697152884765625 0.575327265625 0.69937356640625 0.58239834765625
0 0.504435634765625 0.603999501953125 0.499789751953125 0.60157430078125 0.502092240234375 0.60395859765625 0.4925686875 0.612387423828125 0.482345810546875 0.616115826171875 0.4830451328125 0.620816248046875 0.492391435546875 0.622542126953125 0.502423427734375 0.629749556640625 0.510988599609375 0.631461798828125 0.554731935546875 0.632225341796875 0.561062791015625 0.627647634765625 0.568311125 0.61527225 0.56776178515625 0.601979388671875 0.560827048828125 0.596388759765625 0.538228787109375 0.592868828125 0.531198609375 0.5927461171875 0.513972822265625 0.594789546875 0.504435634765625 0.603999501953125
0 0.349604123046875 0.566135302734375 0.351892978515625 0.56930073046875 0.378505970703125 0.566639787109375 0.38572703515625 0.5558266640625 0.38580884375 0.55113987890625 0.385082251953125 0.54800171875 0.376907646484375 0.54629629296875 0.371830294921875 0.54620766796875 0.3505216015625 0.558337626953125 0.349604123046875 0.566135302734375