2 1 0.60085309765625 0.991349482421875 0.588730892578125 0.978996220703125 0.579422041015625 0.966182953125 0.5780671171875 0.96386201171875 0.578393302734375 0.8924564921875 0.592373333984375 0.866984697265625 0.61883206640625 0.87421936328125 0.69276344140625 0.880805822265625 0.71156096875 0.9109655078125 0.712844796875 0.920249271484375 0.711540048828125 0.925894802734375 0.706801982421875 0.93274889453125 0.705049775390625 0.96765919140625 0.706454875 0.97372709375 0.710335654296875 0.980798646484375 0.710130740234375 1 0.7074321640625 1 0.60085309765625
2 0.2014936015625 0.6831704140625 0.20220452734375 0.710682970703125 0.195020080078125 0.760606203125 0.1965297421875 0.776961517578125 0.20235509765625 0.790343517578125 0.2169331171875 0.79302827734375 0.21667802734375 0.808053755859375 0.22142863671875 0.808175029296875 0.217706763671875 0.792919548828125 0.22306373828125 0.769287767578125 0.221215345703125 0.75613576953125 0.229616734375 0.75416610546875 0.240991435546875 0.7565121328125 0.245972048828125 0.752656443359375 0.255255810546875 0.7513516953125 0.276023005859375 0.753166623046875 0.280058521484375 0.776267302734375 0.284457857421875 0.7851161484375 0.287104984375 0.78711090234375 0.294732724609375 0.785249966796875 0.296932392578125 0.789674390625 0.299253333984375 0.789348203125 0.298396046875 0.77763476953125 0.302460818359375 0.73919496875 0.297894201171875 0.706701798828125 0.29152519921875 0.689451564453125 0.2798493984375 0.673736080078125 0.274555142578125 0.669746572265625 0.265610111328125 0.66784800390625 0.2294661640625 0.67450555859375 0.2112373671875 0.67391173828125 0.2073691328125 0.6744553828125 0.203053439453125 0.677428697265625 0.2014936015625 0.6831704140625
5 0.306910287109375 0.57999515234375 0.306789013671875 0.58474576171875 0.310862162109375 0.59127366796875 0.310184701171875 0.59768030078125 0.29556905078125 0.611568314453125 0.289789703125 0.626581248046875 0.33842073046875 0.61895767578125 0.3441624453125 0.620517513671875 0.3472319453125 0.63113111328125 0.352756203125 0.63114365625 0.356854439453125 0.626623048828125 0.356214609375 0.61645691015625 0.343547703125 0.599302859375 0.32886095703125 0.595844453125 0.331545716796875 0.58126643359375 0.32990223828125 0.57518598828125 0.3196399140625 0.5695279140625 0.31731897265625 0.569854099609375 0.309243771484375 0.57414470703125 0.306910287109375 0.57999515234375
5 0.28339978125 0.569887564453125 0.275855681640625 0.5835706640625 0.275395677734375 0.591524591796875 0.30733266015625 0.58861399609375 0.3056891796875 0.58253355078125 0.311238525390625 0.571497580078125 0.310694880859375 0.56762934375 0.308495212890625 0.563204921875 0.303418416015625 0.56076270703125 0.29645559375 0.561741267578125 0.286059453125 0.566358060546875 0.28339978125 0.569887564453125
4 0.41219319921875 0.633046392578125 0.42379790234375 0.631415458984375 0.424136634765625 0.628212142578125 0.41972475390625 0.624887552734375 0.417403814453125 0.62521373828125 0.41098463671875 0.63006053515625 0.41219319921875 0.633046392578125
4 0.61442869140625 0.612513326171875 0.61984421875 0.61175222265625 0.618238373046875 0.58909900390625 0.614043951171875 0.587321708984375 0.610175716796875 0.587865353515625 0.61244648046875 0.609636197265625 0.61442869140625 0.612513326171875
0 0.532497380859375 0.5908930546875 0.520311400390625 0.605228525390625 0.514013494140625 0.6053247109375 0.500618951171875 0.61667432421875 0.50127132421875 0.62131620703125 0.52909752734375 0.628450478515625 0.575516341796875 0.62192673828125 0.58027949609375 0.61652375390625 0.584946466796875 0.604822865234375 0.58277188671875 0.589349927734375 0.57515669140625 0.585686607421875 0.5557067890625 0.58763118359375 0.549082697265625 0.585406427734375 0.54753540234375 0.58562388671875 0.532171193359375 0.58857211328125 0.532497380859375 0.5908930546875
0 0.355612412109375 0.589717998046875 0.391200169921875 0.58471646484375 0.396979517578125 0.569703529296875 0.393897474609375 0.5646141875 0.386052275390625 0.56492783203125 0.38141039453125 0.565580205078125 0.359940650390625 0.58122042578125 0.355612412109375 0.589717998046875
1 0.64473473828125 0.59799802734375 0.650572638671875 0.60585576953125 0.681627244140625 0.6022802578125 0.69036736328125 0.597107275390625 0.68076995703125 0.59056682421875 0.65145248046875 0.591531416015625 0.64706822265625 0.592147583984375 0.64419109375 0.59412979296875 0.64473473828125 0.59799802734375
3 0.714220767578125 0.553519580078125 0.722283423828125 0.55475323046875 0.734553044921875 0.552239919921875 0.733791943359375 0.546824392578125 0.728062771484375 0.539740296875 0.71922646875 0.538615375 0.7145845859375 0.539267748046875 0.7071743046875 0.542675978515625 0.714220767578125 0.553519580078125
3 0.514210033203125 0.567428556640625 0.518948099609375 0.5730740859375 0.536741978515625 0.5705733203125 0.545482095703125 0.565400337890625 0.54429862109375 0.551365962890625 0.536574697265625 0.54692899609375 0.535909779296875 0.54781137109375 0.51523876953125 0.55229434765625 0.514210033203125 0.567428556640625