2 1 0.648035923828125 0.9890750859375 0.62869734765625 0.9730685546875 0.612587162109375 0.9588223203125 0.610450724609375 0.958097470703125 0.6112845703125 0.888119740234375 0.618527361328125 0.87608616796875 0.62563409375 0.860700833984375 0.640806779296875 0.8565152265625 0.648147884765625 0.859779720703125 0.661233291015625 0.8585533515625 0.69969377734375 0.8612401015625 0.726916421875 0.865120451171875 0.7376092890625 0.899847693359375 0.741446185546875 0.91739119140625 0.7347373203125 0.95211843359375 0.738574216796875 0.963410771484375 0.74326668359375 0.985232484375 0.74174076171875 0.991865126953125 0.735794857421875 1 0.734639177734375 1 0.648035923828125
2 0.19036987890625 0.67515036328125 0.187579474609375 0.68004443359375 0.188178943359375 0.68861725 0.18533404296875 0.69273197265625 0.177802015625 0.741814443359375 0.177894623046875 0.754338490234375 0.182663314453125 0.7665355546875 0.186778037109375 0.76938045703125 0.19785238671875 0.770955537109375 0.201166037109375 0.75114487890625 0.210409205078125 0.74893221875 0.2181645625 0.736642544921875 0.237539240234375 0.733721419921875 0.2556277109375 0.734806025390625 0.258908591796875 0.736926076171875 0.261213861328125 0.75869329296875 0.265094208984375 0.76938616015625 0.266816396484375 0.77161520703125 0.277727251953125 0.77085224609375 0.28479053125 0.737465708984375 0.283913234375 0.691320748046875 0.2797603984375 0.676731146484375 0.269988642578125 0.660184984375 0.263263392578125 0.65360683984375 0.253693240234375 0.65114341796875 0.218731625 0.65515448828125 0.199029962890625 0.65339953125 0.194353880859375 0.653726515625 0.190168275390625 0.66106762109375 0.19036987890625 0.67515036328125
5 0.171933060546875 0.534688041015625 0.179748255859375 0.556853123046875 0.161806892578125 0.5690719140625 0.157059927734375 0.579584904296875 0.154073259765625 0.604071642578125 0.150214638671875 0.616088830078125 0.16424822265625 0.6487832890625 0.175251689453125 0.660544375 0.177011986328125 0.674518123046875 0.179568015625 0.677472017578125 0.178717787109375 0.6877125234375 0.183557359375 0.689723580078125 0.184827181640625 0.696683205078125 0.18939426953125 0.69479752734375 0.1906804765625 0.690791798828125 0.18640226171875 0.68560885546875 0.18607527734375 0.680932775390625 0.18881118359375 0.675259357421875 0.190620638671875 0.65633704296875 0.193520037109375 0.653001666015625 0.209886322265625 0.651857224609375 0.227936681640625 0.641197126953125 0.22934826953125 0.62778473828125 0.235871916015625 0.620280140625 0.22709215625 0.573121458984375 0.21520034765625 0.55985617578125 0.20218582421875 0.552934662109375 0.20332492578125 0.5356255390625 0.200387416015625 0.52721621484375 0.19215796875 0.521526412109375 0.18748188671875 0.52185339453125 0.182805806640625 0.52218037890625 0.17388962109375 0.52906912109375 0.171933060546875 0.534688041015625
5 0.2924429609375 0.533309587890625 0.287134638671875 0.546994462890625 0.28565216796875 0.570592859375 0.292306537109375 0.58735701171875 0.29892279296875 0.5923764609375 0.303473494140625 0.601456138671875 0.328973953125 0.596540341796875 0.328537974609375 0.59030556640625 0.338631373046875 0.577852400390625 0.3389747421875 0.57156312890625 0.3372144453125 0.557589380859375 0.331393921875 0.541550080078125 0.322619501953125 0.528066806640625 0.31767093359375 0.524497056640625 0.312793248046875 0.510741298828125 0.307899177734375 0.50795089453125 0.300885056640625 0.508441369140625 0.294306912109375 0.515166619140625 0.2924429609375 0.533309587890625
4 0.403126244140625 0.626597205078125 0.415595794921875 0.62572525 0.41532330859375 0.621828515625 0.4112085859375 0.61898361328125 0.408870544921875 0.61914710546875 0.40212891015625 0.62353431640625 0.403126244140625 0.626597205078125
0 0.3659793984375 0.565758990234375 0.355395525390625 0.571198033203125 0.3509919296875 0.575421751953125 0.350485068359375 0.579372982421875 0.3855556796875 0.576920607421875 0.391081990234375 0.566353119140625 0.390646013671875 0.56011834375 0.388869330078125 0.557109951171875 0.382525560546875 0.555987234375 0.38018751953125 0.5561507265625 0.3717781953125 0.559088236328125 0.3659793984375 0.565758990234375
0 0.517941001953125 0.599772791015625 0.513428412109375 0.602437814453125 0.507139138671875 0.6020944453125 0.4992202890625 0.612046078125 0.494653203125 0.613931755859375 0.49180830078125 0.618046478515625 0.49280563671875 0.621109369140625 0.515335814453125 0.62971495703125 0.566047861328125 0.626951982421875 0.572626005859375 0.620226732421875 0.577372970703125 0.6097137421875 0.5763375234375 0.594906150390625 0.56899641796875 0.59072054296875 0.554188826171875 0.5917559921875 0.542950986328125 0.58784287109375 0.542226134765625 0.58867671484375 0.524355654296875 0.5907095 0.517941001953125 0.599772791015625
1 0.637600671875 0.608634841796875 0.641987880859375 0.6153764765625 0.645993611328125 0.616662685546875 0.674829447265625 0.614646287109375 0.682295931640625 0.609425232421875 0.6756251796875 0.603626435546875 0.670060755859375 0.60244922265625 0.644763326171875 0.60186871875 0.64028208203125 0.602182076171875 0.636548837890625 0.604792603515625 0.637600671875 0.608634841796875
4 0.603690888671875 0.6164881484375 0.60708076171875 0.62016689453125 0.61175684375 0.61983991015625 0.6117351171875 0.59712985546875 0.606895544921875 0.595118798828125 0.60455750390625 0.595282291015625 0.602382955078125 0.597783822265625 0.603690888671875 0.6164881484375
3 0.5105945546875 0.561911775390625 0.51380455078125 0.574217833984375 0.53930501171875 0.569302037109375 0.54204091796875 0.563628619140625 0.53971926171875 0.5528267578125 0.5356045390625 0.54998185546875 0.521576294921875 0.550962806640625 0.516900212890625 0.551289791015625 0.512333125 0.553175466796875 0.5105945546875 0.561911775390625
3 0.711578791015625 0.56900284765625 0.73033761328125 0.568474259765625 0.7299561328125 0.56301883203125 0.723121888671875 0.554881994140625 0.7128813828125 0.554031763671875 0.707425955078125 0.554413244140625 0.702913365234375 0.55707826953125 0.711578791015625 0.56900284765625