2 0 0.77421875 0.00703125 0.77421875 0.015625 0.76875 0.0234375 0.76875 0.0359375 0.77578125 0.0546875 0.775 0.06796875 0.76875 0.10078125 0.76328125 0.10703125 0.7640625 0.1140625 0.76875 0.15078125 0.76328125 0.1546875 0.7546875 0.15625 0.72734375 0.15390625 0.7234375 0.1546875 0.671875 0.15234375 0.6671875 0.1234375 0.64609375 0.0609375 0.64296875 0.05598984375 0.64296875 0.0375 0.64453125 0.0265625 0.65546875 0.0046875 0.696875 0.00390625 0.7046875 0 0.70703125 0 0.77421875
2 0.7390625 0.6515625 0.7328125 0.659375 0.72890625 0.67578125 0.72890625 0.70859375 0.7328125 0.73125 0.73828125 0.746875 0.7375 0.76796875 0.74140625 0.76796875 0.74140625 0.75625 0.74375 0.75390625 0.7515625 0.7546875 0.753125 0.75234375 0.75546875 0.74453125 0.7546875 0.728125 0.75859375 0.71796875 0.77890625 0.71484375 0.7875 0.71484375 0.79375 0.71796875 0.81015625 0.7140625 0.81328125 0.734375 0.81953125 0.75 0.83515625 0.7453125 0.8390625 0.73125 0.83515625 0.70078125 0.82421875 0.6671875 0.821875 0.64375 0.81875 0.634375 0.8140625 0.63203125 0.8109375 0.63203125 0.790625 0.63515625 0.75 0.63515625 0.74375 0.63984375 0.7390625 0.6515625
4 0.60625 0.615625 0.59921875 0.6125 0.59609375 0.6125 0.59140625 0.61953125 0.596875 0.621875 0.6046875 0.6203125 0.60625 0.615625
4 0.39609375 0.60390625 0.39296875 0.60078125 0.38984375 0.60078125 0.38515625 0.6046875 0.3859375 0.61640625 0.39609375 0.6125 0.39609375 0.60390625
5 0.3796875 0.7015625 0.38203125 0.70390625 0.38671875 0.725 0.37890625 0.75390625 0.3859375 0.75859375 0.40703125 0.75625 0.41484375 0.75078125 0.4109375 0.73984375 0.4 0.73671875 0.41328125 0.71953125 0.40703125 0.6859375 0.40703125 0.671875 0.40078125 0.66796875 0.37421875 0.66796875 0.36953125 0.66796875 0.36640625 0.7 0.36875 0.703125 0.3765625 0.7046875 0.3796875 0.7015625
5 0.35859375 0.73515625 0.35859375 0.72734375 0.353125 0.7234375 0.3484375 0.7234375 0.3453125 0.74375 0.35078125 0.74609375 0.35546875 0.74375 0.35859375 0.73515625
5 0.32109375 0.6 0.30390625 0.6109375 0.29765625 0.61796875 0.29296875 0.63984375 0.3203125 0.64296875 0.35546875 0.64140625 0.36015625 0.64375 0.36484375 0.65703125 0.3875 0.64921875 0.39375 0.6421875 0.396875 0.615625 0.3875 0.6171875 0.37578125 0.6265625 0.37265625 0.6265625 0.365625 0.61953125 0.3625 0.60859375 0.35 0.6109375 0.34453125 0.60859375 0.34375 0.60390625 0.35 0.58828125 0.3484375 0.57265625 0.340625 0.56640625 0.33203125 0.565625 0.33046875 0.565625 0.32109375 0.56875 0.31640625 0.57421875 0.315625 0.58828125 0.32109375 0.6
5 0.65546875 0.5828125 0.66484375 0.60703125 0.6734375 0.6171875 0.68828125 0.615625 0.68984375 0.60625 0.69375 0.60078125 0.70703125 0.6 0.7078125 0.59765625 0.69140625 0.5828125 0.68828125 0.56953125 0.67421875 0.5609375 0.66796875 0.55234375 0.6609375 0.54765625 0.66015625 0.54765625 0.6484375 0.5515625 0.64296875 0.5578125 0.646875 0.5765625 0.65546875 0.5828125
3 0.471875 0.575 0.49140625 0.57578125 0.4953125 0.56875 0.49453125 0.5625 0.49140625 0.55390625 0.4859375 0.55234375 0.4814453125 0.55234375 0.46796875 0.55234375 0.4640625 0.55546875 0.46328125 0.57109375 0.471875 0.575
3 0.2953125 0.58359375 0.30234375 0.57109375 0.29609375 0.56875 0.291015625 0.56875 0.28046875 0.5703125 0.275 0.57890625 0.275 0.58359375 0.2953125 0.58359375
0 0.63671875 0.5703125 0.64140625 0.56015625 0.6265625 0.54921875 0.621875 0.54921875 0.6125 0.5515625 0.61484375 0.56328125 0.62265625 0.5703125 0.63671875 0.5703125
0 0.43046875 0.615625 0.43515625 0.62421875 0.44296875 0.63125 0.4890625 0.63125 0.515625 0.6203125 0.515625 0.615625 0.5046875 0.6109375 0.4984375 0.6015625 0.4890625 0.60078125 0.484375 0.59375 0.4765625 0.59453125 0.4640625 0.59140625 0.46328125 0.590625 0.45625 0.59375 0.43828125 0.5953125 0.43125 0.6 0.43046875 0.615625