2 0.115329533203125 0.833025818359375 0.14533929296875 0.822735822265625 0.162399056640625 0.82557073828125 0.196266974609375 0.814669669921875 0.19894133203125 0.801590279296875 0.19604653125 0.778319119140625 0.1857110078125 0.738033720703125 0.18582604296875 0.723777708984375 0.182900076171875 0.7202861953125 0.1652675859375 0.7088411171875 0.15092770703125 0.703202447265625 0.088708328125 0.70989307421875 0.0838215859375 0.71066705859375 0.068768123046875 0.71384228125 0.06178509375 0.71969421484375 0.0530598984375 0.734522953125 0.042110857421875 0.770269611328125 0.042156380859375 0.78054525 0.03878708203125 0.78424284765625 0.04905309375 0.84905989453125 0.05599777734375 0.84795996484375 0.062858591796875 0.841336400390625 0.071346537109375 0.839992041015625 0.079918353515625 0.844171318359375 0.096244830078125 0.8423764453125 0.115329533203125 0.833025818359375
2 0.77396737109375 0.70656016015625 0.776495529296875 0.727516423828125 0.78023147265625 0.726133720703125 0.778398255859375 0.714559248046875 0.788307251953125 0.712198830078125 0.79001107421875 0.70797402734375 0.787521259765625 0.682265759765625 0.788209021484375 0.67661991015625 0.793243798828125 0.673449513671875 0.817569365234375 0.6672237578125 0.823459642578125 0.669454783203125 0.839052833984375 0.663030123046875 0.85482812109375 0.697708015625 0.85727241015625 0.713140646484375 0.860886138671875 0.7109863125 0.857143015625 0.697341373046875 0.86952746484375 0.690633939453125 0.87167462109375 0.679220025390625 0.8677254140625 0.6592798203125 0.85751928515625 0.6347936953125 0.845609333984375 0.614532373046875 0.84580823828125 0.60579999609375 0.842110640625 0.602430697265625 0.83812308984375 0.58724249609375 0.8358465390625 0.582857134765625 0.830850107421875 0.58127552734375 0.82699194921875 0.581886599609375 0.808961650390625 0.587906271484375 0.7688368125 0.594261421875 0.76274762890625 0.600762771484375 0.759301640625 0.613964376953125 0.754877935546875 0.6209929296875 0.752615744140625 0.646662853515625 0.756557771484375 0.65157541796875 0.7572143671875 0.665709212890625 0.76335625390625 0.68451114453125 0.77396737109375 0.70656016015625
5 1 0.548215359375 0.961768677734375 0.52890052734375 0.949300359375 0.530084326171875 0.94373837890625 0.53492019921875 0.93910858984375 0.535653486328125 0.92029948046875 0.52676773046875 0.915283875 0.527562125 0.91026826953125 0.528356517578125 0.901092560546875 0.5353467265625 0.8987009765625 0.545217376953125 0.907073888671875 0.558129029296875 0.9188544453125 0.562591078125 0.91792225390625 0.566693666015625 0.9234914140625 0.57688543359375 0.957007046875 0.59372475390625 0.9850829140625 0.616171578125 1 0.622588375 1 0.548215359375
5 0.415072560546875 0.583058162109375 0.418892375 0.58719909375 0.415568599609375 0.601172330078125 0.42805127734375 0.630043814453125 0.4486408984375 0.625200763671875 0.4488781484375 0.6117163828125 0.4581760703125 0.605497806640625 0.460651525390625 0.601150791015625 0.459429380859375 0.5934344765625 0.461499845703125 0.5915245703125 0.4575578203125 0.5866120078125 0.45986553515625 0.57121772265625 0.46482362109375 0.577551333984375 0.46369252734375 0.590386294921875 0.466862921875 0.595421072265625 0.4783151796875 0.592816224609375 0.48330443359375 0.57937019140625 0.465947537109375 0.549688728515625 0.447421201171875 0.537594234375 0.4466879140625 0.5329644453125 0.44299031640625 0.52959514453125 0.442333720703125 0.51546134765625 0.434694095703125 0.507179486328125 0.427749412109375 0.508279416015625 0.4229590625 0.51299307421875 0.421499669921875 0.518761138671875 0.425204447265625 0.537158080078125 0.410222330078125 0.5474408984375 0.373128865234375 0.607894123046875 0.3739843671875 0.613295544921875 0.378736369140625 0.613333888671875 0.38884426953125 0.602241095703125 0.403138625 0.597604126953125 0.415072560546875 0.583058162109375
0 0.533520365234375 0.61175717578125 0.5300671953125 0.609931138671875 0.523000298828125 0.6102594375 0.511341955078125 0.60656901953125 0.497284849609375 0.597721607421875 0.485343734375 0.5972399296875 0.4807139453125 0.597973216796875 0.4616675859375 0.60257183984375 0.44900036328125 0.612488015625 0.450184162109375 0.624956333984375 0.459084275390625 0.6362025078125 0.465868400390625 0.639082951171875 0.50367834375 0.633094443359375 0.5164294375 0.628701904296875 0.52393966796875 0.6211844921875 0.53425365234375 0.61638696484375 0.533520365234375 0.61175717578125
0 0.6203577109375 0.530769478515625 0.6193033046875 0.53410043359375 0.621174865234375 0.540922904296875 0.628042859375 0.54932698046875 0.662116861328125 0.544721177734375 0.665608375 0.5417952109375 0.639892927734375 0.529257380859375 0.628601228515625 0.527881857421875 0.627829595703125 0.528004072265625 0.6203577109375 0.530769478515625
4 0.62302962109375 0.597580302734375 0.615596080078125 0.59559370703125 0.613281185546875 0.595960349609375 0.609506896484375 0.602095056640625 0.616291021484375 0.604975498046875 0.62221964453125 0.60245451953125 0.62302962109375 0.597580302734375
1 0.367008517578125 0.634175119140625 0.351537541015625 0.641371412109375 0.34751882421875 0.64596285546875 0.348374326171875 0.65136427734375 0.38399158984375 0.646514044921875 0.387605318359375 0.644359708984375 0.391135177734375 0.63668173828125 0.38861419921875 0.630753115234375 0.3842930625 0.631437517578125 0.367008517578125 0.634175119140625
4 0.417576734375 0.63882171484375 0.4216793203125 0.63975390625 0.426630228515625 0.631059875 0.419433935546875 0.615588900390625 0.41634741015625 0.6160777578125 0.412450908203125 0.621440833984375 0.413306408203125 0.62684225390625 0.417576734375 0.63882171484375
3 0.29084706640625 0.617762326171875 0.30936622265625 0.6148291796875 0.31447769140625 0.60215477734375 0.308587412109375 0.59992375390625 0.304343439453125 0.600595931640625 0.294942474609375 0.603666875 0.29011378125 0.613132537109375 0.29084706640625 0.617762326171875
3 0.4744426640625 0.563372013671875 0.485619328125 0.579003546875 0.502595220703125 0.576314830078125 0.505192888671875 0.572739447265625 0.5000670625 0.555358564453125 0.495070630859375 0.55377695703125 0.4909038203125 0.5544369140625 0.473587162109375 0.557970591796875 0.4744426640625 0.563372013671875