2 0 0.700026677734375 0.01934323828125 0.703090345703125 0.032789271484375 0.69810109375 0.06130129296875 0.6978710234375 0.069017609375 0.69909316796875 0.075229005859375 0.70482288671875 0.0829453203125 0.70604503125 0.113894451171875 0.70540997265625 0.1199908125 0.696883681640625 0.128912466796875 0.640554580078125 0.12765915625 0.62849125 0.131524494140625 0.6140746796875 0.117115103515625 0.595181701171875 0.10521951171875 0.585387740234375 0.04474948046875 0.572646275390625 0.04031259765625 0.571943541015625 0.027001955078125 0.569835341796875 0.01534361328125 0.57352576171875 0.001569279296875 0.585581912109375 0 0.587868359375 0 0.700026677734375
2 0.69377072265625 0.764822828125 0.69704897265625 0.789071703125 0.693878576171875 0.79410648046875 0.6941996953125 0.802067224609375 0.69651458984375 0.8024338671875 0.697492306640625 0.79626081640625 0.69542183984375 0.794350908203125 0.6993638671875 0.789438345703125 0.7086234453125 0.790904919921875 0.711549412109375 0.787413404296875 0.71586526171875 0.7651583046875 0.719524515625 0.757037001953125 0.724520947265625 0.75545539453125 0.73954858984375 0.75546257421875 0.75615783984375 0.760466185546875 0.77362258984375 0.760068376953125 0.772721564453125 0.775745435546875 0.775434267578125 0.793576830078125 0.77738251953125 0.796258369140625 0.79163853125 0.796143333984375 0.79822375 0.784530515625 0.8001408359375 0.767432408203125 0.79419540625 0.7150765 0.796074146484375 0.693226388671875 0.79380477734375 0.682584107421875 0.789541630859375 0.67953592578125 0.785683474609375 0.678924853515625 0.772076880859375 0.679933734375 0.72655062109375 0.67272308203125 0.718750435546875 0.67702457421875 0.712287431640625 0.687865759765625 0.70501444921875 0.693832728515625 0.69968971875 0.702481234375 0.695702166015625 0.717669435546875 0.69740598828125 0.721894236328125 0.693945640625 0.738747916015625 0.69377072265625 0.764822828125
5 0.941335044921875 0.819852931640625 0.9504340625 0.8173391328125 0.94539928515625 0.81416873828125 0.94730919140625 0.812098271484375 0.94316826171875 0.808278458984375 0.94507816796875 0.806207994140625 0.940165603515625 0.802265966796875 0.940127259765625 0.797513962890625 0.944474275390625 0.795038509765625 0.931600966796875 0.7914176015625 0.926245072265625 0.7802864609375 0.928926609375 0.778338208984375 0.93753676953125 0.7789109375 0.96007464453125 0.78643552734375 0.966185365234375 0.747853951171875 0.9600123125 0.746876236328125 0.9561925 0.75101716796875 0.960577861328125 0.753293716796875 0.95931737109375 0.756258029296875 0.917771484375 0.748886818359375 0.9082674765625 0.7489635078125 0.90213276953125 0.752737796875 0.898061349609375 0.7734496328125 0.90479994921875 0.780844830078125 0.919889921875 0.82041130078125 0.941335044921875 0.819852931640625
5 0.97119615625 0.71621705859375 0.974740375 0.69383974609375 0.973968744140625 0.69371753125 0.96397587890625 0.69688074609375 0.941231921875 0.695651423828125 0.902894775390625 0.687997439453125 0.89566731640625 0.68368876953125 0.889494265625 0.682711052734375 0.8849028203125 0.68672976953125 0.88518559375 0.689938509765625 0.89074757421875 0.6947743828125 0.961692150390625 0.71629375 0.97119615625 0.71621705859375
5 0.384142685546875 0.5473020390625 0.36314089453125 0.55504951953125 0.35655567578125 0.566662337890625 0.35521131640625 0.57515028515625 0.38518273046875 0.580688279296875 0.396146130859375 0.58637965234375 0.412434263671875 0.58342251953125 0.416254076171875 0.57928158984375 0.4158107421875 0.5720924765625 0.391087369140625 0.54840196875 0.384142685546875 0.5473020390625
0 0.623355634765625 0.570160869140625 0.61446269921875 0.56637940234375 0.611376173828125 0.565890544921875 0.604958693359375 0.566456091796875 0.602926572265625 0.569298189453125 0.60219328515625 0.573927978515625 0.607954169921875 0.5874962265625 0.6395910625 0.592507017578125 0.641294884765625 0.596731818359375 0.64604688671875 0.596693474609375 0.63784889453125 0.583530212890625 0.62777933984375 0.577189421875 0.623355634765625 0.570160869140625
0 0.4879247578125 0.61119880859375 0.480536740234375 0.602909765625 0.482568861328125 0.60006766796875 0.478344060546875 0.601771490234375 0.474852546875 0.5988455234375 0.47067326953125 0.59027370703125 0.462834740234375 0.5898231953125 0.451749125 0.584903453125 0.4471193359375 0.584170166015625 0.421571626953125 0.585660724609375 0.41454307421875 0.5900844296875 0.413237060546875 0.603324380859375 0.4189979453125 0.61689262890625 0.423138875 0.62071244140625 0.469436767578125 0.628045306640625 0.496611609375 0.62127554296875 0.49787209765625 0.61831123046875 0.49539664453125 0.61396421484375 0.4879247578125 0.61119880859375
1 0.315117642578125 0.588574779296875 0.309510138671875 0.594014544921875 0.31133617578125 0.59746771484375 0.31584375 0.5989726328125 0.347602857421875 0.60321179296875 0.35434863671875 0.59557934765625 0.354959708984375 0.591721189453125 0.342086400390625 0.58810028125 0.338228244140625 0.587489208984375 0.315117642578125 0.588574779296875
4 0.38022464453125 0.587021890625 0.378391427734375 0.59859636328125 0.379889166015625 0.6091164296875 0.383869537109375 0.60895587109375 0.383953408203125 0.603432236328125 0.388300421875 0.60095678125 0.390011423828125 0.59015394140625 0.38676433984375 0.5856847109375 0.3844494453125 0.585318068359375 0.38022464453125 0.587021890625
4 0.586854150390625 0.630822626953125 0.58116995703125 0.626758384765625 0.577311798828125 0.6261473125 0.571826509765625 0.630815447265625 0.57816012109375 0.635773533203125 0.5864875078125 0.633137521484375 0.586854150390625 0.630822626953125
3 0.452206818359375 0.56203728125 0.462031943359375 0.5699213359375 0.47977946875 0.572732267578125 0.484615341796875 0.567170287109375 0.483973103515625 0.551248798828125 0.463383482421875 0.54640574609375 0.46184021875 0.546161318359375 0.4539178203125 0.551234439453125 0.452206818359375 0.56203728125
3 0.27217224609375 0.53510458203125 0.268879634765625 0.5409109921875 0.264654833984375 0.542614814453125 0.26457096484375 0.54813844921875 0.27679485546875 0.55086551171875 0.284877814453125 0.54977276171875 0.291990236328125 0.539825419921875 0.288620935546875 0.536127822265625 0.284762779296875 0.53551675 0.27217224609375 0.53510458203125