2 0.070395126953125 0.777071087890625 0.099982662109375 0.771085052734375 0.110137365234375 0.77090780078125 0.118030482421875 0.775458240234375 0.125060662109375 0.775335529296875 0.155429328125 0.769335859375 0.1598979609375 0.756755955078125 0.15613655859375 0.675559232421875 0.14262554296875 0.662511794921875 0.1260445390625 0.652643421875 0.064280650390625 0.650596037109375 0.06037499609375 0.6506642109375 0.04398487890625 0.651731669921875 0.03547424609375 0.6565684375 0.024756568359375 0.669257419921875 0.008198880859375 0.70548941015625 0.00755409765625 0.71331435546875 0.003716615234375 0.71728818359375 0.0048619296875 0.7829031875 0.011892109375 0.7827804765625 0.01805934765625 0.77798461328125 0.026638154296875 0.7770535 0.03768306640625 0.783111662109375 0.059554734375 0.782729890625 0.070395126953125 0.777071087890625
2 0.75518796484375 0.75027197265625 0.757490453125 0.74788767578125 0.7596975 0.740035462890625 0.7600423203125 0.715025634765625 0.78026991796875 0.70998434765625 0.7974820703125 0.711246646484375 0.81384491796875 0.708616923828125 0.81566623828125 0.72343114453125 0.822228884765625 0.741288080078125 0.8285188359375 0.74352239453125 0.8394001328125 0.740206986328125 0.843786955078125 0.722940294921875 0.84199290234375 0.709688337890625 0.827087193359375 0.661503638671875 0.823512724609375 0.63578085546875 0.821046619140625 0.628791580078125 0.817100060546875 0.626516359375 0.81319440625 0.626584533203125 0.79450180078125 0.630036291015625 0.755431615234375 0.62993689453125 0.748455974609375 0.633184130859375 0.743864630859375 0.63873385546875 0.73555851953125 0.655287587890625 0.731267138671875 0.6780221953125 0.735100666015625 0.71858646875 0.74508780078125 0.753573748046875 0.746581888671875 0.74964082421875 0.75518796484375 0.75027197265625
5 0.769758939453125 0.55545675390625 0.753904529296875 0.542450220703125 0.751356615234375 0.53077416015625 0.747396421875 0.52771780859375 0.7403662421875 0.527840521484375 0.734253541015625 0.535760908203125 0.7391721171875 0.548958328125 0.7152842890625 0.568128146484375 0.716174498046875 0.574363560546875 0.724862380859375 0.57968149609375 0.7357709453125 0.57792834765625 0.739731140625 0.58098469921875 0.74974949609375 0.572996138671875 0.77470478515625 0.570216435546875 0.769758939453125 0.55545675390625
5 0.729590072265625 0.58194308203125 0.728027810546875 0.581970349609375 0.7296309765625 0.584286474609375 0.7244221171875 0.59922340625 0.72540776953125 0.610926736328125 0.7472248984375 0.60742044140625 0.746239248046875 0.595717111328125 0.739222703125 0.596620953125 0.73681113671875 0.592756203125 0.739004548828125 0.584122857421875 0.734331396484375 0.584985796875 0.729590072265625 0.58194308203125
5 0.503389310546875 0.604644287109375 0.506336583984375 0.594435044921875 0.5018173671875 0.559352322265625 0.502284900390625 0.541372673828125 0.495009296875 0.52743502734375 0.488664806640625 0.522076189453125 0.49242048046875 0.51341557421875 0.4914893671875 0.504836767578125 0.477978349609375 0.491789330078125 0.47563495703125 0.491830234375 0.46715159375 0.498229263671875 0.460503185546875 0.52022364453125 0.443590998046875 0.536146228515625 0.444409078125 0.583014087890625 0.453987171875 0.5945674375 0.464100970703125 0.59204679296875 0.4735018125 0.593445439453125 0.494824138671875 0.606356529296875 0.498675255859375 0.60316383203125 0.503389310546875 0.604644287109375
4 0.40339090625 0.605608396484375 0.4011156875 0.609554955078125 0.40301881640625 0.6290559609375 0.409980822265625 0.62502759375 0.409639955078125 0.605499318359375 0.40339090625 0.605608396484375
4 0.60054951953125 0.620138466796875 0.606771298828125 0.618467126953125 0.60826538671875 0.614534203125 0.60038590234375 0.61076489453125 0.599604771484375 0.610778529296875 0.59572638671875 0.61240896484375 0.59504069921875 0.617890515625 0.60054951953125 0.620138466796875
0 0.513680361328125 0.612278345703125 0.5027172578125 0.61090696875 0.49168598046875 0.6056299375 0.470336384765625 0.5911565859375 0.46564959765625 0.591238392578125 0.4609628125 0.591320201171875 0.45634419921875 0.5953076640625 0.43762432421875 0.59719716015625 0.432224580078125 0.6011982578125 0.431688875 0.61527225 0.442911037109375 0.631485115234375 0.489806166015625 0.632229296875 0.51772236328125 0.620021482421875 0.5176405546875 0.6153346953125 0.513680361328125 0.612278345703125
0 0.612683431640625 0.554291671875 0.619055193359375 0.5612127734375 0.6207128984375 0.566653421875 0.659029220703125 0.56832871484375 0.65183542578125 0.559077853515625 0.62738857421875 0.546221302734375 0.6227017890625 0.546303111328125 0.615685244140625 0.547206953125 0.612683431640625 0.554291671875
1 0.349629212890625 0.6143605 0.33329363671875 0.618552482421875 0.32637253515625 0.624924244140625 0.32644070703125 0.6288298984375 0.36784065234375 0.628107259765625 0.373172220703125 0.6202005078125 0.373104048828125 0.6162948515625 0.36915748828125 0.6140196328125 0.365251833984375 0.614087806640625 0.349629212890625 0.6143605
3 0.282510439453125 0.574119505859375 0.27565751171875 0.584396919921875 0.276506814453125 0.58828894140625 0.288237416015625 0.58886555078125 0.296788953125 0.58637217578125 0.302079619140625 0.57612203125 0.30124394921875 0.573011140625 0.297324658203125 0.57229818359375 0.2918567421875 0.572393626953125 0.282510439453125 0.574119505859375