2 0 0.775 0.0078125 0.77421875 0.01484375 0.76875 0.02578125 0.76953125 0.0328125 0.775 0.05703125 0.775 0.06875 0.76875 0.1015625 0.76328125 0.11484375 0.76875 0.15078125 0.76328125 0.15546875 0.7546875 0.15703125 0.71953125 0.15390625 0.70234375 0.15390625 0.6703125 0.13671875 0.65390625 0.1234375 0.64609375 0.06015625 0.64296875 0.05546875 0.64296875 0.0359375 0.6453125 0.0265625 0.65546875 0.0046875 0.69765625 0.0046875 0.703125 0 0.70859375 0 0.775
2 0.7421875 0.6421875 0.7390625 0.65234375 0.7328125 0.6609375 0.72890625 0.6765625 0.72890625 0.70703125 0.7390625 0.7546875 0.7375 0.75703125 0.74296875 0.75390625 0.75234375 0.753125 0.75625 0.74296875 0.75703125 0.71953125 0.778125 0.71484375 0.79375 0.71640625 0.8109375 0.7140625 0.8125 0.73125 0.81796875 0.746875 0.825 0.74921875 0.83515625 0.74609375 0.8390625 0.73359375 0.83828125 0.71640625 0.8234375 0.66640625 0.82421875 0.65703125 0.821875 0.6546875 0.82109375 0.640625 0.81796875 0.63359375 0.8140625 0.63203125 0.81015625 0.63203125 0.79296875 0.63515625 0.753125 0.634375 0.746875 0.63671875 0.7421875 0.6421875
5 0.71328125 0.56484375 0.70234375 0.56875 0.7015625 0.57265625 0.7140625 0.57578125 0.72578125 0.57578125 0.7296875 0.57265625 0.7328125 0.575 0.734375 0.58125 0.7234375 0.6 0.7234375 0.60390625 0.73359375 0.61015625 0.7390625 0.5875 0.74453125 0.58359375 0.746875 0.57734375 0.75078125 0.575 0.76875 0.57578125 0.77109375 0.57265625 0.76640625 0.55546875 0.75078125 0.53984375 0.75078125 0.5265625 0.74375 0.52421875 0.74140625 0.52421875 0.73203125 0.5296875 0.73359375 0.5453125 0.7265625 0.54921875 0.71328125 0.56484375
5 0.47421875 0.5484375 0.471875 0.57109375 0.47578125 0.5796875 0.4765625 0.5921875 0.484375 0.5921875 0.4875 0.57734375 0.4953125 0.59375 0.4953125 0.60546875 0.5125 0.61640625 0.51015625 0.62890625 0.51171875 0.63828125 0.50625 0.6546875 0.5078125 0.66328125 0.50546875 0.67578125 0.50625 0.69921875 0.51015625 0.70234375 0.51484375 0.69765625 0.51796875 0.684375 0.515625 0.646875 0.51875 0.63359375 0.5234375 0.6453125 0.52109375 0.65078125 0.5234375 0.66015625 0.52109375 0.66640625 0.525 0.6890625 0.546875 0.69453125 0.55234375 0.69296875 0.5546875 0.68671875 0.54296875 0.67734375 0.5390625 0.66875 0.54375 0.6390625 0.540625 0.6296875 0.54296875 0.61953125 0.540625 0.60546875 0.54375 0.60234375 0.54609375 0.590625 0.546875 0.54609375 0.540625 0.52890625 0.528125 0.51953125 0.521875 0.503125 0.515625 0.49453125 0.509375 0.49140625 0.5046875 0.49140625 0.49609375 0.50546875 0.49375 0.52578125 0.4828125 0.534375 0.47421875 0.5484375
0 0.6484375 0.56953125 0.6546875 0.5671875 0.63203125 0.55 0.6234375 0.54765625 0.61953125 0.54765625 0.61328125 0.55 0.6125 0.55703125 0.62109375 0.56796875 0.6484375 0.56953125
0 0.4296875 0.6140625 0.43671875 0.6265625 0.4421875 0.63125 0.49140625 0.63046875 0.51171875 0.62109375 0.51171875 0.6171875 0.5078125 0.61875 0.50546875 0.61328125 0.49453125 0.6078125 0.48359375 0.59765625 0.48046875 0.5984375 0.47265625 0.59296875 0.4640625 0.590625 0.4625 0.590625 0.4546875 0.59453125 0.43984375 0.59453125 0.43125 0.59921875 0.4296875 0.6140625
1 0.325 0.62578125 0.36484375 0.62578125 0.37109375 0.6171875 0.37109375 0.6140625 0.365625 0.61171875 0.3611328125 0.61171875 0.34765625 0.61171875 0.33125 0.615625 0.32578125 0.62109375 0.325 0.62578125
4 0.409375 0.61640625 0.4078125 0.60390625 0.40234375 0.60390625 0.39921875 0.60859375 0.4015625 0.62578125 0.40703125 0.6234375 0.409375 0.61640625
4 0.60625 0.615625 0.6 0.6125 0.5953125 0.6125 0.5921875 0.61875 0.60234375 0.62109375 0.60625 0.61875 0.60625 0.615625
3 0.29296875 0.584375 0.2984375 0.57890625 0.30078125 0.571875 0.29375 0.56875 0.28671875 0.56875 0.28046875 0.57109375 0.275 0.57890625 0.27578125 0.584375 0.29296875 0.584375
3 0.4703125 0.55234375 0.46875 0.55234375 0.4625 0.55546875 0.46328125 0.5703125 0.47109375 0.56953125 0.4703125 0.55234375