2 1 0.610399548828125 0.99514032421875 0.602924759765625 0.987984806640625 0.59593217578125 0.978407798828125 0.588449796875 0.96397406640625 0.586286451171875 0.963293849609375 0.587157087890625 0.891560009765625 0.599113365234375 0.867480552734375 0.620960759765625 0.86368488671875 0.628510861328125 0.8707579453125 0.673295189453125 0.869478978515625 0.682110513671875 0.872525712890625 0.70692416796875 0.878701638671875 0.718759732421875 0.915813166015625 0.719712828125 0.928328947265625 0.712666263671875 0.9607879140625 0.714190623046875 0.973180998046875 0.718965880859375 0.997219224609375 0.716014357421875 1 0.71324569140625 1 0.610399548828125
2 0.19804292578125 0.681905205078125 0.19937587109375 0.692761177734375 0.196940638671875 0.698570005859375 0.199253173828125 0.704582998046875 0.19051832421875 0.755243876953125 0.19193273828125 0.77317390234375 0.19733323828125 0.78510467578125 0.207794626953125 0.7869686484375 0.213902830078125 0.785431537109375 0.21791640234375 0.766835041015625 0.21669241015625 0.750455869140625 0.2356834921875 0.75127252734375 0.244702982421875 0.747803720703125 0.267475986328125 0.7473688984375 0.271638751953125 0.749219126953125 0.275012345703125 0.757463189453125 0.276236337890625 0.773842359375 0.280385359375 0.7819912109375 0.289785689453125 0.78162411328125 0.291907806640625 0.786086251953125 0.2942340859375 0.78580062109375 0.297812837890625 0.744431119140625 0.295664228515625 0.70770043359375 0.289502044921875 0.68956624609375 0.2793537734375 0.677431306640625 0.277911873046875 0.67209853125 0.27085156640625 0.665881373046875 0.26513794921875 0.66422156640625 0.22878810546875 0.6694718828125 0.20669531640625 0.669036068359375 0.20436903515625 0.66932169921875 0.200002107421875 0.6722192421875 0.19804292578125 0.681905205078125
5 0.0600042265625 0.660285490234375 0.053215806640625 0.662693236328125 0.0368091484375 0.6765144765625 0.032333265625 0.684935216796875 0.02106896484375 0.695763703125 0.03277984765625 0.791141185546875 0.044887298828125 0.793590162109375 0.07638041796875 0.79365887890625 0.0863932421875 0.77904846875 0.08971285546875 0.767621232421875 0.103330923828125 0.7439098671875 0.102664451171875 0.738481880859375 0.0982160546875 0.734305373046875 0.07971476953125 0.731067224609375 0.0976045546875 0.703682890625 0.12167026953125 0.688134119140625 0.126921578125 0.67961816796875 0.139627779296875 0.674122458984375 0.14642994140625 0.665416087890625 0.146647849609375 0.654369693359375 0.1386216953125 0.646696892578125 0.1243783828125 0.646084400390625 0.10721004296875 0.6537022265625 0.097048029296875 0.647865912109375 0.082477927734375 0.648867779296875 0.077567150390625 0.64947074609375 0.070683521484375 0.65110306640625 0.0600042265625 0.660285490234375
5 0.580832810546875 0.581380556640625 0.584600990234375 0.586427701171875 0.599905359375 0.589271263671875 0.611931345703125 0.584646189453125 0.642077775390625 0.580157556640625 0.642281939453125 0.575409787109375 0.635725169921875 0.560472515625 0.614135919921875 0.5513165859375 0.6079325078125 0.55207826953125 0.58171719140625 0.5757621484375 0.580832810546875 0.581380556640625
0 0.368829201171875 0.57277817578125 0.3578642734375 0.5796343203125 0.35057231640625 0.590762181640625 0.353769232421875 0.591156765625 0.354939244140625 0.587864638671875 0.390513662109375 0.582709533203125 0.39471765625 0.565663888671875 0.393561388671875 0.562657392578125 0.38794298046875 0.56177301171875 0.38173956640625 0.5625346953125 0.374270931640625 0.565813080078125 0.368829201171875 0.57277817578125
0 0.517315546875 0.602560486328125 0.5069218828125 0.614069189453125 0.50953379296875 0.616109837890625 0.50758835546875 0.61949717578125 0.5042962265625 0.6183271640625 0.5045956015625 0.6143548203125 0.502174111328125 0.613865025390625 0.4986778203125 0.617442783203125 0.499058662109375 0.620544490234375 0.523654408203125 0.62854415234375 0.5726015 0.623321322265625 0.5831041171875 0.606289421875 0.581295119140625 0.591556314453125 0.565800328125 0.5871618984375 0.54519059765625 0.588118220703125 0.54079625390625 0.588657779296875 0.527994841796875 0.5933780625 0.517315546875 0.602560486328125
1 0.649477693359375 0.60837229296875 0.679814544921875 0.60543451171875 0.687092759765625 0.600605275390625 0.681678515625 0.594973123046875 0.673543408203125 0.592823521484375 0.64698848046875 0.594509822265625 0.643111345703125 0.594985875 0.642226966796875 0.60060428125 0.649477693359375 0.60837229296875
4 0.610515939453125 0.6115819609375 0.613223060546875 0.61439803515625 0.61787562109375 0.6138267734375 0.61763121875 0.59260462109375 0.6140534609375 0.589108330078125 0.610176328125 0.589584380859375 0.60677524609375 0.59393756640625 0.610515939453125 0.6115819609375
4 0.40988459375 0.631493689453125 0.4238422734375 0.62977990234375 0.4183328203125 0.62337232421875 0.41523111328125 0.623753166015625 0.40872832421875 0.628487193359375 0.40988459375 0.631493689453125
3 0.5132352421875 0.562918515625 0.516894466796875 0.573488857421875 0.53783098828125 0.57091817578125 0.544333775390625 0.5661841484375 0.54436126171875 0.553586900390625 0.53981765625 0.548634966796875 0.52266305859375 0.54995416796875 0.51878592578125 0.550430220703125 0.515099212890625 0.552457126953125 0.5132352421875 0.562918515625
3 0.713254095703125 0.55725009765625 0.721293994140625 0.5586242734375 0.733510400390625 0.555550052734375 0.733714564453125 0.55080228125 0.729551798828125 0.5489520546875 0.7264638359375 0.543034271484375 0.715805154296875 0.542768759765625 0.710764880859375 0.543387626953125 0.706397953125 0.546285169921875 0.713254095703125 0.55725009765625