2 0.9179867578125 0.703117994140625 0.9141185234375 0.70257434765625 0.8525655 0.697079345703125 0.830602287109375 0.707404390625 0.819022669921875 0.716821970703125 0.8153384296875 0.748650224609375 0.81182146875 0.75683415234375 0.8063724765625 0.7899922421875 0.806736294921875 0.80424407421875 0.809178509765625 0.80932087109375 0.845552458984375 0.819955390625 0.857918265625 0.816170796875 0.892636193359375 0.827361505859375 0.901158853515625 0.834081783203125 0.920391296875 0.837573654296875 0.93452185546875 0.832459224609375 0.94303197265625 0.833655244140625 0.950780984375 0.840266791015625 0.95697016015625 0.841136623046875 0.9658859375 0.77769757421875 0.96256134765625 0.7732856953125 0.96309244921875 0.763893203125 0.9516299375 0.7275694296875 0.94198235546875 0.712012849609375 0.93412461328125 0.70617494921875 0.9179867578125 0.703117994140625
2 0.170618736328125 0.587037279296875 0.16565066796875 0.588705845703125 0.161360060546875 0.596781046875 0.153468853515625 0.624862337890625 0.1346754921875 0.668767841796875 0.132053453125 0.681811111328125 0.13396456640625 0.696280400390625 0.145025625 0.7017795703125 0.15076733984375 0.700219732421875 0.15956601171875 0.6825220390625 0.163070427734375 0.6688138515625 0.17888209765625 0.674191748046875 0.185397458984375 0.672740638671875 0.19854945703125 0.67458903125 0.2005442109375 0.67723616015625 0.211375267578125 0.678758365234375 0.21491731640625 0.681622951171875 0.216150966796875 0.689685607421875 0.212537822265625 0.70416744140625 0.214436390625 0.71311247265625 0.2162136875 0.71730689453125 0.22549744921875 0.718611642578125 0.227057287109375 0.724353357421875 0.227927119140625 0.718164181640625 0.243082248046875 0.67769199609375 0.249426162109375 0.64939324609375 0.2471637734375 0.6261963828125 0.241614427734375 0.615160412109375 0.2410456953125 0.607980130859375 0.236499998046875 0.601029853515625 0.22687750390625 0.5965217890625 0.187204052734375 0.592523904296875 0.17371332421875 0.5874721953125 0.170618736328125 0.587037279296875
5 0.299943255859375 0.514485958984375 0.300332162109375 0.5397863046875 0.29228205078125 0.54654421484375 0.2832282890625 0.5492164296875 0.279372599609375 0.55419704296875 0.263803474609375 0.5583203671875 0.269716640625 0.583608169921875 0.3118323046875 0.5926828515625 0.327305244140625 0.594857431640625 0.330726017578125 0.59297140625 0.32802871484375 0.572869130859375 0.33065075390625 0.559825861328125 0.328254548828125 0.52635412890625 0.330780404296875 0.519608765625 0.325122330078125 0.50934644140625 0.3190418828125 0.507702962890625 0.314400001953125 0.507050587890625 0.303798947265625 0.509505345703125 0.299943255859375 0.514485958984375
5 0.46301130859375 0.510580134765625 0.452748984375 0.516238208984375 0.4435153984375 0.537030490234375 0.441775734375 0.549408841796875 0.447325080078125 0.5604448125 0.450796029296875 0.580655818359375 0.453455701171875 0.584185322265625 0.4472330625 0.617234681640625 0.449457818359375 0.6238587734375 0.468460259765625 0.623373681640625 0.475891462890625 0.587338462890625 0.47628874609375 0.5676711015625 0.48302156640625 0.56467269921875 0.487529630859375 0.555050205078125 0.4888218359375 0.54024218359375 0.48513342578125 0.52157847265625 0.476163306640625 0.51242852734375 0.47934153515625 0.50104128125 0.473466001953125 0.49232625 0.4703714140625 0.491891333984375 0.46430351171875 0.49577211328125 0.46301130859375 0.510580134765625
4 0.378922130859375 0.60368956640625 0.385558765625 0.606989068359375 0.39130048046875 0.60542923046875 0.392400314453125 0.60321701953125 0.389184453125 0.5980314921875 0.386089865234375 0.597596576171875 0.3785833984375 0.60048625 0.378922130859375 0.60368956640625
4 0.576105912109375 0.63771336328125 0.5805303359375 0.63991303125 0.58535204296875 0.622445337890625 0.58301855859375 0.61659489453125 0.5768293828125 0.6157250625 0.573324966796875 0.629433248046875 0.576105912109375 0.63771336328125
0 0.495040265625 0.60265249609375 0.487751255859375 0.603994875 0.477271474609375 0.611200244140625 0.476401642578125 0.617389419921875 0.472194677734375 0.61364245703125 0.470659927734375 0.6189492578125 0.4789525859375 0.6216925703125 0.48227717578125 0.62610444921875 0.492564587890625 0.631494890625 0.53975705078125 0.638127357421875 0.545933681640625 0.633472931640625 0.553862521484375 0.6219644140625 0.55427234765625 0.607821310546875 0.548626818359375 0.603083244140625 0.52441376171875 0.595735681640625 0.521319173828125 0.595300765625 0.503755296875 0.596776962890625 0.495040265625 0.60265249609375
0 0.355236005859375 0.536457548828125 0.34287019921875 0.540242142578125 0.335919921875 0.544787837890625 0.33791467578125 0.547434966796875 0.333828982421875 0.548438615234375 0.372837515625 0.551554123046875 0.38109254296875 0.5377246640625 0.380197623046875 0.53286532421875 0.374225904296875 0.53044819921875 0.370357669921875 0.5299045546875 0.362295013671875 0.531138205078125 0.355236005859375 0.536457548828125
1 0.611233666015625 0.63476096875 0.616335552734375 0.64336726953125 0.656673921875 0.648247529296875 0.657108837890625 0.645152943359375 0.6503509296875 0.637102830078125 0.62138726171875 0.629876541015625 0.616745380859375 0.62922416796875 0.611777310546875 0.630892734375 0.611233666015625 0.63476096875
3 0.495617375 0.564865068359375 0.49507373046875 0.568733302734375 0.49972815625 0.574909935546875 0.517413306640625 0.57818434765625 0.527349443359375 0.57484721484375 0.5291978359375 0.561695216796875 0.52664689453125 0.55739206640625 0.51128268359375 0.55444383984375 0.506640802734375 0.553791466796875 0.500899087890625 0.5553513046875 0.495617375 0.564865068359375
3 0.688619279296875 0.60619041796875 0.693273705078125 0.612367048828125 0.7110675859375 0.61486781640625 0.7118286875 0.609452287109375 0.708274095703125 0.601063443359375 0.698156048828125 0.597274662109375 0.6939009921875 0.59667665234375 0.68738562890625 0.59812776171875 0.688619279296875 0.60619041796875