2 0 0.77421875 0.00703125 0.77421875 0.01328125 0.76953125 0.021875 0.76875 0.0328125 0.775 0.0546875 0.775 0.065625 0.76953125 0.0953125 0.7640625 0.10546875 0.7640625 0.11328125 0.76875 0.1203125 0.76875 0.15078125 0.76328125 0.15546875 0.75078125 0.153125 0.66953125 0.13984375 0.65625 0.1234375 0.64609375 0.06171875 0.64296875 0.0578125 0.64296875 0.04140625 0.64375 0.0328125 0.6484375 0.021875 0.6609375 0.0046875 0.696875 0.00390625 0.7046875 0 0.70859375 0 0.77421875
2 0.74140625 0.64296875 0.7328125 0.659375 0.728125 0.68203125 0.73125 0.72265625 0.740625 0.7578125 0.7421875 0.75390625 0.75078125 0.7546875 0.753125 0.75234375 0.75546875 0.74453125 0.75625 0.71953125 0.7765625 0.71484375 0.79375 0.71640625 0.81015625 0.7140625 0.81171875 0.72890625 0.81796875 0.746875 0.82421875 0.74921875 0.83515625 0.74609375 0.83984375 0.72890625 0.83828125 0.715625 0.82421875 0.6671875 0.82109375 0.64140625 0.81875 0.634375 0.81484375 0.63203125 0.8109375 0.63203125 0.7921875 0.63515625 0.753125 0.634375 0.74609375 0.6375 0.74140625 0.64296875
5 0.71484375 0.578125 0.7234375 0.58359375 0.734375 0.58203125 0.73828125 0.58515625 0.7484375 0.57734375 0.7734375 0.575 0.76875 0.56015625 0.753125 0.546875 0.75078125 0.53515625 0.746875 0.53203125 0.73984375 0.53203125 0.73359375 0.53984375 0.73828125 0.553125 0.7140625 0.571875 0.71484375 0.578125
5 0.7453125 0.61171875 0.74453125 0.6 0.7375 0.60078125 0.73515625 0.596875 0.7375 0.58828125 0.7328125 0.5890625 0.728125 0.5859375 0.7265625 0.5859375 0.728125 0.58828125 0.72265625 0.603125 0.7234375 0.61484375 0.7453125 0.61171875
5 0.44296875 0.58203125 0.45234375 0.59375 0.4625 0.59140625 0.471875 0.59296875 0.49296875 0.60625 0.496875 0.603125 0.5015625 0.6046875 0.5046875 0.59453125 0.50078125 0.559375 0.5015625 0.54140625 0.49453125 0.52734375 0.48828125 0.521875 0.4921875 0.51328125 0.49140625 0.5046875 0.478125 0.49140625 0.47578125 0.49140625 0.4671875 0.49765625 0.46015625 0.51953125 0.44296875 0.53515625 0.44296875 0.58203125
4 0.4078125 0.60390625 0.4015625 0.60390625 0.39921875 0.6078125 0.40078125 0.62734375 0.4078125 0.6234375 0.4078125 0.60390625
4 0.6046875 0.6203125 0.60625 0.61640625 0.5984375 0.6125 0.59765625 0.6125 0.59375 0.6140625 0.59296875 0.61953125 0.5984375 0.621875 0.6046875 0.6203125
0 0.43046875 0.6 0.4296875 0.6140625 0.440625 0.63046875 0.4875 0.63203125 0.515625 0.6203125 0.515625 0.615625 0.51171875 0.6125 0.50078125 0.6109375 0.48984375 0.60546875 0.46875 0.590625 0.4640625 0.590625 0.459375 0.590625 0.4546875 0.59453125 0.4359375 0.59609375 0.43046875 0.6
0 0.61953125 0.56875 0.6578125 0.57109375 0.65078125 0.56171875 0.6265625 0.5484375 0.621875 0.5484375 0.61484375 0.54921875 0.61171875 0.55625 0.61796875 0.56328125 0.61953125 0.56875
1 0.32421875 0.62578125 0.365625 0.62578125 0.37109375 0.61796875 0.37109375 0.6140625 0.3671875 0.61171875 0.36328125 0.61171875 0.34765625 0.61171875 0.33125 0.615625 0.32421875 0.621875 0.32421875 0.62578125
3 0.28671875 0.58515625 0.2953125 0.5828125 0.30078125 0.57265625 0.3 0.56953125 0.29609375 0.56875 0.290625 0.56875 0.28125 0.5703125 0.27421875 0.58046875 0.275 0.584375 0.28671875 0.58515625