2 0.9161784140625 0.71066705859375 0.911291671875 0.70989307421875 0.849843923828125 0.703324662109375 0.8347324140625 0.7088411171875 0.81608386328125 0.721707244140625 0.810950857421875 0.754115767578125 0.803586826171875 0.780634013671875 0.80105866796875 0.801590279296875 0.802311978515625 0.813653609375 0.83374278515625 0.824959666015625 0.853117443359375 0.822491392578125 0.886863146484375 0.83416409375 0.8975821171875 0.84139873046875 0.91841616796875 0.84469851953125 0.926216353515625 0.840397029296875 0.937141408203125 0.841336400390625 0.94400222265625 0.84795996484375 0.950824693359375 0.849831525390625 0.96121291796875 0.78424284765625 0.957438630859375 0.778108140625 0.9577669296875 0.7710412421875 0.94758951953125 0.735416798828125 0.941989193359375 0.725828921875 0.93484560546875 0.7159966171875 0.9161784140625 0.71066705859375
2 0.209145337890625 0.603429951171875 0.1992531484375 0.6509044609375 0.192095201171875 0.671127439453125 0.2035858046875 0.678484291015625 0.2027686484375 0.688637716796875 0.207192353515625 0.69566626953125 0.206336853515625 0.701067689453125 0.209217294921875 0.707851814453125 0.213847083984375 0.708585099609375 0.22550542578125 0.704894681640625 0.242059525390625 0.655311361328125 0.2447482421875 0.638335466796875 0.24268495703125 0.62139791796875 0.23209537890625 0.5983640078125 0.233233654296875 0.596171328125 0.226777828125 0.59198487109375 0.21983314453125 0.59088494140625 0.209435291015625 0.591611048828125 0.209145337890625 0.603429951171875
5 0.20607790234375 0.477967953125 0.193930703125 0.4847448984375 0.1903936640625 0.4920945703125 0.17552658203125 0.49606776171875 0.160208986328125 0.507879484375 0.15537311328125 0.51344146484375 0.153662111328125 0.5242443046875 0.13549523828125 0.549051548828125 0.13427309375 0.55676786328125 0.14011784765625 0.5648124765625 0.139628990234375 0.56789900390625 0.132149923828125 0.58016123828125 0.131943841796875 0.58645650390625 0.119705591796875 0.6137847265625 0.120630603515625 0.632914955078125 0.112173822265625 0.6513502421875 0.111311140625 0.6717793046875 0.102365501953125 0.6933011171875 0.097316365234375 0.720186005859375 0.17781047265625 0.73135304296875 0.17675606640625 0.728022087890625 0.181309166015625 0.7192513671875 0.187985435546875 0.6870872734375 0.187419888671875 0.68066979296875 0.19799266015625 0.6538687734375 0.204096201171875 0.63031483984375 0.208778693359375 0.605744845703125 0.209847458984375 0.579020515625 0.21240678125 0.577843896484375 0.216952701171875 0.584100818359375 0.23985721875 0.589310513671875 0.250461154296875 0.582289140625 0.249490619140625 0.57343455078125 0.241781484375 0.557184763671875 0.240688732421875 0.5491018046875 0.243377451171875 0.532125912109375 0.241513068359375 0.52392073828125 0.23384227734375 0.51242295703125 0.224788783203125 0.5046611171875 0.232550623046875 0.495607623046875 0.239334748046875 0.4927271796875 0.2446211328125 0.479326669921875 0.242596193359375 0.467141125 0.2307006015625 0.457347166015625 0.224527548828125 0.45636944921875 0.210226013671875 0.466760123046875 0.20607790234375 0.477967953125
5 0.50008631640625 0.574366578125 0.493745525390625 0.5844361328125 0.492928369140625 0.59458955859375 0.4950371796875 0.601251466796875 0.499544755859375 0.602756384765625 0.5081165703125 0.598577109375 0.51364020703125 0.598660978515625 0.523426986328125 0.601793029296875 0.539226259765625 0.601922423828125 0.54142612109375 0.588033056640625 0.54008894140625 0.581493361328125 0.5285216484375 0.564632501953125 0.523891859375 0.56389921484375 0.515686685546875 0.56576359765625 0.50008631640625 0.574366578125
0 0.354621783203125 0.533925515625 0.341420177734375 0.537371505859375 0.335163255859375 0.54191742578125 0.33865476953125 0.544843392578125 0.3711855078125 0.549204765625 0.37894734765625 0.540151271484375 0.379925064453125 0.533978220703125 0.378870658203125 0.530647265625 0.37294203515625 0.528126287109375 0.371398771484375 0.527881857421875 0.360107072265625 0.529257380859375 0.354621783203125 0.533925515625
0 0.507589369140625 0.596911630859375 0.4835393984375 0.6089222578125 0.4699328046875 0.609931138671875 0.466479634765625 0.61175717578125 0.4658685625 0.615615333984375 0.49104244921875 0.631467310546875 0.5374625546875 0.638028544921875 0.552375162109375 0.62377971484375 0.55611828515625 0.610134775390625 0.54824141015625 0.604932259765625 0.52623073828125 0.599073146484375 0.525420763671875 0.594198927734375 0.522334236328125 0.5937100703125 0.51697116015625 0.59760657421875 0.507589369140625 0.596911630859375
4 0.37778035546875 0.60245451953125 0.384480609375 0.605097712890625 0.390248673828125 0.6036383203125 0.389560912109375 0.597992470703125 0.386718814453125 0.595960349609375 0.384403919921875 0.59559370703125 0.3768481640625 0.59835193359375 0.37778035546875 0.60245451953125
4 0.571299306640625 0.62914996875 0.57434030859375 0.63991446484375 0.578076251953125 0.641297169921875 0.582674875 0.622250810546875 0.578778373046875 0.616887734375 0.578006740234375 0.61676551953125 0.57301030859375 0.61834712890625 0.571299306640625 0.62914996875
1 0.609598109375 0.63205194921875 0.608742607421875 0.63745337109375 0.61304409765625 0.6452535546875 0.653940568359375 0.651730919921875 0.654551640625 0.64787276171875 0.650005720703125 0.64161583984375 0.6322198515625 0.63405290625 0.62990495703125 0.63368626171875 0.612157431640625 0.630875330078125 0.609598109375 0.63205194921875
3 0.689212728515625 0.61381312109375 0.695790767578125 0.6172279453125 0.70903071875 0.618533958984375 0.710413421875 0.614798015625 0.705829158203125 0.60378908984375 0.6929558515625 0.600168181640625 0.689097693359375 0.599557109375 0.68552230859375 0.60215477734375 0.689212728515625 0.61381312109375
3 0.4958686953125 0.561042759765625 0.496999791015625 0.573877720703125 0.51658053125 0.5651141796875 0.524663490234375 0.5640214296875 0.5255189921875 0.558620009765625 0.52190526171875 0.556465673828125 0.5157322109375 0.555487958984375 0.49928351953125 0.55446471875 0.4958686953125 0.561042759765625