2 0 0.712688099609375 0.00656269921875 0.7172658359375 0.02216644140625 0.718394619140625 0.0392120859375 0.714190623046875 0.071671052734375 0.712666263671875 0.077779255859375 0.714203375 0.08341140625 0.7196176171875 0.0896148203125 0.72037930078125 0.122944423828125 0.7181747265625 0.127474287109375 0.70692416796875 0.13110602734375 0.683756578125 0.129255798828125 0.6795938125 0.13631511328125 0.628510861328125 0.134464884765625 0.62434809765625 0.110671060546875 0.600174421875 0.046011271484375 0.58829961328125 0.041100494140625 0.587696646484375 0.0273058203125 0.586789990234375 0.01820486328125 0.590395236328125 0.00485967578125 0.602924759765625 0 0.610548849609375 0 0.712688099609375
2 0.704159095703125 0.715549912109375 0.701479458984375 0.730963234375 0.702894865234375 0.75789900390625 0.70572468359375 0.76690475 0.70297732421875 0.795690748046875 0.707725095703125 0.795486583984375 0.71051368359375 0.78559645703125 0.72048527734375 0.78131099609375 0.724634298828125 0.77316214453125 0.725953501953125 0.756007546875 0.732428802734375 0.748144326171875 0.73717657421875 0.747940162109375 0.740672865234375 0.751517919921875 0.746672115234375 0.747531833984375 0.759759158203125 0.749925837890625 0.76355482421875 0.757475939453125 0.759814130859375 0.77512033203125 0.761079353515625 0.777637033203125 0.768058193359375 0.778493927734375 0.76986719140625 0.7637608203125 0.76741821484375 0.751653369140625 0.781661525390625 0.751040875 0.78159380078125 0.76441355078125 0.7855121640625 0.783785474609375 0.783131904296875 0.803171140625 0.788559890625 0.80383761328125 0.789688673828125 0.788233869140625 0.80266676171875 0.78510467578125 0.80816247265625 0.772398474609375 0.80948167578125 0.755243876953125 0.806610626953125 0.727342259765625 0.801726416015625 0.70942598046875 0.80256956640625 0.696148515625 0.80062412890625 0.692761177734375 0.802841455078125 0.687523611328125 0.799997892578125 0.6722192421875 0.79563096484375 0.66932169921875 0.79330468359375 0.669036068359375 0.77751051953125 0.669458140625 0.73331119921875 0.664031146484375 0.724019822265625 0.669187244140625 0.718034314453125 0.679471955078125 0.71019858203125 0.68559390234375 0.70430828515625 0.695103185546875 0.704417240234375 0.7006263828125 0.699288626953125 0.70393225390625 0.69881257421875 0.70780938671875 0.704159095703125 0.715549912109375
5 0.664977447265625 0.61156226171875 0.66856795703125 0.569498798828125 0.667084828125 0.555935705078125 0.66328916015625 0.5483856015625 0.675478080078125 0.53886257421875 0.67875646484375 0.531393939453125 0.676702072265625 0.522483404296875 0.66388691796875 0.51146449609375 0.66156063671875 0.511178865234375 0.64984776953125 0.5168247578125 0.638366552734375 0.539815671875 0.629184130859375 0.550494966796875 0.62651823828125 0.5722069140625 0.618737478515625 0.60352335546875 0.621390619140625 0.620378578125 0.629852587890625 0.634798568359375 0.65786316015625 0.637450716796875 0.6667736953125 0.63539632421875 0.664977447265625 0.61156226171875
5 0.701626666015625 0.620784921875 0.69728722265625 0.630484626953125 0.6970153359375 0.63910953125 0.7092317421875 0.642183751953125 0.716155607421875 0.6178461484375 0.722059646484375 0.61463548828125 0.726018248046875 0.608037490234375 0.730207505859375 0.573918716796875 0.724153283203125 0.55271030859375 0.72461559375 0.54253455078125 0.71033105078125 0.524251171875 0.7056784921875 0.523679908203125 0.695135634765625 0.532617931640625 0.696605021484375 0.53988240234375 0.7069986875 0.55139110546875 0.697462908203125 0.57776935546875 0.68877028125 0.590870142578125 0.68628106640625 0.604732611328125 0.687451078125 0.608024740234375 0.6913282109375 0.608500791015625 0.694810759765625 0.605779927734375 0.701626666015625 0.620784921875
4 0.59127167578125 0.628487193359375 0.58476888671875 0.623753166015625 0.5816671796875 0.62337232421875 0.5781846328125 0.626093189453125 0.578388796875 0.630840958984375 0.58924476953125 0.63217390625 0.59127167578125 0.628487193359375
4 0.38885782421875 0.591040025390625 0.3860554921875 0.59463152734375 0.385906302734375 0.615078251953125 0.3931707734375 0.613608865234375 0.395836666015625 0.59189691796875 0.38885782421875 0.591040025390625
0 0.500941337890625 0.620544490234375 0.498601314453125 0.613960236328125 0.491717685546875 0.6123279140625 0.4848203125 0.604396970703125 0.485296365234375 0.600519837890625 0.48190902734375 0.602465275390625 0.4721003671875 0.59260263671875 0.4561020390625 0.5882769375 0.455421822265625 0.58740630078125 0.426350193359375 0.586985220703125 0.419670728515625 0.590100671875 0.41572587109375 0.60299729296875 0.421766349609375 0.617907078125 0.425942857421875 0.622355474609375 0.475570166015625 0.62844894140625 0.484480701171875 0.626394548828125 0.4897045234375 0.622313251953125 0.4959079375 0.623074935546875 0.500941337890625 0.620544490234375
0 0.607118828125 0.563528029296875 0.60471108203125 0.57031644921875 0.61113240234375 0.58212452734375 0.620151890625 0.58559333203125 0.624505076171875 0.58219225 0.626137396484375 0.57530862109375 0.62650449609375 0.565908291015625 0.623688419921875 0.56320116796875 0.617485005859375 0.562439484375 0.607118828125 0.563528029296875
1 0.3359521328125 0.592415193359375 0.318416693359375 0.594197697265625 0.310676169921875 0.599544216796875 0.310200119140625 0.603421349609375 0.34974687890625 0.60827708203125 0.357773033203125 0.60060428125 0.358153875 0.597502576171875 0.353786947265625 0.594605033203125 0.349328244140625 0.594057572265625 0.3359521328125 0.592415193359375
3 0.455666224609375 0.5661841484375 0.462944439453125 0.57101338671875 0.483105533203125 0.573488857421875 0.486968921875 0.56766628515625 0.484805576171875 0.553232552734375 0.468807248046875 0.548906853515625 0.462603833984375 0.548145169921875 0.45563873828125 0.553586900390625 0.455666224609375 0.5661841484375
3 0.26716981640625 0.556420689453125 0.285875267578125 0.5579303125 0.294282263671875 0.547155806640625 0.289330330078125 0.542612201171875 0.28235148828125 0.541755306640625 0.27276073828125 0.5429390625 0.26706086328125 0.5508974921875 0.26716981640625 0.556420689453125