2 0 0.77421875 0.00703125 0.77421875 0.01484375 0.76875 0.0234375 0.76875 0.0328125 0.775 0.05390625 0.775 0.06875 0.76875 0.09765625 0.7640625 0.10546875 0.7640625 0.11953125 0.76875 0.15078125 0.76328125 0.15546875 0.75078125 0.15546875 0.71953125 0.153125 0.70234375 0.15390625 0.67109375 0.15 0.66484375 0.12890625 0.6484375 0.1203125 0.6453125 0.0671875 0.64453125 0.05078125 0.6421875 0.05 0.6421875 0.03671875 0.6453125 0.021875 0.66171875 0.0046875 0.69609375 0.0046875 0.7015625 0 0.70703125 0 0.77421875
2 0.72890625 0.675 0.72890625 0.7078125 0.7390625 0.75390625 0.7390625 0.759765625 0.74140625 0.75859375 0.7421875 0.7546875 0.75078125 0.7546875 0.753125 0.75234375 0.75625 0.74375 0.7546875 0.72890625 0.75703125 0.71953125 0.76171875 0.7171875 0.77578125 0.71484375 0.79375 0.7171875 0.8109375 0.7140625 0.81171875 0.728125 0.81796875 0.746875 0.82421875 0.74921875 0.83515625 0.74609375 0.8390625 0.73359375 0.83828125 0.71796875 0.82578125 0.671875 0.821875 0.64296875 0.81875 0.634375 0.8140625 0.63203125 0.81171875 0.63203125 0.796875 0.63515625 0.75234375 0.634375 0.7421875 0.6421875 0.7375 0.6546875 0.7328125 0.66015625 0.72890625 0.675
5 0.6921875 0.565625 0.70078125 0.56796875 0.709375 0.56015625 0.73515625 0.559375 0.73359375 0.55078125 0.72421875 0.53828125 0.709375 0.53046875 0.7046875 0.53046875 0.69921875 0.53359375 0.696875 0.54609375 0.6921875 0.55234375 0.6921875 0.565625
5 0.67109375 0.565625 0.65859375 0.571875 0.64296875 0.58671875 0.64140625 0.59609375 0.64375 0.59921875 0.6578125 0.6046875 0.66875 0.59296875 0.7078125 0.5921875 0.70703125 0.578125 0.6875 0.56328125 0.69140625 0.54921875 0.6890625 0.54453125 0.68203125 0.53984375 0.68125 0.53984375 0.675 0.54140625 0.6703125 0.546875 0.66875 0.55703125 0.67109375 0.565625
0 0.61953125 0.56953125 0.65390625 0.5703125 0.65625 0.5671875 0.63359375 0.55078125 0.6234375 0.54765625 0.62109375 0.54765625 0.61328125 0.54921875 0.61171875 0.553125 0.615625 0.56640625 0.61953125 0.56953125
4 0.6046875 0.6203125 0.60625 0.61640625 0.59921875 0.6125 0.59609375 0.6125 0.5921875 0.6171875 0.59296875 0.61953125 0.5984375 0.621875 0.6046875 0.6203125
0 0.43125 0.61640625 0.43671875 0.6265625 0.4421875 0.63125 0.490625 0.63125 0.515625 0.6203125 0.515625 0.615625 0.49921875 0.6015625 0.49140625 0.60234375 0.48203125 0.5921875 0.4640625 0.59140625 0.46328125 0.590625 0.45625 0.59453125 0.43828125 0.5953125 0.43046875 0.6 0.43125 0.61640625
3 0.4734375 0.575 0.49140625 0.575 0.4953125 0.56875 0.49375 0.559375 0.4921875 0.5546875 0.4875 0.55234375 0.48359375 0.55234375 0.46640625 0.553125 0.4625 0.55703125 0.46328125 0.56953125 0.4734375 0.575
3 0.275 0.584375 0.2859375 0.58515625 0.2953125 0.5828125 0.30078125 0.5703125 0.29140625 0.56875 0.2890625 0.56875 0.2796875 0.57109375 0.278125 0.5765625 0.27421875 0.57890625 0.275 0.584375
1 0.3609375 0.6265625 0.365625 0.62578125 0.37109375 0.61875 0.36953125 0.61171875 0.35 0.61171875 0.3484375 0.61171875 0.33125 0.615625 0.325 0.621875 0.32578125 0.625 0.3609375 0.6265625
4 0.4046875 0.6234375 0.40390625 0.60234375 0.4 0.60234375 0.3953125 0.6046875 0.39765625 0.62734375 0.4015625 0.62734375 0.4046875 0.6234375