2 0 0.7073038125 0.002072392578125 0.708512349609375 0.022960859375 0.71144803125 0.036317771484375 0.706224873046875 0.064821435546875 0.705497234375 0.072557904296875 0.7065845234375 0.0788683515625 0.712204966796875 0.086604822265625 0.713292255859375 0.117538154296875 0.712117158203125 0.12348478515625 0.70348576953125 0.131422 0.64700954296875 0.12995834765625 0.634969923828125 0.1335714921875 0.62048808984375 0.118834568359375 0.601849466796875 0.106769859375 0.59226460546875 0.04608666796875 0.580580427734375 0.04163819921875 0.579955236328125 0.0282927890625 0.57807966015625 0.01670062890625 0.581972982421875 0.0031388046875 0.594267693359375 0 0.5990165078125 0 0.7073038125
2 0.698363005859375 0.761400728515625 0.70206395703125 0.785588697265625 0.6989819140625 0.7906780390625 0.69944191796875 0.798631966796875 0.701762859375 0.79895815234375 0.70263269140625 0.7927689765625 0.700529208984375 0.79089549609375 0.7043848984375 0.785914884765625 0.713668662109375 0.7872196328125 0.716533248046875 0.783677583984375 0.72046003515625 0.761350552734375 0.723976994140625 0.753166623046875 0.7289450625 0.751498056640625 0.743970541015625 0.751242966796875 0.760664587890625 0.7559559453125 0.778119736328125 0.75525339453125 0.77749244921875 0.770943791015625 0.78051594140625 0.788725126953125 0.7825106953125 0.79137225390625 0.796762525390625 0.791008435546875 0.803144072265625 0.779282458984375 0.804762462890625 0.76215349609375 0.797904201171875 0.70990932421875 0.799401318359375 0.688029751953125 0.796946560546875 0.677428697265625 0.7926308671875 0.6744553828125 0.7887626328125 0.67391173828125 0.77517571875 0.67515793359375 0.729530548828125 0.668742923828125 0.721806625 0.673179890625 0.71553380859375 0.684132220703125 0.708366072265625 0.6902252109375 0.70319308984375 0.698965330078125 0.69947121484375 0.714220810546875 0.70124851171875 0.71841523046875 0.698082826171875 0.735326734375 0.698363005859375 0.761400728515625
5 0.94685003125 0.812101857421875 0.955903791015625 0.809429642578125 0.95081444921875 0.806347599609375 0.952687931640625 0.804244115234375 0.94848096484375 0.800497154296875 0.9503544453125 0.798393671875 0.945373833984375 0.79453798046875 0.945252560546875 0.78978737109375 0.9495557109375 0.787236427734375 0.936621171875 0.783840740234375 0.931071826171875 0.77280476953125 0.933718953125 0.770810015625 0.942337798828125 0.771232388671875 0.965003560546875 0.7783624921875 0.970440009765625 0.739680146484375 0.9642508359375 0.738810314453125 0.960503873046875 0.743017279296875 0.964928296875 0.745216947265625 0.963719734375 0.748202806640625 0.922051529296875 0.74155779296875 0.91255030859375 0.74180033984375 0.90648240625 0.745681119140625 0.902773076171875 0.766460857421875 0.909639712890625 0.773737322265625 0.92541791796875 0.81303441015625 0.94685003125 0.812101857421875
5 0.9748978984375 0.70796062109375 0.9780510390625 0.685524861328125 0.977277392578125 0.685416130859375 0.967341255859375 0.688753265625 0.94457930859375 0.68792106640625 0.906114419921875 0.680937322265625 0.898812865234375 0.6767554453125 0.89262369140625 0.67588561328125 0.88810308203125 0.679983849609375 0.8884418125 0.683187166015625 0.89408734375 0.687925232421875 0.965396677734375 0.70820316796875 0.9748978984375 0.70796062109375
5 0.384985865234375 0.54931682421875 0.364122486328125 0.55742965625 0.35774094140625 0.5691556328125 0.356544921875 0.57766575 0.386608423828125 0.582679826171875 0.397669482421875 0.58817899609375 0.4139035234375 0.584938046875 0.417650484375 0.58073108203125 0.417081751953125 0.57355080078125 0.3919486875 0.550295384765625 0.384985865234375 0.54931682421875
0 0.624561322265625 0.567997330078125 0.61560374609375 0.564371642578125 0.612509158203125 0.5639367265625 0.606102525390625 0.5646141875 0.60412031640625 0.567491318359375 0.60346794140625 0.57213319921875 0.609464748046875 0.58559883984375 0.641184271484375 0.590056728515625 0.64296156640625 0.594251150390625 0.647712177734375 0.594129876953125 0.639285703125 0.581111697265625 0.62910701953125 0.574947609375 0.624561322265625 0.567997330078125
0 0.489867283203125 0.61139261328125 0.482335728515625 0.6032337734375 0.4843179375 0.600356642578125 0.480123515625 0.602133939453125 0.47658146875 0.599269353515625 0.47225323046875 0.59077178125 0.46440803125 0.590458138671875 0.453238244140625 0.585732615234375 0.44859636328125 0.5850802421875 0.42307855859375 0.58701644140625 0.416128279296875 0.591562138671875 0.415053533203125 0.604822865234375 0.42105033984375 0.618288505859375 0.4252573046875 0.62203546875 0.47167612109375 0.62855920703125 0.49872867578125 0.62131620703125 0.49993723828125 0.61833034765625 0.497386294921875 0.614027197265625 0.489867283203125 0.61139261328125
1 0.31669164453125 0.591787931640625 0.311179931640625 0.597324732421875 0.313065955078125 0.6007455078125 0.317599109375 0.602171529296875 0.349427361328125 0.60585576953125 0.356038908203125 0.598106755859375 0.3565825546875 0.594238521484375 0.343648013671875 0.5908428359375 0.339779779296875 0.59029919140625 0.31669164453125 0.591787931640625
4 0.381761626953125 0.58909900390625 0.380130693359375 0.600703708984375 0.381811802734375 0.61119603515625 0.385788767578125 0.610966033203125 0.38577622265625 0.605441775390625 0.390079373046875 0.60289083203125 0.391601580078125 0.592059775390625 0.388276990234375 0.587647896484375 0.385956048828125 0.587321708984375 0.381761626953125 0.58909900390625
4 0.589124091796875 0.62928688671875 0.583369833984375 0.62532246875 0.57950159765625 0.624778822265625 0.57409861328125 0.6295419765625 0.580517791015625 0.6343887734375 0.58879790625 0.631607828125 0.589124091796875 0.62928688671875
3 0.453296796875 0.5628619375 0.463258021484375 0.5705733203125 0.481051900390625 0.5730740859375 0.485789966796875 0.567428556640625 0.484869958984375 0.551520701171875 0.464198951171875 0.547037724609375 0.46265165625 0.546820267578125 0.454819001953125 0.552030880859375 0.453296796875 0.5628619375
3 0.272819603515625 0.53907537890625 0.26962883203125 0.5449383671875 0.26543441015625 0.5467156640625 0.265446955078125 0.552239919921875 0.277716576171875 0.55475323046875 0.285779232421875 0.553519580078125 0.292716966796875 0.543449626953125 0.2892836484375 0.53981139453125 0.2854154140625 0.539267748046875 0.272819603515625 0.53907537890625