2 0.9350487890625 0.681576705078125 0.86239665625 0.678357404296875 0.834301064453125 0.69472098046875 0.829018587890625 0.701316931640625 0.827919615234375 0.731805919921875 0.822695705078125 0.7556601484375 0.821295087890625 0.78063310546875 0.82494339453125 0.7927158046875 0.861113875 0.800585716796875 0.868458822265625 0.797307146484375 0.87786623828125 0.797345953125 0.906964134765625 0.805381330078125 0.912071623046875 0.80974934765625 0.92276323046875 0.8130374453125 0.940663603515625 0.814603525390625 0.9513259296875 0.809262484375 0.959886978515625 0.810011478515625 0.96641483984375 0.816072232421875 0.97412951953125 0.8175314140625 0.979849115234375 0.75215613671875 0.97558799609375 0.747077931640625 0.97427451953125 0.73519950390625 0.962210873046875 0.702774701171875 0.948853505859375 0.6851371640625 0.93589515625 0.680866517578125 0.9350487890625 0.681576705078125
2 0.167939921875 0.6113264375 0.161324919921875 0.6421170703125 0.15170370703125 0.6624496484375 0.144008783203125 0.68765616015625 0.14186869921875 0.703153611328125 0.14538082421875 0.716792865234375 0.159185541015625 0.72035332421875 0.161724642578125 0.718222763671875 0.169585029296875 0.7000888359375 0.172367212890625 0.686216029296875 0.188438669921875 0.690759037109375 0.194869158203125 0.688968927734375 0.209656421875 0.690262646484375 0.224881513671875 0.69551583984375 0.2252029140625 0.727697564453125 0.22719729296875 0.731793220703125 0.238161263671875 0.731968208984375 0.250156115234375 0.70243248828125 0.2547086484375 0.668324474609375 0.257520111328125 0.663080806640625 0.254182974609375 0.638477583984375 0.247693921875 0.6230094140625 0.242858796875 0.615528287109375 0.2361266640625 0.611802365234375 0.19636644140625 0.60910803125 0.1787384296875 0.604428841796875 0.17484704296875 0.604088390625 0.17075138671875 0.60608276953125 0.167939921875 0.6113264375
5 0.217087099609375 0.5246550859375 0.21095825390625 0.531961224609375 0.21034544140625 0.53896571875 0.20709615234375 0.54024991015625 0.20776753125 0.550503693359375 0.2113865546875 0.55395725390625 0.21392565625 0.5518266953125 0.224889626953125 0.55200168359375 0.2503685 0.556583498046875 0.248539583984375 0.55956042578125 0.25181815625 0.566905373046875 0.253063541015625 0.579562078125 0.249035974609375 0.5807781796875 0.24768369140625 0.57830716796875 0.245922865234375 0.580505818359375 0.246156419921875 0.586800125 0.2483550703125 0.588560951171875 0.245884056640625 0.589913232421875 0.2511277265625 0.592724697265625 0.248218888671875 0.59011750390625 0.250689900390625 0.588765220703125 0.25359873828125 0.5913724140625 0.2541434609375 0.585146197265625 0.259999943359375 0.58095316796875 0.260953208984375 0.5700572890625 0.258657185546875 0.5604456015625 0.274427 0.559472578125 0.278726927734375 0.555143369140625 0.27446580859375 0.550065162109375 0.268239591796875 0.549520439453125 0.25930880859375 0.54403369140625 0.247673458984375 0.533604919921875 0.234715111328125 0.5293342734375 0.23472463671875 0.511297720703125 0.225657671875 0.507367525390625 0.220988009765625 0.506958984375 0.215773623046875 0.512776658203125 0.217087099609375 0.5246550859375
5 0.551211056640625 0.542123630859375 0.547485134765625 0.548855763671875 0.5405875390625 0.538057255859375 0.532366943359375 0.533416876953125 0.53629713671875 0.524349912109375 0.535149125 0.519544068359375 0.518426044921875 0.531412970703125 0.50758873046875 0.547717982421875 0.504903921875 0.56944165234375 0.506519041015625 0.586836109375 0.51135416796875 0.594317236328125 0.52881671484375 0.59192383984375 0.532435740234375 0.595377400390625 0.54708682421875 0.598227673828125 0.562165501953125 0.560335173828125 0.56302139453125 0.54158843359375 0.55866290234375 0.5286593671875 0.562291451171875 0.514076373046875 0.559956619140625 0.5138721015625 0.55481032421875 0.518911498046875 0.551211056640625 0.542123630859375
0 0.33835262109375 0.55487030078125 0.3741533671875 0.5580024609375 0.382043037109375 0.548497671875 0.383297947265625 0.543117822265625 0.381303568359375 0.539022166015625 0.373978025390625 0.537597029296875 0.368919224609375 0.53715444140625 0.344413375 0.548342439453125 0.33835262109375 0.55487030078125
0 0.50607169140625 0.6009131875 0.496897828125 0.6071686875 0.476896177734375 0.611692642578125 0.473948533203125 0.618492865234375 0.50094515234375 0.63261827734375 0.546153314453125 0.63578924609375 0.560882015625 0.619824685546875 0.561465546875 0.6041910546875 0.534634390625 0.5971382265625 0.5271920703125 0.592565935546875 0.524857240234375 0.592361666015625 0.50895124609375 0.5948912421875 0.50607169140625 0.6009131875
3 0.696691017578125 0.600337064453125 0.705826072265625 0.60348898046875 0.716790041015625 0.603663970703125 0.717976861328125 0.5990623984375 0.712567728515625 0.589178349609375 0.702586306640625 0.586736619140625 0.69791664453125 0.586328076171875 0.69219634375 0.588964552734375 0.696691017578125 0.600337064453125
3 0.502870734375 0.57475341015625 0.50605193359375 0.574247494140625 0.5046410859375 0.554518205078125 0.501255615234375 0.557358953125 0.500166169921875 0.56981138671875 0.502870734375 0.57475341015625
4 0.384514755859375 0.609884189453125 0.391314978515625 0.6128318359375 0.396967189453125 0.61097363671875 0.397307640625 0.607082251953125 0.3936886171875 0.60362869140625 0.391353787109375 0.603424419921875 0.38400883984375 0.6067029921875 0.384514755859375 0.609884189453125
1 0.622901103515625 0.63701416796875 0.664217880859375 0.63984468359375 0.6644902421875 0.63673157421875 0.65880875 0.629960634765625 0.6428053828125 0.624639349609375 0.624749353515625 0.62305965234375 0.620235345703125 0.6226647265625 0.618134068359375 0.628754763671875 0.622901103515625 0.63701416796875
4 0.583072791015625 0.635098109375 0.587742453125 0.63550665234375 0.591643365234375 0.61781055078125 0.589006888671875 0.612090248046875 0.582780671875 0.611545525390625 0.579521857421875 0.630866271484375 0.583072791015625 0.635098109375