5 0.609354388671875 0.54262924609375 0.6112438828125 0.56134912109375 0.605816869140625 0.56378795703125 0.596375125 0.56004591796875 0.59564853125 0.563184076171875 0.6004034921875 0.567007923828125 0.6012664296875 0.57168107421875 0.588028107421875 0.5742562578125 0.587315150390625 0.578175546875 0.5913298828125 0.584356421875 0.591548037109375 0.596854517578125 0.580734916015625 0.60407558203125 0.580117400390625 0.6134627890625 0.587188484375 0.615683470703125 0.596548421875 0.61473872265625 0.597125033203125 0.603008123046875 0.600989783203125 0.600596556640625 0.637675671875 0.59839346484375 0.646967435546875 0.5935430625 0.644215001953125 0.57015003515625 0.645695455078125 0.56543598046875 0.64168072265625 0.55925510546875 0.634568736328125 0.55469103125 0.63272014453125 0.538314548828125 0.624840662109375 0.5345452421875 0.62171613671875 0.534599779296875 0.612397103515625 0.537887919921875 0.609354388671875 0.54262924609375
5 0.451856205078125 0.5172491015625 0.443372841796875 0.5236481328125 0.44034376171875 0.529170587890625 0.435148537109375 0.544888650390625 0.439285982421875 0.558099705078125 0.44483570703125 0.562691046875 0.44431363671875 0.577546171875 0.45078083984375 0.589935189453125 0.451080802734375 0.607120072265625 0.455985744140625 0.619536361328125 0.4558045390625 0.653919759765625 0.459764732421875 0.656976111328125 0.465219015625 0.656099537109375 0.468275365234375 0.652139341796875 0.4688519765625 0.6404087421875 0.467139732421875 0.6318435703125 0.4647690703125 0.630322212890625 0.467757248046875 0.622456365234375 0.466539806640625 0.597473806640625 0.468787755859375 0.591964986328125 0.4753231328125 0.60825966015625 0.4726485546875 0.634091521484375 0.483788908203125 0.6456176015625 0.490791818359375 0.643932626953125 0.4875718515625 0.638519248046875 0.48919260546875 0.597078400390625 0.486562884765625 0.580715552734375 0.4887699296875 0.57286333984375 0.485468154296875 0.562763173828125 0.497062408203125 0.555528474609375 0.49196658203125 0.532176353515625 0.48880115234375 0.529887498046875 0.485472109375 0.518225072265625 0.48068987890625 0.512838962890625 0.47651153125 0.497284517578125 0.4701670390625 0.491925677734375 0.4639179921875 0.49203475390625 0.45779165625 0.49917401171875 0.451856205078125 0.5172491015625
0 0.507335869140625 0.606919505859375 0.50189522265625 0.6085772109375 0.4957416171875 0.614154205078125 0.496604556640625 0.618827357421875 0.4927398046875 0.621238923828125 0.50695014453125 0.629585939453125 0.51400759375 0.631025490234375 0.5608618203125 0.62942627734375 0.57229245703125 0.612818005859375 0.57048476953125 0.598784916015625 0.56181051953125 0.594248111328125 0.53599229296875 0.5923546640625 0.530524375 0.592450107421875 0.521205341796875 0.595738248046875 0.507335869140625 0.606919505859375
0 0.369738052734375 0.5577509296875 0.3674219296875 0.559354095703125 0.354210875 0.563491541015625 0.3542654140625 0.566616064453125 0.347276138671875 0.569082169921875 0.346535912109375 0.571439197265625 0.34970133984375 0.573728052734375 0.359074912109375 0.573564435546875 0.3832490703125 0.5707983671875 0.3808647734375 0.56849587890625 0.387059283203125 0.56526227734375 0.38688203125 0.55510757421875 0.38214070703125 0.552064857421875 0.375891658203125 0.552173935546875 0.36813488671875 0.555434806640625 0.369738052734375 0.5577509296875
0 0.519615810546875 0.59420325390625 0.514256970703125 0.60054774609375 0.504951572265625 0.604617017578125 0.50334840625 0.602300892578125 0.49866162109375 0.602382701171875 0.5010731875 0.606247453125 0.493425494140625 0.61575737109375 0.4973311484375 0.615689197265625 0.496659095703125 0.621951880859375 0.51556985546875 0.630998220703125 0.558532060546875 0.6302483125 0.5639318046875 0.62624721484375 0.57151132421875 0.612831640625 0.57048476953125 0.598784916015625 0.56259165234375 0.5942344765625 0.546174265625 0.59373967578125 0.538308416015625 0.590751498046875 0.535183892578125 0.590806037109375 0.518793775390625 0.59187349609375 0.519615810546875 0.59420325390625
1 0.63889311328125 0.623376021484375 0.6740440078125 0.6227624609375 0.677908759765625 0.62035089453125 0.669947466796875 0.61189480078125 0.6363179296875 0.61013769921875 0.63163114453125 0.610219505859375 0.631740220703125 0.6164685546875 0.63889311328125 0.623376021484375
1 0.582437478515625 0.567321521484375 0.58878196875 0.572680361328125 0.5966069140625 0.57332514453125 0.6004716640625 0.570913578125 0.600348953125 0.5638833984375 0.594717419921875 0.55460526953125 0.590770859375 0.55233005078125 0.585302943359375 0.5524254921875 0.57751890234375 0.5541241015625 0.582437478515625 0.567321521484375
4 0.596562056640625 0.615519853515625 0.59980929296875 0.622495494140625 0.603742216796875 0.62398958203125 0.60747062109375 0.61376670703125 0.60730700390625 0.604393134765625 0.604909072265625 0.601309513671875 0.59944115625 0.60140495703125 0.595576404296875 0.6038165234375 0.596562056640625 0.615519853515625
3 0.706882734375 0.579213962890625 0.725657146484375 0.5804489921875 0.7263428359375 0.57496744140625 0.720738572265625 0.56725157421875 0.714448619140625 0.5650172578125 0.708980701171875 0.565112701171875 0.700429166015625 0.567606076171875 0.706882734375 0.579213962890625
3 0.453237263671875 0.551605232421875 0.463473775390625 0.556114767578125 0.47361484375 0.555156384765625 0.486798626953125 0.549456677734375 0.489854978515625 0.545496484375 0.490404318359375 0.532203623046875 0.485581185546875 0.52447412109375 0.482456662109375 0.52452866015625 0.453609353515625 0.528157666015625 0.453237263671875 0.551605232421875
4 0.396647056640625 0.622134859375 0.405266765625 0.623547140625 0.4099126484375 0.621121939453125 0.40824130859375 0.61490016015625 0.40352725390625 0.613419705078125 0.40199226171875 0.61500923828125 0.3957841171875 0.61746170703125 0.396647056640625 0.622134859375