2 1 0.610319779296875 0.9980378671875 0.6072916875 0.98711416796875 0.595251958984375 0.97753716015625 0.587769580078125 0.96397406640625 0.586286451171875 0.963293849609375 0.587157087890625 0.894566505859375 0.597957095703125 0.88496201171875 0.60307196484375 0.866215330078125 0.6234774609375 0.86358967578125 0.627735435546875 0.868948947265625 0.65856208203125 0.86889397265625 0.683756578125 0.872620923828125 0.70769959375 0.877055576171875 0.7181747265625 0.90960975390625 0.72047451171875 0.915813166015625 0.719712828125 0.92755351953125 0.712761474609375 0.963209404296875 0.714680419921875 0.97550727734375 0.71868025 0.997219224609375 0.716014357421875 1 0.71324569140625 1 0.610319779296875
3 0.714124732421875 0.5579303125 0.733605609375 0.556325478515625 0.73293913671875 0.5508974921875 0.72733447265625 0.54371448828125 0.71658058203125 0.542673548828125 0.712315734375 0.54319720703125 0.706397953125 0.546285169921875 0.714124732421875 0.5579303125
3 0.51441899609375 0.553327763671875 0.5130448203125 0.561367662109375 0.515153193359375 0.572128423828125 0.51776510546875 0.57416907421875 0.537055560546875 0.57101338671875 0.53570887109375 0.566456037109375 0.532321533203125 0.56451059765625 0.53283881640625 0.549491859375 0.52256784765625 0.5491787421875 0.521792421875 0.549273953125 0.51568421875 0.5508110625 0.51441899609375 0.553327763671875
2 0.19834230078125 0.677932861328125 0.199253173828125 0.704582998046875 0.1928043671875 0.72898832421875 0.19051832421875 0.755243876953125 0.192027947265625 0.773949328125 0.19733323828125 0.78510467578125 0.210311326171875 0.788233869140625 0.211440109375 0.80383761328125 0.216868095703125 0.803171140625 0.213902830078125 0.785431537109375 0.21810682421875 0.76838589453125 0.218338474609375 0.751040875 0.23258178515625 0.751653369140625 0.23013280859375 0.7637608203125 0.231941806640625 0.778493927734375 0.240281080078125 0.775895759765625 0.23644517578125 0.757475939453125 0.242376701171875 0.748089353515625 0.25497394921875 0.74811683984375 0.257585861328125 0.75015748828125 0.26912205078125 0.747953904296875 0.274236919921875 0.757558400390625 0.275365701171875 0.77316214453125 0.278548875 0.779855353515625 0.28135120703125 0.78344685546875 0.290846748046875 0.78385518359375 0.292179693359375 0.79471115625 0.29692746484375 0.7949153203125 0.2946424140625 0.776305080078125 0.298221166015625 0.734935578125 0.295840904296875 0.715549912109375 0.298180927734375 0.70896565625 0.295473806640625 0.706149580078125 0.293270224609375 0.694613390625 0.28225131640625 0.681798236328125 0.27685081640625 0.6698674609375 0.27075635546875 0.665105947265625 0.263491884765625 0.663636560546875 0.223264908203125 0.6693629296875 0.20669531640625 0.669036068359375 0.20436903515625 0.66932169921875 0.200002107421875 0.6722192421875 0.19834230078125 0.677932861328125
5 0.478393037109375 0.676605869140625 0.49883976171875 0.6764566796875 0.51096095703125 0.67260703125 0.514199103515625 0.65410574609375 0.513056578125 0.644800625 0.50484000390625 0.63557697265625 0.504268740234375 0.630924412109375 0.494337384765625 0.652608873046875 0.495099068359375 0.65881228515625 0.478597201171875 0.671858099609375 0.478393037109375 0.676605869140625
5 0.531845482421875 0.56063346484375 0.533192171875 0.565190814453125 0.538320783203125 0.568496685546875 0.539748939453125 0.5801280859375 0.544387755859375 0.585855447265625 0.54302732421875 0.587596720703125 0.569582251953125 0.585910419921875 0.58110469921875 0.5900054609375 0.581499283203125 0.58680854296875 0.562549431640625 0.567096015625 0.561638556640625 0.540445876953125 0.5546734609375 0.535004146484375 0.549150263671875 0.534895193359375 0.54527312890625 0.53537124609375 0.533627986328125 0.543098025390625 0.531845482421875 0.56063346484375
5 0.26474534765625 0.577686896484375 0.25067871484375 0.584923880859375 0.245236984375 0.591888978515625 0.240366517578125 0.603506634765625 0.24171320703125 0.608063984375 0.26361557421875 0.6069489453125 0.269710033203125 0.611710458984375 0.274172173828125 0.60958834375 0.274743435546875 0.614240904296875 0.280280376953125 0.608051234375 0.29376200390625 0.6024603125 0.2951361796875 0.5944204140625 0.2817909921875 0.581890890625 0.283178912109375 0.567552369140625 0.275438388671875 0.562205849609375 0.27388753515625 0.56239626953125 0.266799740234375 0.568776361328125 0.26474534765625 0.577686896484375
5 0.269083798828125 0.63225239453125 0.26780483203125 0.641067720703125 0.27187238671875 0.642142521484375 0.274688462890625 0.639435400390625 0.280497291015625 0.6418706328125 0.2930945390625 0.641898119140625 0.289843640625 0.621832236328125 0.279776837890625 0.61677134765625 0.276675130859375 0.617152189453125 0.277232650390625 0.628103373046875 0.269083798828125 0.63225239453125
0 0.499943041015625 0.614926083984375 0.49915387109375 0.62131991796875 0.528402177734375 0.62874831640625 0.571826072265625 0.62341653125 0.57745822265625 0.6180022890625 0.582423900390625 0.60716005859375 0.58158075 0.59388259375 0.5721941640625 0.587951068359375 0.54699966796875 0.587896095703125 0.541571681640625 0.588562568359375 0.5149755234375 0.609144740234375 0.499943041015625 0.614926083984375
0 0.35057231640625 0.590762181640625 0.354939244140625 0.587864638671875 0.389738234375 0.5828047421875 0.3947039140625 0.57196251171875 0.39394223046875 0.565759099609375 0.39201053515625 0.5628478125 0.384161056640625 0.563024490234375 0.379508498046875 0.56359575390625 0.35931991796875 0.57866847265625 0.35057231640625 0.590762181640625
4 0.409979802734375 0.632269115234375 0.41869991796875 0.632772654296875 0.423066845703125 0.629875111328125 0.42084951953125 0.624637546875 0.417557392578125 0.62346753515625 0.41523111328125 0.623753166015625 0.408048107421875 0.629357830078125 0.409979802734375 0.632269115234375
4 0.606638806640625 0.61205801171875 0.614188908203125 0.615853677734375 0.614134927734375 0.596182380859375 0.61114217578125 0.591040025390625 0.6079452578125 0.590645439453125 0.605618978515625 0.5909310703125 0.60289811328125 0.594413619140625 0.606638806640625 0.61205801171875
1 0.642226966796875 0.60060428125 0.648702267578125 0.608467501953125 0.689704671875 0.602645923828125 0.6875825546875 0.59818378515625 0.681583306640625 0.594197697265625 0.651123830078125 0.594002064453125 0.64698848046875 0.594509822265625 0.641846125 0.597502576171875 0.642226966796875 0.60060428125