2 0.09617823828125 0.81345928125 0.12513146875 0.80491730078125 0.135232080078125 0.80385568359375 0.143491759765625 0.807700876953125 0.1504844921875 0.80696591015625 0.18021469140625 0.798342267578125 0.18356990625 0.785420765625 0.17274605859375 0.7048608515625 0.158149296875 0.693040625 0.1407713046875 0.684654931640625 0.07906400390625 0.68799841796875 0.07517915234375 0.688406732421875 0.05894444140625 0.690898623046875 0.05088774609375 0.696458734375 0.041316767578125 0.7100335390625 0.0279799140625 0.747570751953125 0.02801957421875 0.7554221171875 0.024543037109375 0.759715283203125 0.031402716796875 0.824980783203125 0.03839544921875 0.82424581640625 0.044121234375 0.818930693359375 0.052586244140625 0.817255431640625 0.06411712890625 0.822327912109375 0.085872294921875 0.8200413515625 0.09617823828125 0.81345928125
2 0.776029537109375 0.727078515625 0.778115458984375 0.7245026171875 0.7796297421875 0.71648792578125 0.7777935 0.691543216796875 0.797504748046875 0.68475816015625 0.814761419921875 0.684515517578125 0.830832806640625 0.6804696875 0.83393833984375 0.695068794921875 0.84203234765625 0.71228580859375 0.848493099609375 0.713963416015625 0.85904403125 0.709712255859375 0.86190926953125 0.69212893359375 0.858967060546875 0.679083763671875 0.839918498046875 0.632381541015625 0.8341157421875 0.60706817578125 0.8310498671875 0.600320431640625 0.82692002734375 0.5983978359375 0.82303517578125 0.598806150390625 0.804714541015625 0.603873939453125 0.7657843671875 0.60718011328125 0.759118287109375 0.611022958984375 0.75502810546875 0.616951728515625 0.748196353515625 0.63416639453125 0.74590275390625 0.6571885078125 0.753257103515625 0.69726430859375 0.766255576171875 0.731248015625 0.767401201171875 0.727199837890625 0.776029537109375 0.727078515625
5 0.773565798828125 0.53173468359375 0.756638126953125 0.520159447265625 0.7530822734375 0.508749880859375 0.74887076953125 0.506050314453125 0.7418780390625 0.50678528125 0.736478904296875 0.51520828515625 0.742528994140625 0.527926802734375 0.720402826171875 0.54910563671875 0.721833099609375 0.555239736328125 0.730951412109375 0.559780236328125 0.741665669921875 0.557083015625 0.745877171875 0.55978258203125 0.75516115625 0.550951263671875 0.77977921484375 0.546007140625 0.773565798828125 0.53173468359375
5 0.73585822265625 0.561621169921875 0.73430428125 0.56178449609375 0.7361032109375 0.563952080078125 0.732216013671875 0.579286154296875 0.73421792578125 0.590859044921875 0.75564644140625 0.585464603515625 0.753644529296875 0.573891712890625 0.746733458984375 0.575403650390625 0.743994234375 0.571763787109375 0.745426853515625 0.562972126953125 0.7408466953125 0.56423907421875 0.73585822265625 0.561621169921875
5 0.512496763671875 0.603950685546875 0.51454302734375 0.593523419921875 0.50698334765625 0.55896807421875 0.505882072265625 0.541016095703125 0.497419408203125 0.52776559765625 0.490632005859375 0.522980109375 0.49361856640625 0.514025123046875 0.4919433046875 0.50556011328125 0.47734654296875 0.49373988671875 0.475015630859375 0.493984876953125 0.46712226171875 0.5010989296875 0.46241608984375 0.5235890625 0.446956001953125 0.540925048828125 0.4518557734375 0.587543263671875 0.462404359375 0.598217861328125 0.472259984375 0.594825333984375 0.481746953125 0.5953993203125 0.50411341796875 0.60640291796875 0.5076716171875 0.60288672265625 0.512496763671875 0.603950685546875
4 0.412962912109375 0.613626560546875 0.411040314453125 0.617756400390625 0.414635828125 0.63701733203125 0.421220244140625 0.632397513671875 0.419178673828125 0.6129732578125 0.412962912109375 0.613626560546875
4 0.61063765625 0.6109178359375 0.616690091796875 0.608710591796875 0.61783571875 0.604662416015625 0.609657701171875 0.601594193359375 0.60888073046875 0.60167585546875 0.605159205078125 0.603638109375 0.604953875 0.609158564453125 0.61063765625 0.6109178359375
0 0.523414005859375 0.61065876953125 0.512373095703125 0.610248109375 0.500923873046875 0.60595259765625 0.47839408203125 0.593395060546875 0.47373226171875 0.5938850390625 0.469070439453125 0.594375015625 0.46481693359375 0.59874984375 0.44633297265625 0.602263693359375 0.44130249609375 0.60672018359375 0.44199545703125 0.620787310546875 0.4545879609375 0.63596040625 0.5013695 0.63261457421875 0.528115486328125 0.618020158203125 0.5276255078125 0.6133583359375 0.523414005859375 0.61065876953125
0 0.61698646875 0.54426406640625 0.623937197265625 0.55060349609375 0.62606277734375 0.555878962890625 0.664379306640625 0.554208392578125 0.65640662109375 0.545619716796875 0.630932275390625 0.534942771484375 0.626270453125 0.535432748046875 0.619359384765625 0.53694468359375 0.61698646875 0.54426406640625
1 0.36016859375 0.627031001953125 0.344260533203125 0.632630771484375 0.33792110546875 0.6395815 0.33832941796875 0.6434663515625 0.379508841796875 0.63913821875 0.38413100390625 0.630796876953125 0.383722689453125 0.626912025390625 0.379592849609375 0.6249894296875 0.375707998046875 0.625397744140625 0.36016859375 0.627031001953125
3 0.2897979921875 0.592792921875 0.28386687890625 0.6036285 0.285052162109375 0.607431689453125 0.29678837890625 0.606983716796875 0.3050900625 0.603754513671875 0.30946723828125 0.59308226171875 0.308363615234375 0.59005604296875 0.3043971015625 0.58968738671875 0.298958310546875 0.59025902734375 0.2897979921875 0.592792921875