3 0.290674041015625 0.59654253125 0.289109443359375 0.603031576171875 0.28551794140625 0.605833908203125 0.286864630859375 0.6103912578125 0.30479465625 0.60897684375 0.310236384765625 0.602011748046875 0.310835134765625 0.59406705859375 0.306767580078125 0.5929922578125 0.30133959375 0.59365873046875 0.290674041015625 0.59654253125
3 0.47235553515625 0.5569182734375 0.46982508984375 0.561951673828125 0.472028673828125 0.573487865234375 0.482775693359375 0.577678115234375 0.5006105078125 0.575488275390625 0.504501384765625 0.568713599609375 0.49872004296875 0.553681119140625 0.494747697265625 0.553381744140625 0.49056039453125 0.553895880859375 0.47235553515625 0.5569182734375
2 0.101710361328125 0.820459201171875 0.133516599609375 0.81025694921875 0.141366076171875 0.810080271484375 0.14969160546875 0.813780728515625 0.1854701875 0.8038778515625 0.188095841796875 0.799619876953125 0.187946650390625 0.779173150390625 0.180370052734375 0.743108939453125 0.177241853515625 0.711221234375 0.158183046875 0.697031904296875 0.144824115234375 0.69080100390625 0.07300880859375 0.695683228515625 0.0699071015625 0.6960640703125 0.0557452578125 0.70252562890625 0.044467212890625 0.719652740234375 0.032957517578125 0.754124869140625 0.032739609375 0.765171263671875 0.029243318359375 0.768749021484375 0.037240994140625 0.83388486328125 0.044124623046875 0.83225254296875 0.05121241796875 0.825872451171875 0.059742111328125 0.82482513671875 0.070584341796875 0.829790814453125 0.090745435546875 0.82731534375 0.101710361328125 0.820459201171875
2 0.7699652265625 0.72423971484375 0.7799505625 0.72222655078125 0.78121578515625 0.7197098515625 0.78336538671875 0.7115747421875 0.781175546875 0.693739927734375 0.78264493359375 0.68647545703125 0.803785619140625 0.679157005859375 0.81725350390625 0.679864708984375 0.834707474609375 0.674573162109375 0.838257748046875 0.690666701171875 0.84568515234375 0.7062841875 0.848297064453125 0.708324837890625 0.854500478515625 0.707563154296875 0.862649330078125 0.7034141328125 0.865003095703125 0.69053125390625 0.86222825 0.67434250390625 0.842177103515625 0.626428984375 0.8409393671875 0.6163484375 0.83832745703125 0.614307787109375 0.839211837890625 0.608689380859375 0.831879642578125 0.5938473203125 0.827812087890625 0.592772517578125 0.824710380859375 0.593153359375 0.806480982421875 0.5985401171875 0.7676144375 0.6025252109375 0.761016439453125 0.6064838125 0.7570303515625 0.612483060546875 0.750500078125 0.6298143359375 0.748703830078125 0.6536483984375 0.75188700390625 0.660341607421875 0.7520499375 0.674489708984375 0.75656605859375 0.692038892578125 0.7699652265625 0.72423971484375
5 0.720586291015625 0.572092158203125 0.744529306640625 0.56836520703125 0.74714121875 0.570405857421875 0.748079580078125 0.584458748046875 0.769111310546875 0.5826634921875 0.767520220703125 0.556883990234375 0.7724858984375 0.54604176171875 0.771139208984375 0.541484412109375 0.774159447265625 0.53402951953125 0.77214628515625 0.524044181640625 0.7601752734375 0.503474759765625 0.738899140625 0.48404786328125 0.735049494140625 0.47192666796875 0.727499392578125 0.468131001953125 0.725173111328125 0.4684166328125 0.71847990234375 0.471599806640625 0.7131333828125 0.479340330078125 0.7166973984375 0.48913524609375 0.7247235546875 0.496808044921875 0.715390947265625 0.510547818359375 0.717186201171875 0.531579548828125 0.714342640625 0.54688391796875 0.717321650390625 0.5583248984375 0.71390682421875 0.56897670703125 0.720586291015625 0.572092158203125
5 0.711621775390625 0.550366466796875 0.716111400390625 0.535647103515625 0.714520310546875 0.5098676015625 0.7005086484375 0.491910091796875 0.694604611328125 0.488699431640625 0.689176623046875 0.489365904296875 0.682088830078125 0.49574599609375 0.684496576171875 0.5025344140625 0.68495888671875 0.512710171875 0.68222427734375 0.52249134375 0.685447689453125 0.555154474609375 0.690957142578125 0.561562052734375 0.704914822265625 0.559848265625 0.713049931640625 0.5619978671875 0.715770796875 0.558515318359375 0.711621775390625 0.550366466796875
4 0.611781162109375 0.609065259765625 0.6193450078125 0.60656230078125 0.619549171875 0.60181453125 0.613060126953125 0.60024993359375 0.6113188515625 0.598889501953125 0.60627170703125 0.602657681640625 0.60606754296875 0.607405451171875 0.611781162109375 0.609065259765625
0 0.619210552734375 0.534951158203125 0.618326171875 0.54056956640625 0.627018798828125 0.553670353515625 0.661913 0.549385884765625 0.655532908203125 0.54229808984375 0.645751736328125 0.539563482421875 0.638786640625 0.534121751953125 0.629100677734375 0.5321625703125 0.6244481171875 0.53273383203125 0.619210552734375 0.534951158203125
0 0.4996034296875 0.59292850390625 0.473823927734375 0.594519595703125 0.467321140625 0.599253623046875 0.447350466796875 0.603279947265625 0.443269169921875 0.60850376953125 0.44498295703125 0.62246144921875 0.45251931640625 0.632555740234375 0.461810693359375 0.637711837890625 0.49670489453125 0.633427369140625 0.511927796875 0.629196880859375 0.520471234375 0.621850943359375 0.530170939453125 0.6175115 0.52959967578125 0.612858939453125 0.515764693359375 0.60275090625 0.515411337890625 0.587051953125 0.511534205078125 0.58752800390625 0.504255990234375 0.5923572421875 0.51462216796875 0.593445787109375 0.51248630859375 0.595282271484375 0.515098220703125 0.597322919921875 0.510826501953125 0.600995888671875 0.50220159765625 0.60126777734375 0.50075969921875 0.595935001953125 0.502990767578125 0.594873943359375 0.499208845703125 0.596125421875 0.4996034296875 0.59292850390625
1 0.343184154296875 0.64598041015625 0.38195548828125 0.641219888671875 0.386050529296875 0.62969744140625 0.3817925546875 0.627071787109375 0.37688177734375 0.627674755859375 0.34659898046875 0.635328599609375 0.34193267578125 0.642198486328125 0.343184154296875 0.64598041015625
4 0.414713830078125 0.638771904296875 0.419856185546875 0.635779150390625 0.420550146484375 0.628609890625 0.417095083984375 0.61329177734375 0.413217951171875 0.613767830078125 0.408851021484375 0.616665373046875 0.412006708984375 0.635955828125 0.414713830078125 0.638771904296875