2 0.0885475546875 0.798177818359375 0.119339951171875 0.7905425 0.13291583203125 0.794292126953125 0.1699975 0.787000177734375 0.17407411328125 0.77810037890625 0.172946056640625 0.750768740234375 0.168084755859375 0.726047626953125 0.1675725546875 0.696323451171875 0.1640736875 0.69108601171875 0.1426117265625 0.675357306640625 0.130594541015625 0.67149868359375 0.06184851953125 0.673956400390625 0.06101467578125 0.67323155078125 0.04725891796875 0.678109236328125 0.034320619140625 0.694677125 0.02029771484375 0.729333484375 0.02006333984375 0.737181451171875 0.015768740234375 0.74296386328125 0.020401005859375 0.8092083515625 0.0281399765625 0.80788403125 0.0363313125 0.8018291328125 0.04573797265625 0.801954513671875 0.053912921875 0.80686496875 0.0788520234375 0.805121056640625 0.0885475546875 0.798177818359375
2 0.755614017578125 0.750748828125 0.7602356015625 0.749642498046875 0.760197490234375 0.737897796875 0.7679364609375 0.736573478515625 0.770056513671875 0.733292599609375 0.771904078125 0.726114984375 0.770034787109375 0.710582544921875 0.771718861328125 0.701066888671875 0.775452103515625 0.698456361328125 0.80178640625 0.694265416015625 0.80745982421875 0.697001322265625 0.810413720703125 0.69444529296875 0.82511231640625 0.691851150390625 0.826872615234375 0.7058248984375 0.836301 0.728660333984375 0.8357232578125 0.742797572265625 0.83817029296875 0.7441927734375 0.841178685546875 0.742416091796875 0.838584544921875 0.727717494140625 0.851506458984375 0.722114958984375 0.854585734375 0.71015226953125 0.852498453125 0.69150244140625 0.844410771484375 0.665440625 0.83425753515625 0.643439033203125 0.835380251953125 0.637095263671875 0.829232744140625 0.616379880859375 0.82734706640625 0.61181279296875 0.822507494140625 0.609801736328125 0.818610759765625 0.61007422265625 0.799345076171875 0.614554041015625 0.75881903515625 0.6173878984375 0.7529657421875 0.6232793046875 0.749107119140625 0.6352964921875 0.74263796875 0.643580435546875 0.738871955078125 0.668121669921875 0.74237082421875 0.673359109375 0.7462728984375 0.706762033203125 0.755810279296875 0.731156162109375 0.755614017578125 0.750748828125
5 1 0.597992365234375 0.998639896484375 0.597485359375 0.969891328125 0.57835039453125 0.968114646484375 0.575342001953125 0.9711230390625 0.5735653203125 0.965667611328125 0.57394680078125 0.955879470703125 0.5683659921875 0.948756353515625 0.5672977734375 0.938897330078125 0.57190297265625 0.927207125 0.5727204296875 0.92042737890625 0.565362939453125 0.9077943359375 0.56389685546875 0.901559560546875 0.56433283203125 0.892643375 0.57122157421875 0.891013798828125 0.581516576171875 0.897286685546875 0.592825298828125 0.902960103515625 0.59556120703125 0.9078377890625 0.60931696484375 0.94064658203125 0.630517482421875 0.968326931640625 0.6567755625 0.97862193359375 0.658405138671875 0.98451333984375 0.66425843359375 0.986382630859375 0.679790875 1 0.69053507421875 1 0.597992365234375
5 0.409606439453125 0.573672498046875 0.402428826171875 0.57182493359375 0.40159498046875 0.571100083984375 0.379086529296875 0.58520455078125 0.37522790625 0.59722173828125 0.375827376953125 0.6057945546875 0.4094482890625 0.6050098671875 0.4153396953125 0.610863162109375 0.43489425 0.59931472265625 0.435128625 0.591466755859375 0.4300710625 0.5863383125 0.41716553515625 0.5809754921875 0.409606439453125 0.573672498046875
0 0.4969531328125 0.6020235625 0.491007228515625 0.595390921875 0.470580716796875 0.59446980859375 0.469746873046875 0.593744958984375 0.4428512109375 0.601107791015625 0.436943419921875 0.6062198515625 0.438703716796875 0.62019359765625 0.444813111328125 0.62916428125 0.453097056640625 0.6356334296875 0.499803375 0.631584248046875 0.523979513671875 0.61892948046875 0.521150998046875 0.612078849609375 0.51163534375 0.610394775390625 0.4969531328125 0.6020235625
0 0.62646114453125 0.53892959765625 0.624902451171875 0.539038591796875 0.617997322265625 0.541087759765625 0.615931767578125 0.545147986328125 0.62409033203125 0.561023796875 0.65682290234375 0.558734912109375 0.6594334296875 0.56246815625 0.66410951171875 0.562141171875 0.653106044921875 0.5503800859375 0.641868205078125 0.54646696484375 0.636810642578125 0.541338521484375 0.62646114453125 0.53892959765625
1 0.3346527109375 0.632951658203125 0.3349796953125 0.63762773828125 0.373947041015625 0.634902876953125 0.379364357421875 0.6227766953125 0.376083478515625 0.620656642578125 0.365951966796875 0.621365107421875 0.362055232421875 0.62163759375 0.340506005859375 0.627060251953125 0.3346527109375 0.632951658203125
4 0.4121350390625 0.63223251171875 0.413928107421875 0.62427555078125 0.4131106484375 0.61258534765625 0.409720775390625 0.6089066015625 0.405824041015625 0.609179087890625 0.402199791015625 0.61334830859375 0.4060092578125 0.63422718359375 0.4121350390625 0.63223251171875
4 0.61411126953125 0.608711064453125 0.6076040078125 0.60525030859375 0.6037072734375 0.605522794921875 0.60019201953125 0.611250708984375 0.604306744140625 0.614095611328125 0.61054151953125 0.6136596328125 0.61411126953125 0.608711064453125
3 0.48650568359375 0.55341518359375 0.469414548828125 0.55539346875 0.46662414453125 0.5602875390625 0.469109291015625 0.573427443359375 0.476395900390625 0.576833701171875 0.496713416015625 0.57619612109375 0.4995038203125 0.57130205078125 0.49895884765625 0.563508580078125 0.496021337890625 0.555099255859375 0.49040241796875 0.553142697265625 0.48650568359375 0.55341518359375
3 0.2844585703125 0.58712263671875 0.281052310546875 0.594409244140625 0.282213138671875 0.59981017578125 0.29395783984375 0.599772064453125 0.30080846875 0.596943548828125 0.305664427734375 0.587989251953125 0.30539194140625 0.584092517578125 0.29982751953125 0.5829153046875 0.295541111328125 0.5832150390625 0.2844585703125 0.58712263671875