3 0.27421875 0.58359375 0.29375 0.58359375 0.30078125 0.571875 0.3 0.56875 0.29609375 0.56875 0.2796875 0.5703125 0.278125 0.5765625 0.27421875 0.57890625 0.27421875 0.58359375
5 0.68984375 0.5625 0.69375 0.5671875 0.7015625 0.56796875 0.70703125 0.5609375 0.71171875 0.559375 0.73828125 0.559375 0.72421875 0.53828125 0.7078125 0.5296875 0.703125 0.5296875 0.696875 0.5359375 0.6953125 0.5484375 0.690625 0.55859375 0.68984375 0.5625
5 0.66171875 0.56875 0.6515625 0.58125 0.64453125 0.5859375 0.64140625 0.5921875 0.64296875 0.5984375 0.65078125 0.603125 0.6578125 0.6046875 0.66171875 0.60078125 0.66484375 0.609375 0.66796875 0.6078125 0.66875 0.60390625 0.66640625 0.60234375 0.66796875 0.6 0.66484375 0.60078125 0.66328125 0.5984375 0.6703125 0.59140625 0.70390625 0.59296875 0.70703125 0.590625 0.70703125 0.57890625 0.70234375 0.57265625 0.6875 0.56328125 0.690625 0.55625 0.68984375 0.54921875 0.68203125 0.540625 0.67734375 0.540625 0.66953125 0.546875 0.66875 0.55703125 0.67109375 0.5640625 0.66171875 0.56875
2 0.74140625 0.6421875 0.7390625 0.6515625 0.728125 0.66875 0.728125 0.684375 0.73046875 0.69140625 0.728125 0.70390625 0.73359375 0.734375 0.7390625 0.746875 0.7375 0.76796875 0.7421875 0.76640625 0.7421875 0.7625 0.7390625 0.76015625 0.74140625 0.75546875 0.7515625 0.7546875 0.753125 0.75234375 0.75625 0.74375 0.7546875 0.72890625 0.75703125 0.7203125 0.76171875 0.7171875 0.7875 0.71484375 0.79375 0.71796875 0.79921875 0.71484375 0.8109375 0.7140625 0.8125 0.73125 0.81796875 0.74765625 0.821875 0.75 0.83515625 0.74609375 0.8390625 0.73359375 0.83828125 0.71640625 0.82421875 0.6671875 0.825 0.6578125 0.821875 0.65390625 0.821875 0.64453125 0.81875 0.634375 0.81484375 0.63203125 0.8109375 0.63203125 0.79140625 0.63515625 0.75703125 0.63359375 0.746875 0.63671875 0.74140625 0.6421875
3 0.47265625 0.575 0.490625 0.57578125 0.4953125 0.56953125 0.49453125 0.5625 0.49140625 0.55390625 0.48671875 0.55234375 0.4828125 0.55234375 0.4671875 0.55234375 0.4625 0.5578125 0.46328125 0.5703125 0.47265625 0.575
2 0 0.775 0.0078125 0.77421875 0.01484375 0.76875 0.02578125 0.76953125 0.0328125 0.775 0.05546875 0.775 0.0609375 0.77421875 0.06875 0.76875 0.09609375 0.7640625 0.10546875 0.7640625 0.11328125 0.76875 0.11953125 0.76875 0.1515625 0.76328125 0.1546875 0.75859375 0.15625 0.72890625 0.15546875 0.7109375 0.15234375 0.7015625 0.1546875 0.67265625 0.153125 0.66953125 0.13984375 0.65625 0.1234375 0.64609375 0.0609375 0.64296875 0.05598984375 0.64296875 0.03671875 0.6453125 0.028125 0.65390625 0.01875 0.6671875 0.00546875 0.69609375 0.0046875 0.703125 0 0.70859375 0 0.775
1 0.328125 0.62578125 0.334375 0.6265625 0.365625 0.62578125 0.37109375 0.6171875 0.36875 0.61171875 0.36453125 0.61171875 0.34765625 0.61171875 0.33125 0.615625 0.325 0.62265625 0.328125 0.62578125
4 0.40390625 0.62421875 0.40390625 0.60234375 0.4 0.60234375 0.3953125 0.6046875 0.39609375 0.62421875 0.3984375 0.62734375 0.40390625 0.62421875
0 0.43046875 0.615625 0.44140625 0.63046875 0.490625 0.63125 0.515625 0.6203125 0.515625 0.615625 0.50859375 0.61171875 0.5046875 0.60625 0.4984375 0.60234375 0.49453125 0.60390625 0.48984375 0.6015625 0.48125 0.5921875 0.4640625 0.59140625 0.46328125 0.590625 0.45625 0.59453125 0.4375 0.5953125 0.43125 0.59921875 0.43046875 0.615625
0 0.61875 0.56953125 0.61953125 0.58125 0.62578125 0.584375 0.6421875 0.584375 0.65 0.58046875 0.6578125 0.57109375 0.6546875 0.565625 0.6328125 0.55078125 0.6234375 0.54765625 0.6203125 0.54765625 0.61484375 0.54921875 0.6125 0.553125 0.61328125 0.56015625 0.61875 0.56953125
4 0.60546875 0.61953125 0.60625 0.61640625 0.59921875 0.6125 0.59609375 0.6125 0.5921875 0.6171875 0.59296875 0.61953125 0.5984375 0.621875 0.60546875 0.61953125