2 0 0.7137938984375 0.002780775390625 0.716014357421875 0.026043576171875 0.718870669921875 0.036790595703125 0.714680419921875 0.07244648046875 0.712761474609375 0.08341140625 0.7196176171875 0.122073787109375 0.71885494140625 0.127474287109375 0.70692416796875 0.13110602734375 0.683756578125 0.131051052734375 0.65856208203125 0.13641032421875 0.627735435546875 0.134464884765625 0.62434809765625 0.119989923828125 0.607615572265625 0.10921541796875 0.59920857421875 0.036706150390625 0.587157087890625 0.03602593359375 0.586286451171875 0.021592201171875 0.588449796875 0.0057303125 0.60224454296875 0 0.61088078125 0 0.7137938984375
2 0.7195194296875 0.782766638671875 0.723763662109375 0.773842359375 0.727585822265625 0.749123916015625 0.730197732421875 0.747083267578125 0.743665619140625 0.746375564453125 0.76518714453125 0.750592310546875 0.781851947265625 0.749490021484375 0.7839878046875 0.7513265078125 0.78208359765625 0.766835041015625 0.78677738671875 0.78630217578125 0.80266676171875 0.78510467578125 0.808448103515625 0.7700721953125 0.809196044921875 0.757570158203125 0.80632499609375 0.729668541015625 0.801631205078125 0.71020140625 0.80256956640625 0.696148515625 0.799902681640625 0.672994669921875 0.79563096484375 0.66932169921875 0.7925292578125 0.668940857421875 0.771987322265625 0.66956709375 0.734086625 0.66412635546875 0.723053974609375 0.67064288671875 0.71871453125 0.680342591796875 0.711654224609375 0.68655975 0.7056824609375 0.703143083984375 0.701874044921875 0.73416015234375 0.702799654296875 0.758674431640625 0.707112603515625 0.781243271484375 0.7195194296875 0.782766638671875
5 0.711217416015625 0.619601166015625 0.713557439453125 0.626185421875 0.712333447265625 0.642564591796875 0.738697955078125 0.645801748046875 0.74208529296875 0.64385630859375 0.75115876171875 0.62765381640625 0.752301287109375 0.6183486953125 0.74830145703125 0.606050822265625 0.7527223671875 0.58927706640625 0.7495794296875 0.570000353515625 0.745783763671875 0.56245025 0.747307130859375 0.550043423828125 0.74050496875 0.541337052734375 0.737770359375 0.531555880859375 0.73068256640625 0.5251757890625 0.727580859375 0.524794947265625 0.713256080078125 0.532481490234375 0.71337877734375 0.5443033125 0.724452658203125 0.55668265234375 0.714821669921875 0.583836330078125 0.71592395703125 0.600501130859375 0.70276919140625 0.61147980078125 0.6937634453125 0.61430962109375 0.691546119140625 0.619547185546875 0.699790181640625 0.62292078125 0.711217416015625 0.619601166015625
5 0.656529220703125 0.603440896484375 0.675819677734375 0.606596583984375 0.682444169921875 0.578286638671875 0.687463828125 0.5694575703125 0.692021177734375 0.570804259765625 0.7000885625 0.58202733203125 0.70493154296875 0.581047740234375 0.693707478515625 0.54424933203125 0.687286158203125 0.53244125390625 0.687653255859375 0.523040921875 0.68221152734375 0.516075826171875 0.6767835390625 0.515409353515625 0.672525564453125 0.5180350078125 0.6674106953125 0.527639501953125 0.654446349609375 0.5370673203125 0.645182458984375 0.554820666015625 0.642013029296875 0.567812498046875 0.644067421875 0.576723033203125 0.64911456640625 0.580491212890625 0.6502983203125 0.59008196484375 0.654474828125 0.594530361328125 0.656529220703125 0.603440896484375
4 0.59127167578125 0.628487193359375 0.58476888671875 0.623753166015625 0.582442607421875 0.62346753515625 0.57915048046875 0.624637546875 0.577708580078125 0.629970322265625 0.58924476953125 0.63217390625 0.59127167578125 0.628487193359375
0 0.480317935546875 0.62824477734375 0.490384740234375 0.623183888671875 0.499104853515625 0.622680349609375 0.5018119765625 0.619864275390625 0.491214146484375 0.60360780078125 0.49389378125 0.5881944765625 0.4900166484375 0.58771842578125 0.47713376953125 0.59007219140625 0.451735109375 0.58537939453125 0.44428021875 0.588399634765625 0.425574767578125 0.586890009765625 0.418800091796875 0.59078088671875 0.41699109375 0.605513994140625 0.42118134375 0.616261013671875 0.42885414453125 0.62428716796875 0.465299197265625 0.62876205859375 0.480317935546875 0.62824477734375
0 0.613607873046875 0.56196343359375 0.60798946484375 0.5628478125 0.60605776953125 0.565759099609375 0.6052960859375 0.57196251171875 0.610261765625 0.5828047421875 0.645060755859375 0.587864638671875 0.63990465625 0.57857326171875 0.631851015625 0.573648814453125 0.62640928515625 0.566683716796875 0.617485005859375 0.562439484375 0.613607873046875 0.56196343359375
1 0.3124174453125 0.59818378515625 0.311846181640625 0.60283634375 0.350522306640625 0.60837229296875 0.356902396484375 0.601284498046875 0.35747366015625 0.5966319375 0.353786947265625 0.594605033203125 0.348876169921875 0.594002064453125 0.318416693359375 0.594197697265625 0.3124174453125 0.59818378515625
4 0.381539373046875 0.612180708984375 0.385906302734375 0.615078251953125 0.39179659765625 0.605568966796875 0.392149953125 0.589870013671875 0.387497392578125 0.58929875 0.383334626953125 0.591148978515625 0.38181126171875 0.6035558046875 0.381539373046875 0.612180708984375
3 0.474041376953125 0.5495495234375 0.461828408203125 0.5480499609375 0.457570431640625 0.550675615234375 0.455666224609375 0.5661841484375 0.462944439453125 0.57101338671875 0.48223489453125 0.57416907421875 0.486968921875 0.56766628515625 0.48685996875 0.562143087890625 0.4847103671875 0.55400798046875 0.4781123671875 0.55004937890625 0.474041376953125 0.5495495234375
3 0.266285435546875 0.55080228125 0.26716981640625 0.556420689453125 0.277930580078125 0.5585290625 0.286745904296875 0.55725009765625 0.294377474609375 0.546380380859375 0.287684265625 0.54319720703125 0.283031705078125 0.542625943359375 0.27266552734375 0.54371448828125 0.266285435546875 0.55080228125