2 0.933734919921875 0.673647564453125 0.92879931640625 0.67330243359375 0.86623357421875 0.67206004296875 0.851660357421875 0.678872560546875 0.834258625 0.6925357109375 0.829664470703125 0.74703549609375 0.827053943359375 0.750768740234375 0.826705234375 0.778154876953125 0.8300025 0.787000177734375 0.86625032421875 0.795016978515625 0.87910135546875 0.790433505859375 0.914515333984375 0.799175154296875 0.92582405859375 0.805448041015625 0.947645771484375 0.806973962890625 0.955041375 0.802009009765625 0.965227380859375 0.801938126953125 0.972639369140625 0.807938529296875 0.979598994140625 0.8092083515625 0.984231259765625 0.74296386328125 0.980552515625 0.73957398828125 0.980372638671875 0.73094667578125 0.966404232421875 0.69551096875 0.959989578125 0.686447677734375 0.951236884765625 0.67722089453125 0.933734919921875 0.673647564453125
2 0.170767255859375 0.616379880859375 0.1681186171875 0.63185782421875 0.165562587890625 0.634811720703125 0.16574246484375 0.643439033203125 0.155589228515625 0.665440625 0.1473380546875 0.693840482421875 0.145523259765625 0.708593576171875 0.148493541015625 0.722114958984375 0.160636109375 0.727662998046875 0.15876681640625 0.7431954375 0.16182970703125 0.7441927734375 0.16521958203125 0.740514029296875 0.1646963359375 0.725597443359375 0.174124720703125 0.7027620078125 0.175667029296875 0.6919056484375 0.18880693359375 0.694390794921875 0.19170633203125 0.697726171875 0.198992939453125 0.694319912109375 0.210628646484375 0.69591671875 0.21358254296875 0.698472748046875 0.223768548828125 0.698401865234375 0.228896994140625 0.703459427734375 0.227371072265625 0.725281140625 0.229888990234375 0.7340719453125 0.239748013671875 0.73867714453125 0.2397643984375 0.749642498046875 0.244385982421875 0.750748828125 0.244805576171875 0.73354869921875 0.2537271015625 0.706762033203125 0.257683673828125 0.672579763671875 0.261128044921875 0.668121669921875 0.257416529296875 0.642801087890625 0.254408134765625 0.64102440625 0.247088755859375 0.62249995703125 0.24118096484375 0.6173878984375 0.201434271484375 0.6146085390625 0.17905119921875 0.60991073046875 0.177492505859375 0.609801736328125 0.17265293359375 0.61181279296875 0.170767255859375 0.616379880859375
5 0 0.69363879296875 0.006892119140625 0.68636901953125 0.010843349609375 0.685862158203125 0.012293048828125 0.687529845703125 0.008919560546875 0.7021739453125 0.03191848828125 0.709264291015625 0.043810294921875 0.6959990078125 0.049412830078125 0.68307709375 0.058694109375 0.6735450546875 0.066018830078125 0.65839409375 0.05949518359375 0.65088949609375 0.042567541015625 0.646573169921875 0.06691251171875 0.62321448828125 0.094500251953125 0.60948045703125 0.09792823828125 0.594057009765625 0.0950833359375 0.589942287109375 0.106304791015625 0.5750638125 0.10712225 0.563373609375 0.10500219921875 0.560092728515625 0.094363828125 0.555433033203125 0.081169427734375 0.553727232421875 0.077272693359375 0.55345474609375 0.066923193359375 0.555863669921875 0.055919728515625 0.567624755859375 0.022424197265625 0.576246728515625 0.017257640625 0.5829338671875 0 0.59486572265625 0 0.69363879296875
3 0.69841218359375 0.59688905078125 0.718566208984375 0.599864673828125 0.718947689453125 0.594409244140625 0.714816580078125 0.58628879296875 0.704458888671875 0.5832150390625 0.70017248046875 0.5829153046875 0.6938287109375 0.58403801953125 0.69841218359375 0.59688905078125
3 0.502092984375 0.55966634375 0.49988032421875 0.56890951171875 0.503341080078125 0.5754167734375 0.52204540625 0.57672470703125 0.53177905078125 0.57192324609375 0.533321359375 0.56106688671875 0.529081255859375 0.554505126953125 0.51349431640625 0.55341518359375 0.50959758203125 0.553142697265625 0.503978662109375 0.555099255859375 0.502092984375 0.55966634375
5 0.563819541015625 0.595308994140625 0.565830599609375 0.60014856640625 0.578807009765625 0.604971755859375 0.581706408203125 0.608307130859375 0.593723595703125 0.604448509765625 0.624172623046875 0.6057945546875 0.62477209375 0.59722173828125 0.6216383203125 0.58603839453125 0.602247255859375 0.572151916015625 0.59601248046875 0.571715939453125 0.565759716796875 0.589962560546875 0.563819541015625 0.595308994140625
1 0.620417654296875 0.62589408203125 0.624548763671875 0.63401453515625 0.6563929921875 0.637807615234375 0.662682265625 0.637464248046875 0.666017640625 0.63456484765625 0.660273341796875 0.627114748046875 0.637944767578125 0.62163759375 0.634048033203125 0.621365107421875 0.621523984375 0.621272498046875 0.620417654296875 0.62589408203125
4 0.586071892578125 0.62427555078125 0.58824644140625 0.626777083984375 0.5878649609375 0.63223251171875 0.59321139453125 0.634172685546875 0.597184353515625 0.61095576953125 0.59339661328125 0.60912458984375 0.591058572265625 0.608961099609375 0.5868893515625 0.61258534765625 0.586071892578125 0.62427555078125
4 0.386450087890625 0.61188294921875 0.39330071875 0.61471146484375 0.398140291015625 0.612700408203125 0.3985217734375 0.60724498046875 0.39551337890625 0.605468296875 0.393175337890625 0.6053048046875 0.38588873046875 0.608711064453125 0.386450087890625 0.61188294921875
0 0.357352447265625 0.54641246875 0.345280763671875 0.5510504375 0.34011420703125 0.557737576171875 0.3759641640625 0.56024444921875 0.382907404296875 0.55054891796875 0.3833433828125 0.544314142578125 0.382002677734375 0.541087759765625 0.37743558984375 0.539202083984375 0.37353885546875 0.53892959765625 0.363189357421875 0.541338521484375 0.357352447265625 0.54641246875
0 0.498043802734375 0.60637266015625 0.48424993359375 0.613239677734375 0.47634746875 0.6142533984375 0.476020486328125 0.61892948046875 0.4986924296875 0.63069590625 0.548516134765625 0.634963078125 0.561296283203125 0.62019359765625 0.56233173046875 0.605386005859375 0.5479601171875 0.598115783203125 0.5309779765625 0.594578802734375 0.5270812421875 0.594306318359375 0.51049696875 0.596279263671875 0.498043802734375 0.60637266015625