2 0 0.775 0.00703125 0.77421875 0.015625 0.76875 0.02578125 0.76953125 0.0328125 0.775 0.05546875 0.775 0.06953125 0.76875 0.10078125 0.76328125 0.11328125 0.76875 0.15078125 0.76328125 0.15546875 0.75078125 0.15625 0.728125 0.153125 0.6859375 0.1546875 0.671875 0.1515625 0.66640625 0.1359375 0.653125 0.1234375 0.64609375 0.0609375 0.64296875 0.05598984375 0.64296875 0.03671875 0.6453125 0.028125 0.65390625 0.02109375 0.6625 0.0046875 0.696875 0.0046875 0.70546875 0 0.71171875 0 0.775
2 0.7421875 0.6421875 0.7328125 0.66015625 0.72890625 0.6765625 0.72890625 0.7078125 0.73359375 0.73515625 0.740625 0.7578125 0.7421875 0.75390625 0.75078125 0.7546875 0.753125 0.75234375 0.75546875 0.74453125 0.7546875 0.72890625 0.75703125 0.71953125 0.76171875 0.7171875 0.7796875 0.71484375 0.79375 0.7171875 0.81015625 0.7140625 0.8125 0.73125 0.81875 0.7484375 0.82890625 0.7484375 0.8359375 0.74453125 0.8390625 0.725 0.83515625 0.7015625 0.82421875 0.6671875 0.825 0.659375 0.821875 0.653125 0.8234375 0.64921875 0.81796875 0.63359375 0.8140625 0.63203125 0.81015625 0.63203125 0.79140625 0.63515625 0.7578125 0.63359375 0.74765625 0.63671875 0.7421875 0.6421875
5 0.61484375 0.5296875 0.609375 0.54375 0.609375 0.55234375 0.60625 0.55703125 0.60546875 0.58671875 0.60859375 0.59921875 0.61640625 0.603125 0.6171875 0.6140625 0.6203125 0.61796875 0.65859375 0.61796875 0.66328125 0.615625 0.6640625 0.5953125 0.66796875 0.5890625 0.66953125 0.575 0.671875 0.571875 0.675 0.57265625 0.684375 0.58515625 0.69375 0.59296875 0.69609375 0.5984375 0.71015625 0.60234375 0.71328125 0.59765625 0.71171875 0.59375 0.6984375 0.5859375 0.696875 0.57890625 0.68203125 0.55546875 0.6765625 0.5390625 0.66015625 0.5203125 0.66015625 0.50625 0.65703125 0.496875 0.646875 0.49140625 0.64375 0.49140625 0.634375 0.5 0.6328125 0.515625 0.6234375 0.51953125 0.61484375 0.5296875
5 0.328125 0.60234375 0.321875 0.60390625 0.3109375 0.6171875 0.3078125 0.64140625 0.35703125 0.64140625 0.365625 0.64921875 0.3734375 0.63984375 0.38671875 0.6328125 0.3875 0.6125 0.38515625 0.6078125 0.38125 0.60625 0.37578125 0.59375 0.365625 0.584375 0.36328125 0.56875 0.35390625 0.5625 0.34921875 0.5625 0.334375 0.56875 0.33125 0.57734375 0.3359375 0.59609375 0.328125 0.60234375
5 0.36953125 0.703125 0.3796875 0.70390625 0.3828125 0.70703125 0.38515625 0.721875 0.38359375 0.740625 0.37890625 0.7515625 0.378125 0.76015625 0.384375 0.76328125 0.40625 0.7578125 0.41484375 0.75078125 0.4109375 0.7453125 0.4109375 0.73671875 0.40625 0.73671875 0.40703125 0.73125 0.4125 0.7265625 0.4078125 0.69453125 0.4078125 0.67734375 0.40234375 0.67109375 0.39765625 0.66953125 0.3703125 0.66796875 0.36953125 0.66796875 0.371875 0.6703125 0.36875 0.6796875 0.3671875 0.7 0.36953125 0.703125
5 0.3578125 0.73671875 0.3609375 0.73515625 0.3578125 0.73046875 0.35859375 0.7234375 0.35703125 0.7234375 0.34765625 0.7265625 0.3453125 0.74453125 0.35546875 0.74453125 0.3578125 0.73671875
0 0.4296875 0.61328125 0.43828125 0.628125 0.44453125 0.63203125 0.4796875 0.63203125 0.49765625 0.62890625 0.5046875 0.62265625 0.515625 0.61953125 0.51171875 0.61328125 0.509375 0.6140625 0.51015625 0.61796875 0.50703125 0.61953125 0.50546875 0.6125 0.4828125 0.59609375 0.4734375 0.59375 0.46940078125 0.59375 0.44375 0.59453125 0.4359375 0.59609375 0.43125 0.6 0.4296875 0.61328125
4 0.60546875 0.615625 0.59921875 0.6125 0.596875 0.6125 0.59140625 0.61953125 0.59609375 0.621875 0.6046875 0.6203125 0.60546875 0.615625
4 0.4046875 0.6234375 0.40546875 0.60625 0.40234375 0.60234375 0.39921875 0.60234375 0.3953125 0.60546875 0.396875 0.62734375 0.40078125 0.62734375 0.4046875 0.6234375
3 0.49140625 0.57578125 0.4953125 0.56875 0.49140625 0.5546875 0.47421875 0.55234375 0.46953125 0.55234375 0.4625 0.55859375 0.46328125 0.5703125 0.471875 0.575 0.49140625 0.57578125
3 0.29375 0.58359375 0.2984375 0.57890625 0.30078125 0.571875 0.3 0.56953125 0.2953125 0.56875 0.290625 0.56875 0.28125 0.5703125 0.275 0.57890625 0.275 0.58359375 0.29375 0.58359375