2 0 0.775 0.0078125 0.77421875 0.015625 0.76875 0.02578125 0.76953125 0.0328125 0.775 0.05546875 0.775 0.0625 0.7734375 0.06640625 0.76953125 0.0953125 0.7640625 0.10546875 0.7640625 0.11953125 0.76875 0.15078125 0.76328125 0.15390625 0.75859375 0.15625 0.740625 0.15546875 0.7109375 0.153125 0.70234375 0.15390625 0.6703125 0.14375 0.659375 0.1234375 0.64609375 0.0609375 0.64296875 0.05598984375 0.64296875 0.0390625 0.64453125 0.02734375 0.6546875 0.02109375 0.6625 0.0046875 0.69765625 0.00390625 0.70546875 0 0.709375 0 0.775
2 0.7328125 0.659375 0.728125 0.6828125 0.72890625 0.70546875 0.7328125 0.73203125 0.7390625 0.7484375 0.7375 0.76484375 0.73984375 0.76796875 0.74140625 0.76171875 0.7390625 0.76015625 0.7421875 0.7546875 0.75078125 0.75390625 0.753125 0.75078125 0.75703125 0.71953125 0.7609375 0.7171875 0.77734375 0.71484375 0.79296875 0.7171875 0.81015625 0.7140625 0.8125 0.73125 0.81953125 0.75078125 0.8171875 0.7625 0.81875 0.76640625 0.8234375 0.765625 0.82109375 0.75078125 0.8359375 0.74453125 0.83984375 0.72890625 0.83828125 0.71484375 0.83203125 0.68828125 0.8234375 0.66640625 0.82421875 0.6578125 0.82109375 0.65390625 0.82265625 0.6484375 0.81953125 0.63671875 0.8171875 0.6328125 0.81328125 0.63203125 0.8125 0.63203125 0.79140625 0.63515625 0.75 0.63515625 0.74453125 0.6390625 0.7328125 0.659375
5 0.96328125 0.5171875 0.975 0.53671875 0.965625 0.5421875 0.9578125 0.55078125 0.95078125 0.5734375 0.953125 0.61328125 0.94921875 0.625 0.95078125 0.6375 0.9453125 0.66171875 0.94921875 0.6734375 0.96796875 0.67578125 0.96953125 0.71796875 0.97265625 0.72265625 0.97265625 0.734375 0.98125 0.75859375 0.9828125 0.778125 0.98515625 0.78046875 0.99921875 0.78046875 0.99921875 0.4875 0.99296875 0.4875 0.97734375 0.49140625 0.9671875 0.49921875 0.96328125 0.50703125 0.96328125 0.5171875
5 0.32734375 0.54140625 0.31328125 0.58359375 0.3140625 0.5921875 0.31796875 0.59765625 0.32421875 0.5984375 0.3359375 0.59375 0.3359375 0.61171875 0.33828125 0.61484375 0.346875 0.61171875 0.35390625 0.6 0.3765625 0.60078125 0.38671875 0.5984375 0.3921875 0.5734375 0.3796875 0.53984375 0.37265625 0.53125 0.359375 0.52578125 0.3625 0.51328125 0.35859375 0.50546875 0.3515625 0.50078125 0.35078125 0.50078125 0.33984375 0.50625 0.33828125 0.51328125 0.34140625 0.528125 0.32734375 0.54140625
3 0.49140625 0.575 0.4953125 0.56953125 0.4921875 0.5546875 0.4875 0.55234375 0.47109375 0.5515625 0.46953125 0.5515625 0.4625 0.55703125 0.46171875 0.56875 0.47421875 0.575 0.49140625 0.575
3 0.29296875 0.584375 0.29921875 0.578125 0.30078125 0.571875 0.29609375 0.56875 0.29140625 0.56875 0.28125 0.5703125 0.27421875 0.57890625 0.27421875 0.58359375 0.29296875 0.584375
0 0.44296875 0.63125 0.49296875 0.63046875 0.5046875 0.6234375 0.515625 0.6203125 0.51484375 0.61484375 0.50703125 0.61328125 0.4984375 0.6078125 0.49609375 0.60390625 0.4984375 0.6015625 0.49140625 0.60234375 0.48515625 0.59453125 0.4640625 0.59140625 0.46328125 0.59140625 0.43828125 0.5953125 0.43046875 0.6 0.43046875 0.615625 0.44296875 0.63125
0 0.65546875 0.56875 0.65078125 0.56171875 0.62578125 0.5484375 0.621484375 0.5484375 0.61484375 0.54921875 0.61171875 0.55703125 0.61953125 0.56875 0.65546875 0.56875
4 0.4046875 0.6234375 0.4046875 0.60546875 0.4015625 0.60234375 0.39921875 0.60234375 0.3953125 0.60390625 0.396875 0.62734375 0.4015625 0.62734375 0.4046875 0.6234375
1 0.334375 0.6265625 0.3625 0.6265625 0.365625 0.62578125 0.37109375 0.61796875 0.37109375 0.61328125 0.36875 0.61171875 0.3640625 0.61171875 0.33984375 0.61328125 0.32734375 0.61953125 0.32734375 0.621875 0.334375 0.6265625
4 0.6046875 0.6203125 0.60625 0.61640625 0.59921875 0.6125 0.596875 0.6125 0.59375 0.6140625 0.59296875 0.61953125 0.5984375 0.621875 0.6046875 0.6203125