2 0 0.775 0.00703125 0.77421875 0.01484375 0.76875 0.02578125 0.76953125 0.034375 0.775 0.053125 0.775 0.06796875 0.76875 0.09921875 0.76328125 0.10703125 0.7640625 0.11484375 0.76875 0.15078125 0.76328125 0.15546875 0.7515625 0.15625 0.72734375 0.153125 0.7015625 0.15546875 0.69609375 0.153125 0.6875 0.1546875 0.67265625 0.15078125 0.665625 0.12578125 0.646875 0.06015625 0.64296875 0.05546875 0.64296875 0.0390625 0.64453125 0.0265625 0.65546875 0.0046875 0.69765625 0.00390625 0.70625 0 0.71015625 0 0.775
2 0.74140625 0.64296875 0.7328125 0.659375 0.72890625 0.6765625 0.73125 0.7234375 0.73984375 0.753125 0.75078125 0.7546875 0.753125 0.75234375 0.75625 0.74296875 0.75625 0.71953125 0.778125 0.71484375 0.79296875 0.7171875 0.81015625 0.7140625 0.81171875 0.728125 0.81796875 0.746875 0.825 0.74921875 0.83515625 0.74609375 0.8390625 0.73359375 0.83828125 0.715625 0.83203125 0.6890625 0.8234375 0.66640625 0.82265625 0.6453125 0.81796875 0.63359375 0.8140625 0.63203125 0.8125 0.63203125 0.7921875 0.63515625 0.7578125 0.63359375 0.74609375 0.6375 0.74140625 0.64296875
5 0.7265625 0.5640625 0.71953125 0.56953125 0.721875 0.57578125 0.73515625 0.5796875 0.7375 0.58515625 0.74296875 0.584375 0.74765625 0.57734375 0.771875 0.5765625 0.76953125 0.56015625 0.7546875 0.54921875 0.7546875 0.53828125 0.7484375 0.53125 0.7421875 0.53125 0.73671875 0.5375 0.740625 0.5515625 0.73046875 0.55703125 0.7265625 0.5640625
5 0.73359375 0.61484375 0.74609375 0.61015625 0.74453125 0.60078125 0.73671875 0.60078125 0.73515625 0.58984375 0.734375 0.58984375 0.7265625 0.59296875 0.7234375 0.59765625 0.7234375 0.615625 0.73359375 0.61484375
5 0.44921875 0.56484375 0.42421875 0.57421875 0.41015625 0.57578125 0.4 0.58203125 0.375 0.584375 0.36875 0.58828125 0.36953125 0.5921875 0.375 0.59140625 0.37890625 0.596875 0.39296875 0.590625 0.4046875 0.5953125 0.4390625 0.58671875 0.44296875 0.58828125 0.4453125 0.59375 0.47421875 0.59375 0.48671875 0.59921875 0.490625 0.60390625 0.49375 0.6015625 0.496875 0.5921875 0.5171875 0.59921875 0.55 0.5984375 0.55 0.59609375 0.5421875 0.59453125 0.5390625 0.590625 0.50625 0.5796875 0.490625 0.56640625 0.478125 0.56328125 0.47578125 0.5609375 0.4796875 0.55703125 0.4796875 0.55 0.47421875 0.53984375 0.4640625 0.5328125 0.4625 0.5328125 0.45390625 0.5375 0.4484375 0.54921875 0.4515625 0.5578125 0.44921875 0.56484375
3 0.490625 0.5515625 0.48359375 0.5515625 0.4765625 0.56328125 0.4921875 0.565625 0.49375 0.55625 0.490625 0.5515625
3 0.27578125 0.584375 0.28671875 0.58515625 0.2953125 0.5828125 0.30078125 0.5703125 0.29453125 0.56875 0.290234375 0.56875 0.2796875 0.57109375 0.278125 0.5765625 0.27421875 0.57890625 0.27578125 0.584375
1 0.32421875 0.62578125 0.3640625 0.62578125 0.37109375 0.61640625 0.3671875 0.61171875 0.363125 0.61171875 0.346875 0.61171875 0.33125 0.615625 0.32421875 0.621875 0.32421875 0.62578125
4 0.4078125 0.60390625 0.40234375 0.60390625 0.39921875 0.60625 0.40078125 0.62734375 0.409375 0.6171875 0.4078125 0.60390625
4 0.60546875 0.61953125 0.60625 0.61640625 0.59921875 0.6125 0.596875 0.6125 0.59375 0.6140625 0.5921875 0.61953125 0.5984375 0.621875 0.60546875 0.61953125
0 0.43671875 0.6265625 0.44375 0.63203125 0.48828125 0.63203125 0.515625 0.6203125 0.51484375 0.61484375 0.49765625 0.609375 0.48671875 0.6 0.4765625 0.5953125 0.465625 0.59375 0.4609375 0.59375 0.43671875 0.59609375 0.4296875 0.59921875 0.42890625 0.6140625 0.43671875 0.6265625
0 0.6515625 0.56953125 0.65625 0.57421875 0.66015625 0.57265625 0.65 0.5609375 0.6390625 0.55625 0.6328125 0.55 0.62421875 0.54765625 0.61953125 0.54765625 0.6140625 0.54921875 0.61171875 0.55546875 0.61953125 0.56953125 0.6515625 0.56953125