5 0.35546875 0.56796875 0.35703125 0.57265625 0.3546875 0.59609375 0.3640625 0.60078125 0.40078125 0.60234375 0.4046875 0.6046875 0.40546875 0.61640625 0.41484375 0.6171875 0.421875 0.61484375 0.42109375 0.60546875 0.41015625 0.5984375 0.41015625 0.5859375 0.4140625 0.5796875 0.41328125 0.57578125 0.4 0.5734375 0.40078125 0.56875 0.40546875 0.56484375 0.4046875 0.56171875 0.3953125 0.565625 0.38984375 0.56328125 0.39140625 0.54453125 0.38828125 0.53984375 0.37890625 0.53671875 0.37578125 0.53671875 0.36796875 0.540625 0.36640625 0.55703125 0.359375 0.56171875 0.35546875 0.56796875
5 0.51171875 0.5296875 0.50859375 0.53203125 0.50390625 0.55546875 0.515625 0.5625 0.5125 0.57265625 0.51484375 0.58046875 0.5125 0.596875 0.51484375 0.63828125 0.51171875 0.64375 0.51875 0.6453125 0.5296875 0.63359375 0.5265625 0.6078125 0.5328125 0.59140625 0.53515625 0.596875 0.534375 0.621875 0.5375 0.6296875 0.53515625 0.63125 0.53359375 0.63984375 0.534375 0.6515625 0.5375 0.65546875 0.54296875 0.65625 0.546875 0.653125 0.54609375 0.61875 0.55078125 0.60625 0.55078125 0.5890625 0.55703125 0.5765625 0.55625 0.56171875 0.56171875 0.55703125 0.565625 0.54375 0.56015625 0.528125 0.55703125 0.52265625 0.5484375 0.51640625 0.5421875 0.4984375 0.5359375 0.49140625 0.5296875 0.49140625 0.5234375 0.496875 0.51953125 0.5125 0.51484375 0.51796875 0.51171875 0.5296875
0 0.44140625 0.63046875 0.48828125 0.63125 0.4953125 0.6296875 0.509375 0.62109375 0.50546875 0.61875 0.50625 0.6140625 0.5 0.60859375 0.49453125 0.60703125 0.48046875 0.59609375 0.47109375 0.59296875 0.465625 0.59296875 0.43984375 0.5953125 0.43125 0.6 0.4296875 0.6140625 0.44140625 0.63046875
0 0.61796875 0.56875 0.6421875 0.57109375 0.6515625 0.57109375 0.6546875 0.56875 0.65390625 0.56640625 0.646875 0.5640625 0.646875 0.5609375 0.63359375 0.55703125 0.63125 0.55546875 0.6328125 0.553125 0.625 0.55 0.61875 0.55 0.6140625 0.553125 0.6140625 0.56328125 0.6203125 0.56640625 0.61796875 0.56875
0 0.43046875 0.6140625 0.43828125 0.62734375 0.44375 0.63125 0.48671875 0.63125 0.50546875 0.621875 0.5046875 0.615625 0.50859375 0.615625 0.50078125 0.60625 0.503125 0.60234375 0.4984375 0.60234375 0.496875 0.6046875 0.4875 0.60078125 0.48203125 0.59453125 0.4828125 0.5921875 0.46640625 0.59140625 0.46328125 0.59140625 0.45546875 0.59453125 0.4390625 0.5953125 0.43125 0.6 0.43046875 0.6140625
1 0.36328125 0.62578125 0.3703125 0.61875 0.3703125 0.6125 0.365625 0.6125 0.33203125 0.61484375 0.32421875 0.6234375 0.328125 0.62578125 0.36328125 0.62578125
1 0.4046875 0.575 0.4125 0.57421875 0.41875 0.56875 0.4234375 0.55546875 0.415625 0.55390625 0.41015625 0.55390625 0.40625 0.55625 0.40078125 0.565625 0.40078125 0.57265625 0.4046875 0.575
4 0.40234375 0.62421875 0.40546875 0.6171875 0.40625 0.60546875 0.40234375 0.603125 0.396875 0.603125 0.39453125 0.60625 0.39453125 0.615625 0.3984375 0.62578125 0.40234375 0.62421875
3 0.29453125 0.5828125 0.30078125 0.57109375 0.2921875 0.56875 0.28671875 0.56875 0.28046875 0.57109375 0.275 0.57890625 0.27578125 0.584375 0.29453125 0.5828125
3 0.52734375 0.5546875 0.5375 0.55546875 0.54765625 0.55078125 0.546875 0.52734375 0.51796875 0.52421875 0.51484375 0.52421875 0.51015625 0.53203125 0.5109375 0.5453125 0.5140625 0.54921875 0.52734375 0.5546875
4 0.60546875 0.6203125 0.60625 0.615625 0.6 0.61328125 0.5984375 0.61171875 0.59375 0.61328125 0.5921875 0.61953125 0.596875 0.621875 0.60546875 0.6203125