2 0 0.77421875 0.00703125 0.77421875 0.01484375 0.76875 0.02265625 0.76875 0.0328125 0.775 0.05625 0.775 0.06640625 0.76953125 0.1015625 0.76328125 0.11328125 0.76875 0.1515625 0.76328125 0.15546875 0.75078125 0.15625 0.72734375 0.153125 0.70234375 0.1546875 0.67109375 0.15234375 0.66796875 0.1359375 0.653125 0.12421875 0.64609375 0.05078125 0.64296875 0.05 0.6421875 0.0359375 0.64609375 0.021875 0.66171875 0.0046875 0.69609375 0.0046875 0.70234375 0 0.70703125 0 0.77421875
2 0.7390625 0.65234375 0.7328125 0.659375 0.72890625 0.6765625 0.72890625 0.7078125 0.7328125 0.73203125 0.73984375 0.75390625 0.75234375 0.75390625 0.75546875 0.74453125 0.75625 0.71953125 0.75859375 0.7171875 0.771875 0.71484375 0.79375 0.71640625 0.81015625 0.71328125 0.8125 0.71484375 0.8125 0.73046875 0.81953125 0.74921875 0.83515625 0.74609375 0.8390625 0.73046875 0.83828125 0.71796875 0.83203125 0.690625 0.825 0.671875 0.82421875 0.6578125 0.81875 0.63515625 0.8140625 0.63203125 0.8109375 0.63203125 0.790625 0.63515625 0.75234375 0.634375 0.7421875 0.6421875 0.7390625 0.65234375
5 0.7234375 0.55703125 0.7265625 0.5734375 0.71484375 0.5859375 0.70625 0.58984375 0.7046875 0.5953125 0.71328125 0.59765625 0.72421875 0.59296875 0.72734375 0.59921875 0.728125 0.615625 0.7546875 0.615625 0.7578125 0.61328125 0.76484375 0.59609375 0.76484375 0.58671875 0.759375 0.575 0.76171875 0.5578125 0.75625 0.5390625 0.7515625 0.53203125 0.7515625 0.51953125 0.74375 0.51171875 0.73984375 0.50234375 0.73203125 0.496875 0.72890625 0.496875 0.715625 0.50625 0.7171875 0.51796875 0.7296875 0.52890625 0.7234375 0.55703125
5 0.65078125 0.53671875 0.64921875 0.55 0.65234375 0.55859375 0.6578125 0.56171875 0.66015625 0.57109375 0.66484375 0.575 0.66796875 0.58359375 0.6875 0.584375 0.690625 0.55546875 0.69453125 0.54609375 0.69921875 0.546875 0.70859375 0.55703125 0.71328125 0.55546875 0.69765625 0.5203125 0.68984375 0.509375 0.6890625 0.5 0.6828125 0.49375 0.67734375 0.49375 0.6734375 0.496875 0.66953125 0.50703125 0.6578125 0.51796875 0.65078125 0.53671875
4 0.60625 0.61640625 0.59921875 0.6125 0.596875 0.6125 0.59375 0.6140625 0.59296875 0.61953125 0.6046875 0.6203125 0.60625 0.61640625
0 0.43671875 0.5953125 0.43046875 0.6 0.43046875 0.61484375 0.4359375 0.625 0.44453125 0.63203125 0.48125 0.63203125 0.49609375 0.6296875 0.50546875 0.6234375 0.5140625 0.621875 0.51640625 0.61875 0.50390625 0.60390625 0.5046875 0.58828125 0.50078125 0.58828125 0.48828125 0.5921875 0.4625 0.590625 0.45546875 0.59453125 0.43671875 0.5953125
0 0.61953125 0.56875 0.6546875 0.56953125 0.6484375 0.5609375 0.63984375 0.55703125 0.63359375 0.55078125 0.62421875 0.54765625 0.6203125 0.54765625 0.61484375 0.54921875 0.61328125 0.55234375 0.61328125 0.55859375 0.61953125 0.56875
1 0.36484375 0.62578125 0.3703125 0.61796875 0.3703125 0.61328125 0.36640625 0.61171875 0.36145859375 0.61171875 0.33125 0.615625 0.32578125 0.6203125 0.32578125 0.625 0.36484375 0.62578125
4 0.40078125 0.628125 0.40546875 0.61796875 0.40390625 0.60234375 0.39921875 0.60234375 0.3953125 0.6046875 0.3953125 0.6171875 0.39609375 0.62578125 0.40078125 0.628125
3 0.471875 0.575 0.49140625 0.57578125 0.4953125 0.56875 0.49453125 0.56328125 0.49140625 0.55546875 0.484375 0.55234375 0.4802734375 0.55234375 0.46796875 0.55234375 0.4640625 0.55546875 0.4640625 0.57109375 0.471875 0.575
3 0.28671875 0.58515625 0.2953125 0.5828125 0.3015625 0.57109375 0.29453125 0.56875 0.28984375 0.56875 0.2796875 0.57109375 0.27421875 0.57890625 0.27578125 0.584375 0.28671875 0.58515625