2 0 0.775 0.00703125 0.77421875 0.01484375 0.76875 0.02578125 0.76953125 0.0328125 0.775 0.05234375 0.775 0.06953125 0.76875 0.1 0.76328125 0.10625 0.7640625 0.11328125 0.76875 0.15078125 0.76328125 0.15546875 0.75078125 0.15625 0.728125 0.15390625 0.7234375 0.15546875 0.7109375 0.153125 0.70234375 0.1546875 0.67109375 0.15078125 0.665625 0.1234375 0.64609375 0.05078125 0.64296875 0.05 0.6421875 0.03671875 0.6453125 0.02734375 0.6546875 0.02109375 0.6625 0.015625 0.67734375 0.0046875 0.69609375 0.00390625 0.70625 0 0.709375 0 0.775
3 0.275 0.58359375 0.29296875 0.584375 0.2984375 0.57890625 0.30078125 0.571875 0.3 0.56953125 0.2953125 0.56875 0.290625 0.56875 0.27890625 0.57109375 0.278125 0.5765625 0.27421875 0.57890625 0.275 0.58359375
3 0.4734375 0.575 0.49140625 0.575 0.4953125 0.56875 0.490625 0.55234375 0.48671875 0.55234375 0.465625 0.553125 0.4625 0.55703125 0.4625 0.56953125 0.4734375 0.575
5 0.54609375 0.53359375 0.5390625 0.55 0.53828125 0.571875 0.54140625 0.5828125 0.53828125 0.59765625 0.546875 0.628125 0.521875 0.66484375 0.5125 0.66875 0.5078125 0.67421875 0.51640625 0.6875 0.52578125 0.6953125 0.52578125 0.6828125 0.52890625 0.6796875 0.53515625 0.68203125 0.53984375 0.68046875 0.55546875 0.653125 0.56015625 0.65 0.56015625 0.7 0.56640625 0.703125 0.58515625 0.7046875 0.58828125 0.703125 0.58828125 0.69609375 0.58359375 0.67265625 0.58359375 0.65859375 0.575 0.6296875 0.578125 0.615625 0.57421875 0.6 0.57734375 0.590625 0.57734375 0.54765625 0.57421875 0.5359375 0.56875 0.53125 0.575 0.525 0.57890625 0.5109375 0.57734375 0.5046875 0.5703125 0.4984375 0.56484375 0.496875 0.5609375 0.496875 0.55234375 0.5046875 0.55234375 0.51640625 0.546875 0.52421875 0.54609375 0.53359375
5 0.6984375 0.56171875 0.7015625 0.5671875 0.70625 0.56796875 0.71328125 0.5625 0.7203125 0.5609375 0.7359375 0.56015625 0.7359375 0.5515625 0.72890625 0.5296875 0.72578125 0.52421875 0.72109375 0.521875 0.715625 0.521875 0.71015625 0.52421875 0.70625 0.53828125 0.6984375 0.55 0.6984375 0.56171875
5 0.696875 0.57734375 0.69609375 0.5765625 0.68203125 0.5828125 0.70703125 0.58515625 0.70625 0.57890625 0.696875 0.57734375
2 0.7421875 0.64140625 0.7390625 0.65234375 0.73203125 0.6609375 0.728125 0.6765625 0.72890625 0.7046875 0.7328125 0.73359375 0.73828125 0.75078125 0.73828125 0.76796875 0.7421875 0.76640625 0.74140625 0.75546875 0.75078125 0.7546875 0.753125 0.7515625 0.75546875 0.74453125 0.75625 0.72109375 0.76171875 0.7171875 0.771875 0.7171875 0.7765625 0.71484375 0.79296875 0.7171875 0.8109375 0.7140625 0.8125 0.73125 0.81953125 0.7515625 0.8171875 0.7625 0.8203125 0.7671875 0.8234375 0.76640625 0.821875 0.75078125 0.83515625 0.74609375 0.8390625 0.73359375 0.83828125 0.715625 0.82578125 0.66875 0.8234375 0.66640625 0.821875 0.64296875 0.81875 0.634375 0.8140625 0.63203125 0.8109375 0.63203125 0.78515625 0.63515625 0.75625 0.63359375 0.7484375 0.6359375 0.7421875 0.64140625
0 0.61953125 0.56875 0.65546875 0.56796875 0.65078125 0.5625 0.6265625 0.5484375 0.622265625 0.5484375 0.6140625 0.55 0.61328125 0.553125 0.61328125 0.5578125 0.61953125 0.56875
0 0.43046875 0.615625 0.4359375 0.625 0.44296875 0.63125 0.49375 0.63046875 0.5046875 0.6234375 0.515625 0.6203125 0.515625 0.615625 0.50078125 0.603125 0.490625 0.6015625 0.48125 0.59296875 0.4640625 0.5921875 0.46328125 0.59140625 0.45625 0.59453125 0.4375 0.5953125 0.43046875 0.6 0.43046875 0.615625
1 0.36484375 0.62578125 0.3703125 0.61796875 0.3703125 0.61328125 0.36640625 0.61171875 0.36145859375 0.61171875 0.3328125 0.61484375 0.32578125 0.62265625 0.334375 0.6265625 0.36484375 0.62578125
4 0.4015625 0.62734375 0.4046875 0.6234375 0.4046875 0.6046875 0.40234375 0.60234375 0.39921875 0.60234375 0.3953125 0.6046875 0.3953125 0.6203125 0.39765625 0.62734375 0.4015625 0.62734375
4 0.60546875 0.61953125 0.60625 0.61640625 0.59921875 0.6125 0.596875 0.6125 0.59375 0.6140625 0.59296875 0.61953125 0.59765625 0.621875 0.60546875 0.61953125