2 0 0.72603225 0.001827857421875 0.726192166015625 0.0106224609375 0.73323546875 0.03241421875 0.735142 0.044565009765625 0.730715416015625 0.07935392578125 0.727485177734375 0.08551205078125 0.7288081796875 0.092108001953125 0.73409065625 0.12916366015625 0.73184296484375 0.13492276953125 0.71979907421875 0.137743759765625 0.6965188515625 0.136809544921875 0.671341623046875 0.14095353515625 0.6419032734375 0.13895915625 0.6378076171875 0.12468733203125 0.62165854296875 0.112137525390625 0.612718234375 0.040030115234375 0.603272716796875 0.039319927734375 0.602426349609375 0.02581685546875 0.604381919921875 0.0165068125 0.612193974609375 0.00875332421875 0.620142208984375 0 0.634693158203125 0 0.72603225
2 0.713241224609375 0.787648537109375 0.718047068359375 0.786500525390625 0.7162569609375 0.780070037109375 0.718932244140625 0.776382921875 0.726072919921875 0.775439181640625 0.7303047578125 0.771888248046875 0.734166859375 0.7635995625 0.733086939453125 0.75801544140625 0.736919759765625 0.7410976171875 0.741015416015625 0.73910323828125 0.76690283203125 0.739015390625 0.772720505859375 0.744229775390625 0.772175783203125 0.750455994140625 0.77606716796875 0.7507964453125 0.774549421875 0.741252849609375 0.790319236328125 0.740279826171875 0.790212337890625 0.75046551953125 0.79581621484375 0.776051291015625 0.794318224609375 0.79317338671875 0.798209611328125 0.79351383984375 0.8001066171875 0.789758634765625 0.798793142578125 0.77788020703125 0.812432396484375 0.774368080078125 0.817413228515625 0.762256099609375 0.81820103125 0.744287634765625 0.813579701171875 0.716435123046875 0.806925185546875 0.693894369140625 0.809026462890625 0.687804333984375 0.8056117109375 0.68201594140625 0.808423173828125 0.6767722734375 0.8044051328125 0.6599518203125 0.800124609375 0.659577322265625 0.7769611640625 0.659903486328125 0.7436314296875 0.655419044921875 0.733173375 0.65842525390625 0.7288734453125 0.66275446484375 0.717121673828125 0.680547939453125 0.710409298828125 0.7034877109375 0.712403677734375 0.7075833671875 0.71096425390625 0.7419637421875 0.71595531640625 0.7745540078125 0.713241224609375 0.787648537109375
5 0.919910841796875 0.639472125 0.918120732421875 0.63304163671875 0.91507571484375 0.631990998046875 0.902993015625 0.6356393046875 0.9045788515625 0.644404623046875 0.902137123046875 0.654386044921875 0.893303712890625 0.656750158203125 0.881833828125 0.653393970703125 0.873574423828125 0.658161005859375 0.87783554296875 0.663239212890625 0.904939060546875 0.667178931640625 0.910280103515625 0.677841255859375 0.9168760546875 0.683123732421875 0.93731553125 0.68255925390625 0.94184901171875 0.684524349609375 0.938055 0.692034759765625 0.936897462890625 0.705265470703125 0.940613859375 0.716569892578125 0.911136701171875 0.72183331640625 0.906496322265625 0.7300539140625 0.935302806640625 0.777275505859375 0.964303330078125 0.777460021484375 0.974051197265625 0.773607443359375 0.971988728515625 0.770290064453125 0.97743666796875 0.770766697265625 0.99248465234375 0.598767455078125 0.987104802734375 0.597512544921875 0.983213416015625 0.59717209375 0.96213184375 0.5961119296875 0.94906659765625 0.6020269765625 0.949494896484375 0.624023005859375 0.95646058203125 0.634043236328125 0.9550694921875 0.640979638671875 0.94829855078125 0.6466611328125 0.934386935546875 0.6532863671875 0.926604166015625 0.652605462890625 0.9176733828125 0.64711871484375 0.919910841796875 0.639472125
5 0.38772453125 0.555268611328125 0.366467970703125 0.56517241796875 0.3605726796875 0.57877286328125 0.360806232421875 0.585067169921875 0.390312673828125 0.5884328828125 0.402356564453125 0.5941919921875 0.418466830078125 0.589327583984375 0.421920390625 0.585708560546875 0.421044740234375 0.577789609375 0.393950748046875 0.5558133359375 0.38772453125 0.555268611328125
0 0.48959169140625 0.60103984375 0.484717755859375 0.6029661328125 0.476195515625 0.592809720703125 0.46005596875 0.5890449921875 0.45616458203125 0.5887045390625 0.436503384765625 0.589337109375 0.422796041015625 0.59362751171875 0.420655955078125 0.60912496484375 0.430258115234375 0.62486549609375 0.479221484375 0.62993346875 0.5050796171875 0.621216482421875 0.50406778515625 0.6148540859375 0.49635310546875 0.613394904296875 0.487052587890625 0.60317040234375 0.48959169140625 0.60103984375
0 0.6279493203125 0.561385107421875 0.618814267578125 0.55823319140625 0.616479435546875 0.558028919921875 0.60933876171875 0.55897266015625 0.607509845703125 0.561949587890625 0.60767530859375 0.569022171875 0.613016349609375 0.579684498046875 0.646482265625 0.582612384765625 0.64932301171875 0.58599785546875 0.6525042109375 0.585491939453125 0.644828337890625 0.57462534375 0.632852537109375 0.56808795703125 0.6279493203125 0.561385107421875
4 0.58514478515625 0.620378935546875 0.580708677734375 0.62626469921875 0.58744080859375 0.629990623046875 0.595564033203125 0.626780140625 0.58981444921875 0.620787478515625 0.58514478515625 0.620378935546875
4 0.38474830859375 0.616178498046875 0.389213701171875 0.61892187109375 0.392462990234375 0.6176376796875 0.39554681640625 0.60928090234375 0.396568171875 0.59760674609375 0.39301723828125 0.593374908203125 0.389125853515625 0.593034455078125 0.3857403828125 0.595875203125 0.38474830859375 0.616178498046875
1 0.315043822265625 0.606158974609375 0.313925091796875 0.60998226953125 0.355173779296875 0.613591060546875 0.361302623046875 0.606284923828125 0.361711166015625 0.601615259765625 0.348616634765625 0.598901169921875 0.34472525 0.598560716796875 0.3225930390625 0.6005455703125 0.315043822265625 0.606158974609375
3 0.274329626953125 0.551621716796875 0.272296439453125 0.5569334765625 0.268200783203125 0.55892785546875 0.268502427734375 0.564443884765625 0.2888738125 0.564657681640625 0.29324183203125 0.5595501953125 0.294632921875 0.552613791015625 0.28854288671875 0.550512513671875 0.281538392578125 0.54989969921875 0.274329626953125 0.551621716796875
3 0.4576040078125 0.554324166015625 0.457224748046875 0.567622966796875 0.46544534375 0.57226334765625 0.485680548828125 0.574033697265625 0.489338380859375 0.56807984375 0.4874508984375 0.553798494140625 0.481428953125 0.550918939453125 0.466641689453125 0.549625220703125 0.465931501953125 0.548778853515625 0.4576040078125 0.554324166015625