2 0 0.77421875 0.00703125 0.77421875 0.01484375 0.76875 0.0234375 0.76875 0.0328125 0.775 0.0546875 0.775 0.065625 0.76953125 0.10078125 0.76328125 0.1140625 0.76875 0.15078125 0.76328125 0.15546875 0.75078125 0.15625 0.72734375 0.153125 0.70234375 0.15390625 0.67109375 0.15 0.66484375 0.12734375 0.64765625 0.1203125 0.6453125 0.0609375 0.64296875 0.05598984375 0.64296875 0.04140625 0.64375 0.0328125 0.6484375 0.02109375 0.6625 0.01484375 0.67890625 0.0046875 0.69609375 0.0046875 0.70546875 0 0.71015625 0 0.77421875
2 0.73828125 0.653125 0.73203125 0.659375 0.7265625 0.684375 0.7296875 0.6890625 0.72890625 0.70625 0.7375 0.746875 0.73828125 0.76796875 0.7421875 0.7671875 0.7421875 0.75546875 0.75078125 0.7546875 0.753125 0.75234375 0.75625 0.74375 0.7546875 0.72890625 0.75703125 0.71953125 0.76171875 0.7171875 0.7875 0.71484375 0.79453125 0.71796875 0.796875 0.715625 0.81015625 0.7140625 0.8125 0.73046875 0.81953125 0.7515625 0.8171875 0.7625 0.8203125 0.7671875 0.8234375 0.76640625 0.821875 0.75078125 0.8359375 0.74453125 0.8390625 0.734375 0.8390625 0.7234375 0.83515625 0.70078125 0.82421875 0.6671875 0.821875 0.64296875 0.81875 0.634375 0.8140625 0.63203125 0.81171875 0.63203125 0.79140625 0.63515625 0.75 0.63515625 0.74375 0.640625 0.73828125 0.653125
5 0.8796875 0.6 0.87265625 0.60390625 0.8703125 0.61796875 0.87578125 0.625 0.8921875 0.63046875 0.89921875 0.640625 0.92421875 0.65390625 0.94375 0.675 0.94453125 0.67890625 0.928125 0.68203125 0.9234375 0.68828125 0.9234375 0.69296875 0.928125 0.70390625 0.940625 0.72109375 0.94140625 0.72734375 0.95234375 0.740625 0.9828125 0.7359375 0.97421875 0.72109375 0.97578125 0.71953125 0.98359375 0.725 0.990625 0.73515625 0.99921875 0.73515625 0.99921875 0.63671875 0.98125 0.61953125 0.975 0.61640625 0.96640625 0.6046875 0.9546875 0.60390625 0.9453125 0.5984375 0.93828125 0.59765625 0.93359375 0.59765625 0.91953125 0.59765625 0.90859375 0.6046875 0.890625 0.5984375 0.8796875 0.6
5 0.984375 0.7703125 0.9875 0.7703125 0.9953125 0.78046875 0.99921875 0.78046875 0.99921875 0.7421875 0.99609375 0.740625 0.990625 0.740625 0.975 0.74453125 0.9734375 0.7484375 0.978125 0.753125 0.984375 0.7703125
5 0.40234375 0.5984375 0.4109375 0.60234375 0.4265625 0.59609375 0.42890625 0.59375 0.42734375 0.58359375 0.39921875 0.56484375 0.39296875 0.56484375 0.3734375 0.57578125 0.36875 0.58828125 0.36953125 0.59765625 0.40234375 0.5984375
0 0.43671875 0.6265625 0.4421875 0.63125 0.48984375 0.63125 0.515625 0.6203125 0.5140625 0.6140625 0.49453125 0.60625 0.48359375 0.59453125 0.465625 0.59140625 0.46171875 0.59140625 0.434375 0.59765625 0.4296875 0.60234375 0.43046875 0.615625 0.43671875 0.6265625
0 0.65703125 0.56875 0.65 0.5609375 0.6390625 0.55625 0.6328125 0.55 0.62421875 0.54765625 0.6203125 0.54765625 0.6140625 0.54921875 0.61171875 0.5546875 0.61875 0.56875 0.65703125 0.56875
4 0.60546875 0.61953125 0.60625 0.61640625 0.59921875 0.6125 0.5984375 0.61171875 0.59296875 0.6140625 0.59140625 0.61796875 0.59609375 0.62109375 0.60546875 0.61953125
3 0.47265625 0.575 0.49140625 0.575 0.4953125 0.56875 0.49375 0.559375 0.4921875 0.55390625 0.4875 0.55234375 0.4834375 0.55234375 0.465625 0.553125 0.4625 0.5578125 0.4640625 0.5703125 0.47265625 0.575
3 0.29296875 0.584375 0.2984375 0.57890625 0.30078125 0.571875 0.3 0.56953125 0.29453125 0.56875 0.290625 0.56875 0.28046875 0.5703125 0.275 0.57890625 0.275 0.58359375 0.29296875 0.584375
1 0.365625 0.62578125 0.37109375 0.61796875 0.37109375 0.61328125 0.35859375 0.61171875 0.353125 0.61171875 0.33203125 0.615625 0.3265625 0.61953125 0.32421875 0.62578125 0.365625 0.62578125
4 0.4046875 0.621875 0.40546875 0.60625 0.4015625 0.60234375 0.39765625 0.60234375 0.39453125 0.60625 0.39609375 0.62734375 0.4015625 0.62734375 0.4046875 0.621875