2 0 0.775 0.00703125 0.77421875 0.01484375 0.76875 0.02578125 0.76953125 0.0328125 0.775 0.05546875 0.775 0.06640625 0.76953125 0.0984375 0.76328125 0.10703125 0.7640625 0.1140625 0.76796875 0.15078125 0.76328125 0.15546875 0.7515625 0.15703125 0.725 0.153125 0.7015625 0.1546875 0.68984375 0.15234375 0.6828125 0.1546875 0.671875 0.15 0.66484375 0.1234375 0.64609375 0.05078125 0.6421875 0.05 0.6421875 0.03671875 0.6453125 0.021875 0.66171875 0.00625 0.69453125 0.00390625 0.70546875 0 0.709375 0 0.775
2 0.74140625 0.64296875 0.7390625 0.6515625 0.72890625 0.66796875 0.7265625 0.68203125 0.7296875 0.6890625 0.73125 0.72265625 0.73984375 0.75390625 0.7375 0.75625 0.7375 0.76796875 0.74140625 0.7671875 0.74140625 0.76171875 0.73828125 0.76015625 0.74140625 0.75859375 0.74140625 0.7546875 0.75078125 0.7546875 0.75390625 0.75078125 0.75625 0.74375 0.7546875 0.728125 0.75625 0.71953125 0.759375 0.7171875 0.81171875 0.7140625 0.8125 0.73046875 0.81796875 0.74765625 0.821875 0.75 0.83515625 0.7453125 0.8390625 0.73203125 0.83828125 0.7171875 0.82421875 0.6671875 0.821875 0.64375 0.81875 0.634375 0.8140625 0.63203125 0.8109375 0.63203125 0.790625 0.63515625 0.753125 0.634375 0.746875 0.63671875 0.74140625 0.64296875
5 0.6890625 0.53203125 0.69140625 0.54140625 0.690625 0.5609375 0.69375 0.56640625 0.69140625 0.57421875 0.69296875 0.5828125 0.71171875 0.59296875 0.7140625 0.59921875 0.71328125 0.6140625 0.7234375 0.615625 0.72578125 0.61328125 0.72734375 0.59921875 0.73125 0.5890625 0.7328125 0.56484375 0.73046875 0.54296875 0.73828125 0.52578125 0.7390625 0.5171875 0.7328125 0.509375 0.71328125 0.49609375 0.7078125 0.49609375 0.69921875 0.50546875 0.68125 0.51015625 0.67578125 0.51640625 0.6890625 0.53203125
5 0.36328125 0.57578125 0.36015625 0.59453125 0.36328125 0.60234375 0.3625 0.6078125 0.37109375 0.6109375 0.37421875 0.615625 0.390625 0.6171875 0.39765625 0.603125 0.403125 0.60234375 0.4078125 0.6078125 0.41328125 0.6015625 0.41328125 0.5828125 0.403125 0.5375 0.39140625 0.5265625 0.396875 0.51875 0.39765625 0.50546875 0.39375 0.5 0.3875 0.496875 0.38046875 0.496875 0.3734375 0.50390625 0.375 0.51875 0.36328125 0.5421875 0.36328125 0.57578125
0 0.43046875 0.61484375 0.43671875 0.6265625 0.4421875 0.63125 0.48984375 0.63125 0.515625 0.6203125 0.5140625 0.6140625 0.5046875 0.61171875 0.49765625 0.6046875 0.4984375 0.60078125 0.49375 0.603125 0.4890625 0.6 0.4859375 0.59375 0.47734375 0.59453125 0.4640625 0.590625 0.4625 0.590625 0.45546875 0.59375 0.43828125 0.5953125 0.43046875 0.6 0.43046875 0.61484375
0 0.61953125 0.56875 0.6546875 0.56953125 0.65859375 0.57265625 0.6515625 0.5625 0.62734375 0.5484375 0.622265625 0.5484375 0.61484375 0.54921875 0.6125 0.553125 0.61328125 0.559375 0.61953125 0.56875
4 0.6046875 0.6203125 0.60625 0.61640625 0.59921875 0.6125 0.596875 0.6125 0.59296875 0.61484375 0.59140625 0.61953125 0.59765625 0.621875 0.6046875 0.6203125
3 0.471875 0.575 0.490625 0.57578125 0.4953125 0.56875 0.4921875 0.55546875 0.4875 0.55234375 0.48359375 0.55234375 0.46640625 0.553125 0.4625 0.5578125 0.46328125 0.5703125 0.471875 0.575
3 0.28671875 0.58515625 0.2953125 0.5828125 0.30078125 0.571875 0.3 0.56953125 0.2953125 0.56875 0.290625 0.56875 0.28046875 0.5703125 0.275 0.57890625 0.275 0.58359375 0.28671875 0.58515625
1 0.32734375 0.625 0.33359375 0.6265625 0.3640625 0.6265625 0.37109375 0.61796875 0.36875 0.61171875 0.364375 0.61171875 0.3390625 0.61328125 0.33203125 0.615625 0.325 0.621875 0.32734375 0.625
4 0.40546875 0.61796875 0.4046875 0.60546875 0.40234375 0.603125 0.396875 0.603125 0.39453125 0.61484375 0.396875 0.62734375 0.403125 0.625 0.40546875 0.61796875