2 0.0783919453125 0.783636693359375 0.110212826171875 0.777053400390625 0.123676841796875 0.78205530859375 0.1601823671875 0.775308423828125 0.164430767578125 0.762652447265625 0.16355828125 0.737667677734375 0.160916041015625 0.729160958984375 0.160896205078125 0.68382153125 0.155966173828125 0.67695815625 0.128765490234375 0.659146595703125 0.056044439453125 0.658559166015625 0.055236400390625 0.65780565625 0.04131879296875 0.66220030078125 0.0330301953125 0.671088734375 0.027056654296875 0.679114595703125 0.0118328046875 0.713260451171875 0.011379212890625 0.722657005859375 0.00761166796875 0.726697203125 0.009901947265625 0.7922822265625 0.017682423828125 0.791228798828125 0.02529930859375 0.785490728515625 0.03547663671875 0.7859170546875 0.042694458984375 0.7911370859375 0.06689845703125 0.79029186328125 0.0783919453125 0.783636693359375
2 0.750283984375 0.750011265625 0.751681939453125 0.74527208984375 0.76102396484375 0.7441641328125 0.763847142578125 0.735466556640625 0.762493798828125 0.71909756640625 0.764536203125 0.710427255859375 0.768358279296875 0.707948607421875 0.790918931640625 0.70481559375 0.800370015625 0.706830732421875 0.818999533203125 0.703053271484375 0.820352876953125 0.71942226171875 0.827226169921875 0.737161943359375 0.833499626953125 0.737724595703125 0.843540630859375 0.734247052734375 0.847008255859375 0.72161833984375 0.8456003828125 0.70368780078125 0.82904796484375 0.65501707421875 0.830391390625 0.6487163515625 0.8270774375 0.6433599921875 0.826695724609375 0.63242915625 0.8232454453125 0.623168927734375 0.818479005859375 0.620990197265625 0.81613668359375 0.6210719921875 0.7943840703125 0.624958515625 0.757660423828125 0.62545920703125 0.75227680078125 0.62799238671875 0.746275994140625 0.635237474609375 0.745686076171875 0.640730158203125 0.7375610703125 0.654303236328125 0.73431156640625 0.673178140625 0.737935353515625 0.7097927265625 0.747941662109375 0.750093060546875 0.750283984375 0.750011265625
5 1 0.615882658203125 0.990839220703125 0.609499162109375 0.985101150390625 0.60188227734375 0.966734369140625 0.590797767578125 0.95965287109375 0.58948160546875 0.947668607421875 0.58208284375 0.940614375 0.58154745703125 0.935669732421875 0.581720126953125 0.9211222890625 0.583009861328125 0.91199838671875 0.59036401171875 0.8938497265625 0.585525693359375 0.879877587890625 0.5883587890625 0.8731505390625 0.59719269140625 0.87509380078125 0.608068998046875 0.883174193359375 0.6156040859375 0.8965836796875 0.619044447265625 0.9031025234375 0.62663406640625 0.9293043125 0.63822669921875 0.951257701171875 0.66247530859375 0.93349075390625 0.668567828125 0.929750474609375 0.673388798828125 0.929941330078125 0.678854216796875 0.947101013671875 0.700143322265625 0.95216737109375 0.71091056640625 0.964342490234375 0.723774748046875 0.99543712890625 0.71878026953125 1 0.71708018359375 1 0.615882658203125
5 0.39529696484375 0.5685395859375 0.37540581640625 0.58096009375 0.3712664765625 0.596739166015625 0.372210841796875 0.601396544921875 0.402688296875 0.601113974609375 0.415289744140625 0.603800828125 0.429960859375 0.59859814453125 0.432893099609375 0.5930236640625 0.4311406953125 0.58761277734375 0.401543158203125 0.568321462890625 0.39529696484375 0.5685395859375
0 0.626587033203125 0.54326478125 0.62034083984375 0.543482904296875 0.614929951171875 0.54523530859375 0.61425823828125 0.548385669921875 0.621077001953125 0.5645638046875 0.657019875 0.564090376953125 0.658690482421875 0.567158943359375 0.661786314453125 0.566269109375 0.6528433515625 0.556418962890625 0.6409408828125 0.5513625234375 0.634476568359375 0.545334451171875 0.626587033203125 0.54326478125
0 0.51426711328125 0.617542439453125 0.511198546875 0.619213046875 0.5087471640625 0.61617174609375 0.51100769140625 0.61374762890625 0.498941630859375 0.604006544921875 0.4869573671875 0.59660778125 0.473575146484375 0.5939481953125 0.4691505 0.59410270703125 0.44864490625 0.59638223046875 0.434028322265625 0.603146462890625 0.434546361328125 0.617981169921875 0.44758405078125 0.633160408203125 0.496745552734375 0.630661923828125 0.5197870625 0.618913130859375 0.519678001953125 0.615790033203125 0.5156650703125 0.612803263671875 0.513350013671875 0.613665833984375 0.51426711328125 0.617542439453125
1 0.335415318359375 0.62222462890625 0.330948794921875 0.628634412109375 0.338892861328125 0.632265630859375 0.36931578515625 0.63042151171875 0.375262060546875 0.621614875 0.37350965625 0.61620398828125 0.36960578515625 0.616340314453125 0.343113998046875 0.61882887890625 0.335415318359375 0.62222462890625
4 0.40606669921875 0.630701595703125 0.408299958984375 0.627496703125 0.409234408203125 0.609484369140625 0.4051942109375 0.60571682421875 0.40129033984375 0.605853150390625 0.3983035703125 0.60986608203125 0.4013820546875 0.630865185546875 0.40606669921875 0.630701595703125
4 0.59996140625 0.60907784375 0.5955221484375 0.61626840234375 0.60957608203125 0.61577762890625 0.610247794921875 0.612627267578125 0.603084501953125 0.608968783203125 0.59996140625 0.60907784375
3 0.46828075 0.55426504296875 0.464567736328125 0.559866787109375 0.46656552734375 0.572304642578125 0.4737288203125 0.575963125 0.494809720703125 0.57522696484375 0.496770330078125 0.56421433203125 0.49329278515625 0.554173330078125 0.489334384765625 0.552748107421875 0.485430515625 0.55288443359375 0.46828075 0.55426504296875
3 0.283056353515625 0.577931197265625 0.28093215234375 0.584259185546875 0.277110078125 0.586737833984375 0.278054443359375 0.591395212890625 0.290601359375 0.592520517578125 0.2983273046875 0.58990554296875 0.303383744140625 0.578003076171875 0.2986173046875 0.575824345703125 0.2935422734375 0.576001568359375 0.283056353515625 0.577931197265625