2 0.9350487890625 0.681576705078125 0.864799578125 0.6777833984375 0.851802421875 0.68292016796875 0.834232974609375 0.695499255859375 0.828950498046875 0.702095208984375 0.83012779296875 0.715530189453125 0.8228999765625 0.75332531640625 0.821295087890625 0.78063310546875 0.8234549296875 0.79180134765625 0.857154400390625 0.80102354296875 0.87553140625 0.797141681640625 0.909230875 0.80636387890625 0.919650123046875 0.812765083984375 0.941441880859375 0.814671615234375 0.9489230078125 0.809836490234375 0.959886978515625 0.810011478515625 0.9671931171875 0.816140322265625 0.97412951953125 0.8175314140625 0.979849115234375 0.75215613671875 0.976298181640625 0.747924298828125 0.975626802734375 0.737670515625 0.96292105859375 0.703621068359375 0.949631783203125 0.68520525390625 0.93589515625 0.680866517578125 0.9350487890625 0.681576705078125
2 0.166782384765625 0.6245571484375 0.163260734375 0.62895444921875 0.162511740234375 0.637515498046875 0.1590581796875 0.641134521484375 0.143940693359375 0.6884344375 0.14207296875 0.700818779296875 0.144874908203125 0.713611666015625 0.148493931640625 0.7170652265625 0.159185541015625 0.72035332421875 0.165557462890625 0.7013049375 0.175032970703125 0.70056546875 0.184615375 0.689640306640625 0.204208482421875 0.689786013671875 0.2219045859375 0.693686923828125 0.224813421875 0.6962941171875 0.22368516796875 0.718153966796875 0.225845009765625 0.729322208984375 0.22719729296875 0.731793220703125 0.238093171875 0.732746486328125 0.250292294921875 0.70087593359375 0.256644462890625 0.65516185546875 0.254825072265625 0.640102228515625 0.247762013671875 0.62223113671875 0.242148609375 0.614681919921875 0.233081646484375 0.6107517265625 0.19792299609375 0.6092442109375 0.1787384296875 0.604428841796875 0.174068767578125 0.60402030078125 0.168786291015625 0.610616251953125 0.166782384765625 0.6245571484375
5 0.170545705078125 0.482939998046875 0.174797298828125 0.5060547578125 0.1551653828125 0.515316466796875 0.148832267578125 0.524957435546875 0.14205180078125 0.548675484375 0.13636078125 0.55994109765625 0.14510705078125 0.594428369140625 0.15413520703125 0.607765978515625 0.15368785546875 0.621843056640625 0.15575032421875 0.6251604375 0.153308595703125 0.635141859375 0.157773986328125 0.637885232421875 0.15793944921875 0.64495781640625 0.16274529296875 0.6438098046875 0.16464230078125 0.6400546015625 0.161227546875 0.634266208984375 0.16163608984375 0.629596546875 0.16522583203125 0.62442096875 0.169973109375 0.6060146796875 0.173358580078125 0.603173931640625 0.1897023984375 0.60460383203125 0.209198134765625 0.59689867578125 0.21269050390625 0.583872236328125 0.220307810546875 0.577480556640625 0.21901338671875 0.52952901953125 0.209343134765625 0.514566765625 0.19757160546875 0.505694548828125 0.20140442578125 0.48877672265625 0.19981858984375 0.480011404296875 0.19258054296875 0.473104283203125 0.18791087890625 0.472695740234375 0.183241216796875 0.472287197265625 0.17335716796875 0.477696330078125 0.170545705078125 0.482939998046875
5 0.289787564453125 0.500430416015625 0.282403810546875 0.513116404296875 0.277247990234375 0.53619235546875 0.281197939453125 0.5537910859375 0.2869475234375 0.559783748046875 0.29002182421875 0.569463525390625 0.315977330078125 0.56859740234375 0.3165220546875 0.56237118359375 0.3284392890625 0.55165029296875 0.329762291015625 0.54549216796875 0.330209640625 0.53141508984375 0.326969876953125 0.5146627265625 0.320412734375 0.4999728359375 0.3160835234375 0.49567290625 0.313417765625 0.481323466796875 0.30902046484375 0.47780181640625 0.302015970703125 0.477189001953125 0.29446675390625 0.482802404296875 0.289787564453125 0.500430416015625
4 0.384514755859375 0.609884189453125 0.396967189453125 0.61097363671875 0.397307640625 0.607082251953125 0.3936886171875 0.60362869140625 0.391353787109375 0.603424419921875 0.38400883984375 0.6067029921875 0.384514755859375 0.609884189453125
0 0.35734244140625 0.543983947265625 0.34603801953125 0.54770034375 0.341027904296875 0.551183185546875 0.33990917578125 0.555006482421875 0.37493164453125 0.55807055078125 0.382043037109375 0.548497671875 0.38258776171875 0.542271455078125 0.381303568359375 0.539022166015625 0.375213533203125 0.536920888671875 0.372878701171875 0.5367166171875 0.364113380859375 0.538302453125 0.35734244140625 0.543983947265625
0 0.50211221484375 0.601351013671875 0.49723828125 0.60327730078125 0.491080154296875 0.60195430078125 0.481702021484375 0.610544630859375 0.476896177734375 0.611692642578125 0.4734426171875 0.61531166796875 0.473948533203125 0.618492865234375 0.494855115234375 0.630517 0.545375037109375 0.635721154296875 0.552924255859375 0.630107751953125 0.55925737109375 0.620466783203125 0.560551087890625 0.605679517578125 0.55395513671875 0.600397041015625 0.53916787109375 0.599103322265625 0.52868053515625 0.59348039453125 0.52783416796875 0.59419058203125 0.509865703125 0.593402779296875 0.50211221484375 0.601351013671875
1 0.618912345703125 0.628822853515625 0.62219091796875 0.636167798828125 0.625946123046875 0.638064806640625 0.654742375 0.64058415234375 0.662933689453125 0.636595392578125 0.6572521953125 0.629824453125 0.6519404375 0.627791265625 0.627045271484375 0.623260517578125 0.622570177734375 0.622868998046875 0.618474521484375 0.624863376953125 0.618912345703125 0.628822853515625
4 0.58419151953125 0.631274814453125 0.58696417578125 0.6354385625 0.59163383984375 0.63584710546875 0.595165015625 0.61341325 0.590699625 0.610669875 0.58836479296875 0.610465603515625 0.585825689453125 0.6125961640625 0.58419151953125 0.631274814453125
3 0.500778982421875 0.562806892578125 0.5020243671875 0.57546359765625 0.527979873046875 0.57459747265625 0.531569615234375 0.56942189453125 0.530966326171875 0.558389833984375 0.527347302734375 0.5549362734375 0.513338314453125 0.553710646484375 0.50866865234375 0.553302103515625 0.50386280859375 0.554450115234375 0.500778982421875 0.562806892578125
3 0.69817948046875 0.6012515234375 0.716790041015625 0.603663970703125 0.717266673828125 0.598216029296875 0.711789451171875 0.5891102578125 0.70180803125 0.586668529296875 0.69636008984375 0.586191896484375 0.69148615625 0.58811818359375 0.69817948046875 0.6012515234375