2 0.0833101171875 0.801676685546875 0.086988861328125 0.7982868125 0.119339951171875 0.7905425 0.1264085703125 0.79083137109375 0.132970330078125 0.795071474609375 0.1699975 0.787000177734375 0.172787904296875 0.782106107421875 0.173474642578125 0.7695275625 0.166160966796875 0.70973583984375 0.1675725546875 0.696323451171875 0.16490753125 0.691810861328125 0.136938310546875 0.672621400390625 0.068862642578125 0.67346592578125 0.06340721484375 0.67384740625 0.047204419921875 0.677329890625 0.03783587109375 0.6889492109375 0.02029771484375 0.729333484375 0.020172333984375 0.73874014453125 0.015768740234375 0.74296386328125 0.0203465078125 0.80842900390625 0.027360630859375 0.807938529296875 0.034772619140625 0.801938126953125 0.04412478125 0.80128416015625 0.0554716171875 0.806755974609375 0.06638247265625 0.805993013671875 0.0833101171875 0.801676685546875
2 0.75503093359375 0.731210658203125 0.75639336328125 0.75069433203125 0.760181103515625 0.74886315234375 0.75662773828125 0.742846365234375 0.75869329296875 0.738786138671875 0.760867841796875 0.736284607421875 0.76871580859375 0.73651898046875 0.770111009765625 0.7340719453125 0.772574431640625 0.72450179296875 0.770034787109375 0.710582544921875 0.77394790625 0.699344703125 0.792434244140625 0.6949193828125 0.801007060546875 0.694319912109375 0.808239171875 0.69694682421875 0.824332970703125 0.6919056484375 0.826763619140625 0.704266205078125 0.836192005859375 0.727101638671875 0.8365571015625 0.743522421875 0.841178685546875 0.742416091796875 0.837805197265625 0.7277719921875 0.851506458984375 0.722114958984375 0.8544222421875 0.707814228515625 0.852552951171875 0.6922817890625 0.83509137890625 0.6441638828125 0.832006763671875 0.6224511640625 0.82651322265625 0.611087943359375 0.822507494140625 0.609801736328125 0.81939010546875 0.610019724609375 0.8016831171875 0.614390548828125 0.766503509765625 0.615284232421875 0.75881903515625 0.6173878984375 0.75218639453125 0.62333380078125 0.7434718125 0.64430528515625 0.741008392578125 0.6538754375 0.741771353515625 0.664786294921875 0.7395968046875 0.667287826171875 0.7462728984375 0.706762033203125 0.75503093359375 0.731210658203125
5 0.703202236328125 0.550009650390625 0.708041810546875 0.55202070703125 0.711775052734375 0.5494101796875 0.712118421875 0.54312090625 0.70881581640625 0.51829080078125 0.703774640625 0.502197001953125 0.698717078125 0.497068556640625 0.695616076171875 0.48632119140625 0.6923351953125 0.484201140625 0.686100419921875 0.4846371171875 0.677238732421875 0.49230520703125 0.67845405859375 0.498485484375 0.685451794921875 0.50896036328125 0.68237251953125 0.520923052734375 0.689822619140625 0.526667353515625 0.694318822265625 0.53496768359375 0.691582916015625 0.5406411015625 0.693125224609375 0.5514974609375 0.7010276875 0.552511181640625 0.703202236328125 0.550009650390625
5 0.72375946875 0.575199509765625 0.724337212890625 0.561062271484375 0.720511361328125 0.55114875 0.717230482421875 0.54902869921875 0.71349723828125 0.5516392265625 0.7056492734375 0.5514048515625 0.7011911796875 0.55484922265625 0.694792912109375 0.55294716015625 0.690460201171875 0.54698487109375 0.69076545703125 0.528950896484375 0.679255130859375 0.52114104296875 0.675358396484375 0.521413529296875 0.66606073046875 0.522846841796875 0.66125926953125 0.532580486328125 0.664403724609375 0.5887479609375 0.66589153515625 0.598824974609375 0.671728443359375 0.603898921875 0.678633572265625 0.601849751953125 0.677543626953125 0.586262814453125 0.681222373046875 0.58287294140625 0.715622630859375 0.582033755859375 0.72375946875 0.575199509765625
4 0.61411126953125 0.608711064453125 0.606824662109375 0.6053048046875 0.6037072734375 0.605522794921875 0.599412673828125 0.61130520703125 0.601080361328125 0.61275490625 0.613549912109375 0.61188294921875 0.61411126953125 0.608711064453125
4 0.409960490234375 0.634734044921875 0.41748147265625 0.630292337890625 0.416898388671875 0.610754166015625 0.413672005859375 0.609413462890625 0.4121133125 0.60952245703125 0.40760072265625 0.61218748046875 0.406369013671875 0.616972556640625 0.409960490234375 0.634734044921875
1 0.333148513671875 0.633839998046875 0.333421 0.637736732421875 0.373947041015625 0.634902876953125 0.379582345703125 0.62589408203125 0.379364357421875 0.6227766953125 0.374524783203125 0.62076563671875 0.369848703125 0.62109262109375 0.3404515078125 0.626280904296875 0.333148513671875 0.633839998046875
0 0.491007228515625 0.595390921875 0.47052621875 0.593690462890625 0.468967525390625 0.59379945703125 0.4450802578125 0.59938560546875 0.43766826953125 0.605386005859375 0.437815375 0.61868940234375 0.446535296875 0.631393326171875 0.452263212890625 0.634908580078125 0.497465333984375 0.631747740234375 0.523979513671875 0.61892948046875 0.522818685546875 0.613528548828125 0.5124691875 0.611119625 0.491007228515625 0.595390921875
0 0.635976798828125 0.540613669921875 0.62646114453125 0.53892959765625 0.624902451171875 0.539038591796875 0.616493126953125 0.5419761015625 0.61620425390625 0.549044720703125 0.619975609375 0.55817889453125 0.62409033203125 0.561023796875 0.65615255078125 0.560348103515625 0.65930805078125 0.57187481640625 0.660610642578125 0.556903732421875 0.658779462890625 0.5531159921875 0.641868205078125 0.54646696484375 0.635976798828125 0.540613669921875
3 0.469109291015625 0.573427443359375 0.47795459375 0.57672470703125 0.496658919921875 0.5754167734375 0.50011967578125 0.56890951171875 0.495187494140625 0.55437440625 0.4779328671875 0.55401465234375 0.471698091796875 0.554450630859375 0.46662414453125 0.5602875390625 0.469109291015625 0.573427443359375
3 0.282213138671875 0.59981017578125 0.300083619140625 0.597777392578125 0.306280283203125 0.585596712890625 0.299048171875 0.58296980078125 0.292813396484375 0.583405779296875 0.285962765625 0.586234294921875 0.281052310546875 0.594409244140625 0.282213138671875 0.59981017578125