2 0 0.775 0.00703125 0.77421875 0.01484375 0.76875 0.02578125 0.76953125 0.03359375 0.775 0.0546875 0.775 0.06875 0.76875 0.096875 0.7640625 0.1046875 0.7640625 0.11328125 0.76875 0.11953125 0.76875 0.15078125 0.76328125 0.15546875 0.75234375 0.15625 0.728125 0.153125 0.6859375 0.1546875 0.67109375 0.15078125 0.66484375 0.1234375 0.64609375 0.05078125 0.64296875 0.05 0.6421875 0.0359375 0.64609375 0.028125 0.65390625 0.02109375 0.6625 0.00390625 0.696875 0.00390625 0.70625 0 0.71171875 0 0.775
2 0.7421875 0.64296875 0.73828125 0.65546875 0.73359375 0.66015625 0.728125 0.6828125 0.72890625 0.7046875 0.73359375 0.73515625 0.74140625 0.75390625 0.75078125 0.7546875 0.753125 0.75234375 0.75625 0.74296875 0.75546875 0.725 0.76015625 0.7171875 0.77890625 0.71484375 0.79296875 0.7171875 0.8109375 0.7140625 0.81328125 0.73515625 0.81796875 0.7453125 0.8203125 0.74765625 0.83359375 0.746875 0.8375 0.74140625 0.83984375 0.725 0.8359375 0.69921875 0.825 0.67109375 0.821875 0.64140625 0.8171875 0.6328125 0.7984375 0.63359375 0.79609375 0.63125 0.79375 0.63125 0.79453125 0.6328125 0.78984375 0.63515625 0.75078125 0.63515625 0.7421875 0.64296875
5 0.77890625 0.5234375 0.76640625 0.53046875 0.75859375 0.5390625 0.7515625 0.56484375 0.753125 0.59609375 0.7546875 0.603125 0.76171875 0.60390625 0.765625 0.60859375 0.76875 0.61796875 0.803125 0.6328125 0.81796875 0.63203125 0.8234375 0.628125 0.8234375 0.61484375 0.83046875 0.5875 0.8359375 0.5828125 0.8359375 0.57265625 0.84375 0.5671875 0.84765625 0.5609375 0.85078125 0.54921875 0.8484375 0.53203125 0.8515625 0.521875 0.8484375 0.51953125 0.840625 0.52109375 0.83671875 0.5359375 0.834375 0.53984375 0.83125 0.53984375 0.82421875 0.5296875 0.83359375 0.5140625 0.82421875 0.509375 0.80859375 0.49375 0.80078125 0.48984375 0.796875 0.48984375 0.7890625 0.48984375 0.78359375 0.49375 0.7765625 0.50859375 0.77890625 0.5234375
5 0.32578125 0.534375 0.31875 0.5484375 0.31484375 0.565625 0.3171875 0.58125 0.3125 0.60078125 0.31328125 0.60703125 0.3203125 0.61953125 0.33359375 0.6171875 0.34765625 0.6109375 0.3484375 0.59609375 0.35234375 0.59375 0.359375 0.5953125 0.3625 0.58828125 0.36953125 0.5890625 0.3765625 0.59609375 0.38125 0.59375 0.3765625 0.58046875 0.3609375 0.5609375 0.35859375 0.54375 0.353125 0.53125 0.359375 0.5125 0.35390625 0.503125 0.3421875 0.4984375 0.34140625 0.4984375 0.334375 0.50390625 0.33203125 0.51796875 0.32421875 0.528125 0.32578125 0.534375
3 0.471875 0.575 0.490625 0.57578125 0.4953125 0.56953125 0.4921875 0.5546875 0.4890625 0.55234375 0.47109375 0.55234375 0.4703125 0.5515625 0.465625 0.553125 0.4625 0.5578125 0.4625 0.56953125 0.471875 0.575
3 0.284375 0.58515625 0.2953125 0.5828125 0.29921875 0.578125 0.3 0.5703125 0.29375 0.56875 0.29296875 0.56796875 0.28046875 0.5703125 0.275 0.57890625 0.275 0.58359375 0.284375 0.58515625
0 0.4421875 0.63125 0.49296875 0.63046875 0.50546875 0.62265625 0.515625 0.61953125 0.51328125 0.6140625 0.5078125 0.6140625 0.4984375 0.60859375 0.484375 0.59609375 0.46640625 0.5921875 0.465625 0.5921875 0.4390625 0.5953125 0.43046875 0.60078125 0.43046875 0.615625 0.4421875 0.63125
0 0.65390625 0.56953125 0.65546875 0.57265625 0.66015625 0.57265625 0.6515625 0.5625 0.62578125 0.5484375 0.621875 0.5484375 0.61484375 0.54921875 0.6125 0.55625 0.61953125 0.56875 0.65390625 0.56953125
1 0.3265625 0.621875 0.33046875 0.62578125 0.365625 0.62578125 0.37109375 0.61796875 0.37109375 0.6140625 0.36796875 0.61171875 0.36354140625 0.61171875 0.34296875 0.6125 0.334375 0.61953125 0.32734375 0.61953125 0.3265625 0.621875
4 0.39921875 0.628125 0.403125 0.62578125 0.40546875 0.6171875 0.40546875 0.60546875 0.4015625 0.603125 0.40078125 0.60234375 0.3953125 0.6046875 0.3953125 0.6234375 0.39609375 0.62734375 0.39921875 0.628125
4 0.60546875 0.61953125 0.60625 0.61640625 0.59921875 0.6125 0.59609375 0.6125 0.5921875 0.615625 0.5921875 0.61953125 0.59765625 0.621875 0.60546875 0.61953125