2 0 0.775 0.00703125 0.77421875 0.01484375 0.76875 0.0234375 0.76875 0.03359375 0.775 0.053125 0.775 0.0609375 0.7734375 0.065625 0.76953125 0.1 0.76328125 0.11484375 0.76796875 0.15078125 0.76328125 0.15546875 0.75078125 0.15625 0.725 0.153125 0.70234375 0.1546875 0.67265625 0.15 0.66484375 0.1234375 0.64609375 0.06015625 0.64296875 0.05520859375 0.64296875 0.04140625 0.64375 0.0328125 0.6484375 0.021875 0.66171875 0.0046875 0.69765625 0.0046875 0.7046875 0 0.7109375 0 0.775
2 0.7421875 0.64140625 0.73828125 0.6546875 0.73359375 0.66015625 0.728125 0.68359375 0.73046875 0.69140625 0.72890625 0.70390625 0.73125 0.7234375 0.73984375 0.75625 0.74296875 0.75390625 0.7515625 0.7546875 0.753125 0.75234375 0.75625 0.74375 0.7546875 0.72890625 0.75703125 0.71953125 0.7734375 0.715625 0.78671875 0.71484375 0.79375 0.7171875 0.81015625 0.7140625 0.8125 0.73125 0.81875 0.74765625 0.825 0.74921875 0.83515625 0.7453125 0.8390625 0.73046875 0.83828125 0.71796875 0.82578125 0.67265625 0.821875 0.64375 0.81875 0.634375 0.8140625 0.63203125 0.8125 0.63203125 0.79296875 0.63515625 0.75703125 0.63359375 0.74765625 0.63671875 0.7421875 0.64140625
5 0.6453125 0.58671875 0.65078125 0.6140625 0.6546875 0.6171875 0.6671875 0.6171875 0.7234375 0.61328125 0.72421875 0.60703125 0.73046875 0.6015625 0.73046875 0.5953125 0.7203125 0.58828125 0.70234375 0.5875 0.68203125 0.578125 0.675 0.56953125 0.67734375 0.546875 0.6734375 0.54140625 0.66328125 0.5375 0.65703125 0.5375 0.6515625 0.53984375 0.646875 0.54921875 0.6484375 0.5671875 0.6453125 0.58671875
4 0.60546875 0.61953125 0.60625 0.61640625 0.59921875 0.6125 0.596875 0.6125 0.59375 0.6140625 0.5921875 0.61953125 0.59765625 0.621875 0.60546875 0.61953125
4 0.40703125 0.6234375 0.409375 0.61640625 0.409375 0.60703125 0.40546875 0.60390625 0.4046875 0.603125 0.40078125 0.6046875 0.3984375 0.6109375 0.40078125 0.62734375 0.40703125 0.6234375
1 0.365625 0.62578125 0.3703125 0.61796875 0.3703125 0.61328125 0.3578125 0.61171875 0.3546875 0.61171875 0.33125 0.615625 0.32421875 0.621875 0.32421875 0.62578125 0.365625 0.62578125
0 0.44140625 0.63125 0.4859375 0.63203125 0.49453125 0.63046875 0.50546875 0.6234375 0.515625 0.6203125 0.51328125 0.61328125 0.50390625 0.6109375 0.48984375 0.6015625 0.484375 0.59453125 0.46796875 0.5921875 0.4640625 0.5921875 0.43828125 0.5953125 0.43046875 0.60078125 0.4296875 0.6140625 0.44140625 0.63125
0 0.61741953125 0.5490015625 0.6149453125 0.5498546875 0.61332421875 0.55420546875 0.60948515625 0.557703125 0.6121296875 0.570159375 0.64779140625 0.57075625 0.6478765625 0.56512578125 0.640625 0.558215625 0.6382359375 0.5526703125 0.6266328125 0.5481484375 0.61741953125 0.5490015625
5 0.61818671875 0.51134765625 0.62024921875 0.51321015625 0.6206484375 0.5170015625 0.6122671875 0.52498359375 0.60867578125 0.543740625 0.60787734375 0.55072421875 0.60388671875 0.55059140625 0.60122578125 0.5593046875 0.60894140625 0.5597703125 0.613065625 0.55518125 0.61512734375 0.54966015625 0.6269671875 0.5480640625 0.6386734375 0.5523875 0.64080234375 0.5579078125 0.64805234375 0.56509140625 0.64618984375 0.550525 0.6527078125 0.5387515625 0.6465890625 0.52418515625 0.63967109375 0.51913046875 0.63780859375 0.51414140625 0.633884375 0.51201328125 0.6346828125 0.50163671875 0.63122421875 0.498909375 0.6237078125 0.4980453125 0.617521875 0.50236875 0.61818671875 0.51134765625
3 0.49140625 0.575 0.4953125 0.56875 0.4921875 0.5546875 0.471875 0.5515625 0.46875 0.5515625 0.4625 0.5578125 0.46328125 0.5703125 0.4734375 0.575 0.49140625 0.575
3 0.2890625 0.58515625 0.2953125 0.5828125 0.30078125 0.571875 0.29609375 0.56875 0.290625 0.56875 0.28046875 0.5703125 0.27421875 0.5796875 0.27421875 0.58359375 0.2890625 0.58515625