2 0 0.775 0.0078125 0.77421875 0.0140625 0.76953125 0.01953125 0.76875 0.03515625 0.77578125 0.0578125 0.77578125 0.0703125 0.76875 0.09609375 0.7640625 0.10546875 0.7640625 0.11640625 0.76953125 0.15078125 0.76328125 0.15390625 0.7578125 0.15625 0.74296875 0.15546875 0.709375 0.153125 0.7015625 0.1546875 0.6734375 0.15234375 0.66796875 0.1359375 0.653125 0.12421875 0.64609375 0.0625 0.64296875 0.05859375 0.64296875 0.04296875 0.64296875 0.03515625 0.64609375 0.021875 0.66171875 0.0046875 0.69609375 0.00390625 0.70546875 0 0.709375 0 0.775
2 0.74296875 0.640625 0.72890625 0.66875 0.73125 0.6984375 0.728125 0.70390625 0.7390625 0.753125 0.7375 0.76796875 0.7421875 0.76640625 0.73984375 0.76015625 0.74140625 0.75546875 0.75078125 0.7546875 0.753125 0.75234375 0.75625 0.74296875 0.7546875 0.72890625 0.75703125 0.71953125 0.7609375 0.7171875 0.778125 0.71484375 0.79375 0.7171875 0.8109375 0.7140625 0.81171875 0.728125 0.81796875 0.74765625 0.82109375 0.75 0.83515625 0.74609375 0.8390625 0.7328125 0.83828125 0.7171875 0.82421875 0.6671875 0.82109375 0.64140625 0.81875 0.634375 0.8140625 0.63203125 0.81171875 0.63203125 0.79140625 0.63515625 0.75625 0.63359375 0.7484375 0.6359375 0.74296875 0.640625
5 0.690625 0.56171875 0.69375 0.565625 0.703125 0.56796875 0.71171875 0.559375 0.73515625 0.559375 0.73359375 0.5515625 0.72421875 0.5390625 0.7078125 0.53046875 0.703125 0.53046875 0.69765625 0.53515625 0.696875 0.54375 0.6921875 0.553125 0.690625 0.56171875
5 0.64140625 0.5953125 0.65 0.603125 0.65859375 0.6046875 0.6625 0.6015625 0.66484375 0.6078125 0.66640625 0.60390625 0.66328125 0.59921875 0.671875 0.5921875 0.703125 0.59296875 0.70703125 0.590625 0.70703125 0.578125 0.6890625 0.5625 0.690625 0.54765625 0.68359375 0.5390625 0.67890625 0.5390625 0.6703125 0.5453125 0.6703125 0.5625 0.64296875 0.5875 0.64140625 0.5953125
4 0.60546875 0.61953125 0.60625 0.61640625 0.59921875 0.6125 0.59609375 0.6125 0.5921875 0.6171875 0.59296875 0.61953125 0.5984375 0.621875 0.60546875 0.61953125
4 0.40390625 0.60234375 0.4 0.60234375 0.3953125 0.6046875 0.39765625 0.62734375 0.40390625 0.625 0.40390625 0.60234375
1 0.3625 0.6265625 0.36640625 0.625 0.37109375 0.6171875 0.36796875 0.61171875 0.3640625 0.61171875 0.33984375 0.61328125 0.32734375 0.61953125 0.32734375 0.625 0.3625 0.6265625
0 0.43046875 0.61484375 0.4375 0.62734375 0.44453125 0.63203125 0.49296875 0.63046875 0.5046875 0.6234375 0.515625 0.6203125 0.515625 0.615625 0.5046875 0.60859375 0.50078125 0.603125 0.490625 0.60234375 0.4859375 0.59765625 0.4875 0.59609375 0.48125 0.5921875 0.465625 0.590625 0.4609375 0.590625 0.453125 0.5953125 0.4375 0.5953125 0.43046875 0.6 0.43046875 0.61484375
0 0.6515625 0.56953125 0.65625 0.5671875 0.63203125 0.55 0.6234375 0.54765625 0.61875 0.54765625 0.61328125 0.55 0.6125 0.55703125 0.61953125 0.56875 0.6515625 0.56953125
3 0.47265625 0.575 0.49140625 0.575 0.4953125 0.56875 0.49296875 0.5546875 0.4890625 0.55234375 0.4846875 0.55234375 0.465625 0.553125 0.4625 0.55703125 0.4625 0.56875 0.47265625 0.575
3 0.29453125 0.5828125 0.3 0.57421875 0.3 0.5703125 0.29609375 0.56875 0.291015625 0.56875 0.278125 0.57109375 0.27421875 0.5765625 0.2765625 0.584375 0.29453125 0.5828125