2 0 0.775 0.0078125 0.77421875 0.015625 0.76875 0.02265625 0.76875 0.03203125 0.775 0.05 0.775 0.0546875 0.778125 0.06328125 0.77421875 0.06640625 0.76953125 0.096875 0.7640625 0.10546875 0.7640625 0.1125 0.76875 0.11953125 0.76875 0.1515625 0.76328125 0.1546875 0.75859375 0.15625 0.74453125 0.15546875 0.71015625 0.153125 0.7015625 0.15390625 0.67109375 0.1515625 0.6671875 0.1375 0.6546875 0.1234375 0.64609375 0.05078125 0.6421875 0.05 0.6421875 0.03515625 0.64609375 0.02109375 0.6625 0.015625 0.67734375 0.0046875 0.69609375 0.00390625 0.70390625 0 0.7078125 0 0.775
2 0.7390625 0.6515625 0.7328125 0.66015625 0.72890625 0.67578125 0.7296875 0.7125 0.73359375 0.73828125 0.7375 0.753125 0.73984375 0.7546875 0.7375 0.75625 0.740625 0.7578125 0.74296875 0.75390625 0.75234375 0.75390625 0.75625 0.74375 0.75625 0.71953125 0.771875 0.71484375 0.78671875 0.7140625 0.79296875 0.7171875 0.8109375 0.7140625 0.8125 0.73046875 0.81796875 0.74765625 0.82421875 0.74921875 0.83515625 0.74609375 0.8390625 0.73359375 0.83671875 0.70859375 0.82421875 0.66640625 0.825 0.65859375 0.82265625 0.65546875 0.82109375 0.64140625 0.81875 0.634375 0.8140625 0.63203125 0.81171875 0.63203125 0.79609375 0.63515625 0.753125 0.634375 0.74296875 0.640625 0.7390625 0.6515625
5 0.725 0.5296875 0.72109375 0.55234375 0.70703125 0.5625 0.6953125 0.56328125 0.71875 0.5765625 0.71875 0.58046875 0.70703125 0.59140625 0.70703125 0.59609375 0.72734375 0.59609375 0.728125 0.60703125 0.734375 0.6140625 0.7515625 0.615625 0.7578125 0.6140625 0.76484375 0.57890625 0.7703125 0.56953125 0.77421875 0.55390625 0.76015625 0.5296875 0.75859375 0.51875 0.75078125 0.51171875 0.7515625 0.5046875 0.74921875 0.49921875 0.74453125 0.4953125 0.740625 0.4953125 0.7296875 0.4984375 0.72421875 0.50546875 0.73046875 0.52421875 0.725 0.5296875
5 0.6921875 0.56328125 0.6953125 0.565625 0.703125 0.565625 0.7203125 0.553125 0.7265625 0.528125 0.72578125 0.52421875 0.7203125 0.52109375 0.71328125 0.52109375 0.70859375 0.525 0.7046875 0.540625 0.69140625 0.55859375 0.6921875 0.56328125
5 0.709375 0.5828125 0.70859375 0.57890625 0.69609375 0.5734375 0.6921875 0.5734375 0.68359375 0.584375 0.70078125 0.58515625 0.70625 0.58828125 0.709375 0.5828125
4 0.60625 0.61640625 0.59921875 0.6125 0.59609375 0.6125 0.5921875 0.61953125 0.5984375 0.621875 0.6046875 0.6203125 0.60625 0.61640625
0 0.65234375 0.5703125 0.65546875 0.575 0.66015625 0.57265625 0.65078125 0.56171875 0.63828125 0.55625 0.63203125 0.55 0.6234375 0.54765625 0.62109375 0.54765625 0.6140625 0.54921875 0.61171875 0.55703125 0.61953125 0.56953125 0.65234375 0.5703125
0 0.43046875 0.61484375 0.43671875 0.6265625 0.44140625 0.63046875 0.48984375 0.63125 0.515625 0.6203125 0.515625 0.615625 0.50234375 0.603125 0.49453125 0.60390625 0.48203125 0.5921875 0.46484375 0.590625 0.46171875 0.590625 0.45546875 0.59453125 0.4375 0.5953125 0.43046875 0.6 0.43046875 0.61484375
4 0.40234375 0.6265625 0.40390625 0.6234375 0.40390625 0.60234375 0.4 0.60234375 0.3953125 0.6046875 0.39609375 0.62421875 0.3984375 0.62734375 0.40234375 0.6265625
1 0.36328125 0.6265625 0.3703125 0.61796875 0.3703125 0.61328125 0.3671875 0.61171875 0.3625 0.61171875 0.33125 0.615625 0.3265625 0.61953125 0.325 0.625 0.36328125 0.6265625
3 0.46484375 0.57109375 0.471875 0.575 0.4921875 0.575 0.4953125 0.56953125 0.49375 0.559375 0.490625 0.553125 0.4859375 0.55234375 0.48125 0.55234375 0.4671875 0.55234375 0.46328125 0.55625 0.4625 0.5671875 0.46484375 0.57109375
3 0.29375 0.58359375 0.2984375 0.57890625 0.30078125 0.57109375 0.29375 0.56875 0.28828125 0.56875 0.2796875 0.571875 0.275 0.57890625 0.275 0.584375 0.29375 0.58359375