2 0.104774673828125 0.77802503125 0.114924736328125 0.77767058203125 0.123676841796875 0.78205530859375 0.12914226171875 0.781864453125 0.1601823671875 0.775308423828125 0.163922646484375 0.770487455078125 0.164938890625 0.75481744140625 0.160398001953125 0.71432625 0.16086894140625 0.683040755859375 0.155966173828125 0.67695815625 0.136709556640625 0.6627778125 0.12639590234375 0.6584476171875 0.071714451171875 0.659575408203125 0.056797947265625 0.657751126953125 0.055236400390625 0.65780565625 0.04131879296875 0.66220030078125 0.032276685546875 0.6718967734375 0.0118328046875 0.713260451171875 0.011324681640625 0.721095458984375 0.007502607421875 0.72357410546875 0.009901947265625 0.7922822265625 0.017682423828125 0.791228798828125 0.024518533203125 0.785517994140625 0.03547663671875 0.7859170546875 0.042694458984375 0.7911370859375 0.060652263671875 0.790509986328125 0.104774673828125 0.77802503125
2 0.747079091796875 0.74777800390625 0.7494486796875 0.748476982421875 0.750120392578125 0.74532662109375 0.759516947265625 0.7457802109375 0.76177747265625 0.74335609375 0.764536203125 0.710427255859375 0.786234287109375 0.704979185546875 0.8011507890625 0.70680346875 0.817437984375 0.703107802734375 0.819490306640625 0.717107205078125 0.826418130859375 0.736408435546875 0.833499626953125 0.737724595703125 0.843540630859375 0.734247052734375 0.847008255859375 0.72161833984375 0.845627646484375 0.704468576171875 0.82982873828125 0.65498980859375 0.828448130859375 0.637840044921875 0.8232454453125 0.623168927734375 0.818479005859375 0.620990197265625 0.81535591015625 0.6210992578125 0.7943840703125 0.624958515625 0.757660423828125 0.62545920703125 0.747728482421875 0.63205984765625 0.743480080078125 0.64471582421875 0.738260048828125 0.6519336484375 0.733558056640625 0.6739861796875 0.738879720703125 0.71445010546875 0.74697003125 0.744654908203125 0.7493668828125 0.74613466015625 0.747079091796875 0.74777800390625
5 0.71754845703125 0.57370256640625 0.718574619140625 0.580702267578125 0.70869720703125 0.58886445703125 0.708915330078125 0.5951106484375 0.719873431640625 0.595509708984375 0.7236409765625 0.591469513671875 0.729859904296875 0.5904706171875 0.732256755859375 0.591950369140625 0.734363609375 0.6075113203125 0.7624714765625 0.6065297734375 0.764759267578125 0.6048864296875 0.766692611328125 0.593093021484375 0.7662836328125 0.58138141015625 0.76021837890625 0.56439523828125 0.76142548046875 0.55419064453125 0.758537853515625 0.53865695703125 0.7489677890625 0.5108490078125 0.73938037890625 0.504929998046875 0.734314021484375 0.494162751953125 0.727096197265625 0.488942720703125 0.723192326171875 0.489079046875 0.712479611328125 0.495706953125 0.70879386328125 0.50208947265625 0.713079447265625 0.512883982421875 0.717954947265625 0.518185810546875 0.72587175 0.52103625390625 0.727596888671875 0.525666369140625 0.721306083984375 0.54699265625 0.725083544921875 0.565622171875 0.722904814453125 0.57038861328125 0.71754845703125 0.57370256640625
5 0.6864265546875 0.577916271484375 0.699726978515625 0.578233537109375 0.7019057109375 0.573467095703125 0.699290736328125 0.565741150390625 0.709195412109375 0.558359736328125 0.71045704296875 0.54971669140625 0.705489828125 0.519402828125 0.708122150390625 0.505239833984375 0.699288248046875 0.49851278515625 0.697399517578125 0.489198025390625 0.6933593203125 0.485430482421875 0.686332353515625 0.485675869140625 0.678688205078125 0.490633166015625 0.678933591796875 0.4976601328125 0.682220279296875 0.502235716796875 0.682683787109375 0.515508875 0.679915140625 0.525768 0.6800886484375 0.553122357421875 0.685744923828125 0.558396919921875 0.686017576171875 0.56620466015625 0.682195501953125 0.56868330859375 0.6864265546875 0.577916271484375
0 0.641748923828125 0.55211603125 0.635284607421875 0.5460879609375 0.625025484375 0.5433193125 0.622683162109375 0.543401107421875 0.6164915 0.54518077734375 0.61431276953125 0.54994721875 0.614449095703125 0.553851087890625 0.621885041015625 0.5653173125 0.65470481640625 0.564952947265625 0.65718346484375 0.568775021484375 0.661868109375 0.5686114296875 0.661759048828125 0.565488333984375 0.651254537109375 0.55569271875 0.641748923828125 0.55211603125
0 0.508392716796875 0.60602168359375 0.50518782421875 0.603788421875 0.49339441796875 0.601855078125 0.484560515625 0.595128029296875 0.48447871875 0.59278570703125 0.470397521484375 0.59249570703125 0.4649321015625 0.592686564453125 0.459575744140625 0.596000517578125 0.440864431640625 0.59743565625 0.434754564453125 0.6015576484375 0.434546361328125 0.617981169921875 0.44599523828125 0.6324341640625 0.497526326171875 0.630634658203125 0.5197870625 0.618913130859375 0.519650736328125 0.615009259765625 0.50769373828125 0.608391271484375 0.508392716796875 0.60602168359375
1 0.330948794921875 0.628634412109375 0.334180951171875 0.631648447265625 0.36931578515625 0.63042151171875 0.375289326171875 0.622395650390625 0.375153 0.618491779296875 0.36804423828125 0.61639484375 0.36296920703125 0.616572068359375 0.336168826171875 0.62141658984375 0.330948794921875 0.628634412109375
4 0.40964338671875 0.62119598046875 0.407536533203125 0.605635029296875 0.402851888671875 0.605798619140625 0.399029814453125 0.608277267578125 0.402162828125 0.630837921875 0.407573716796875 0.629085515625 0.40964338671875 0.62119598046875
4 0.610247794921875 0.612627267578125 0.603084501953125 0.608968783203125 0.599180630859375 0.609105109375 0.5954676171875 0.61470685546875 0.597083697265625 0.616213873046875 0.60957608203125 0.61577762890625 0.610247794921875 0.612627267578125
3 0.4826978046875 0.552979861328125 0.469815033203125 0.55342973828125 0.46526671484375 0.55749719921875 0.464867654296875 0.568455302734375 0.467346302734375 0.572277376953125 0.475290369140625 0.575908595703125 0.493275439453125 0.57606226953125 0.498495470703125 0.5688444453125 0.49329278515625 0.554173330078125 0.4869920625 0.55282990234375 0.4826978046875 0.552979861328125
3 0.283056353515625 0.577931197265625 0.28093215234375 0.584259185546875 0.277110078125 0.586737833984375 0.278054443359375 0.591395212890625 0.296793021484375 0.59074084765625 0.30131407421875 0.585892611328125 0.303411009765625 0.578783849609375 0.299398078125 0.575797080078125 0.295494208984375 0.57593340625 0.283056353515625 0.577931197265625