2 0 0.691660974609375 0.01139140625 0.693087439453125 0.028633708984375 0.689781306640625 0.061127970703125 0.68995780859375 0.06714735546875 0.691812490234375 0.0724884296875 0.697514078125 0.0786434765625 0.69859937890625 0.112042783203125 0.69814216015625 0.11715524609375 0.687144095703125 0.1219945078125 0.664198326171875 0.120364677734375 0.65994443359375 0.13008779296875 0.6093009453125 0.128457962890625 0.605047052734375 0.1059618984375 0.579661234375 0.042012201171875 0.56441866796875 0.0371397109375 0.563559515625 0.02341139453125 0.561932146484375 0.0141342265625 0.565056142578125 0.000151583984375 0.5768700625 0 0.577082466796875 0 0.691660974609375
2 0.692598291015625 0.725939369140625 0.689115658203125 0.741191328125 0.6891194140625 0.768164259765625 0.691474029296875 0.777305763671875 0.68722389453125 0.805908525390625 0.691975841796875 0.80595312109375 0.69527821875 0.7962224921875 0.7054604296875 0.79246477734375 0.710030244140625 0.784544234375 0.712245439453125 0.767482189453125 0.719123396484375 0.75996863671875 0.723875345703125 0.76001323046875 0.727179599609375 0.763769068359375 0.733379244140625 0.760102419921875 0.74632305859375 0.76317806640625 0.749718380859375 0.77091647265625 0.74505937890625 0.78834091015625 0.74619115234375 0.79092037890625 0.75311558203125 0.79214134375 0.755693171875 0.777523103515625 0.75388120703125 0.76530407421875 0.7681370546875 0.765437857421875 0.76736955078125 0.778788662109375 0.770268697265625 0.798339107421875 0.766877130859375 0.817573634765625 0.772262796875 0.8185232734375 0.774206669921875 0.80299998828125 0.7873307421875 0.8005543046875 0.793483912109375 0.788153140625 0.795699109375 0.77109109375 0.79429225390625 0.74307745703125 0.79035240234375 0.724930109375 0.79188928515625 0.71171496875 0.79012379296875 0.70823045703125 0.792612193359375 0.703116115234375 0.790573498046875 0.6876838984375 0.78636419921875 0.684561779296875 0.784056056640625 0.684154791015625 0.768261447265625 0.683749681640625 0.7244067265625 0.676016912109375 0.714858234375 0.680679671875 0.708342669921875 0.690637029296875 0.70019727734375 0.69634049609375 0.693817376953125 0.70552847265625 0.693637119140625 0.711049802734375 0.68834251953125 0.714082732421875 0.68766420703125 0.717929638671875 0.692598291015625 0.725939369140625
5 0.658912634765625 0.62004362109375 0.664699654296875 0.57822571875 0.66392839453125 0.56460358984375 0.660533072265625 0.556865185546875 0.67320368359375 0.547993126953125 0.676868453125 0.5407063046875 0.67528321875 0.531700462890625 0.663062310546875 0.520025962890625 0.66075416796875 0.519618974609375 0.648761869140625 0.524644126953125 0.63609313671875 0.547002650390625 0.626364384765625 0.557186740234375 0.62256583203125 0.57872941015625 0.6131567578125 0.609595720703125 0.61492412890625 0.626566697265625 0.622619818359375 0.641409791015625 0.65045319921875 0.645524263671875 0.659459041015625 0.643939029296875 0.658912634765625 0.62004362109375
5 0.69502894921875 0.63117171484375 0.690187810546875 0.640631017578125 0.68946490234375 0.649229873046875 0.701503673828125 0.652939236328125 0.709691783203125 0.62899735546875 0.715755763671875 0.62610008984375 0.720054251953125 0.619718310546875 0.726023408203125 0.58586554296875 0.7210874453125 0.56436934765625 0.722081677734375 0.55423173046875 0.708773591796875 0.5352258125 0.7041573046875 0.534411837890625 0.693161119140625 0.54278583984375 0.694248296875 0.550117255859375 0.7040253984375 0.562154150390625 0.693122158203125 0.587997185546875 0.68375580078125 0.60062508203125 0.6805444921875 0.61433827734375 0.68154060546875 0.617687126953125 0.685387509765625 0.618365439453125 0.689007685546875 0.61583056640625 0.69502894921875 0.63117171484375
4 0.58442208984375 0.633087896484375 0.578175974609375 0.62802002734375 0.57509844921875 0.627477376953125 0.571478275390625 0.63001225 0.5714336796875 0.63476419921875 0.582205015625 0.6366634765625 0.58442208984375 0.633087896484375
4 0.384245474609375 0.585098525390625 0.381259017578125 0.588538443359375 0.38003993359375 0.608949337890625 0.387371349609375 0.607862158203125 0.391169904296875 0.58631948828125 0.384245474609375 0.585098525390625
0 0.49463123828125 0.6204285546875 0.492639013671875 0.61373085546875 0.485850248046875 0.611740509765625 0.479377400390625 0.603459455078125 0.480055712890625 0.599612548828125 0.476571201171875 0.60137804296875 0.46729215625 0.59101557421875 0.451542140625 0.585858515625 0.450908423828125 0.584953470703125 0.421898673828125 0.583011478515625 0.4150653125 0.58577308203125 0.410450904296875 0.598445572265625 0.415702787109375 0.613651056640625 0.419640759765625 0.618311939453125 0.4688811484375 0.62699434765625 0.477886990234375 0.625409111328125 0.483317251953125 0.621606802734375 0.48947230078125 0.622692103515625 0.49463123828125 0.6204285546875
0 0.603647224609375 0.5690471328125 0.6008875 0.575700236328125 0.606682033203125 0.58782819921875 0.6155076171875 0.59176429296875 0.6200328359375 0.588595701171875 0.622023181640625 0.58180693359375 0.622881751953125 0.57243869921875 0.62021121484375 0.569587904296875 0.61405616796875 0.568502603515625 0.603647224609375 0.5690471328125
1 0.331340318359375 0.583702939453125 0.31373562109375 0.584565265625 0.305725890625 0.5894993515625 0.305047578125 0.593346255859375 0.34428601171875 0.60026505078125 0.35270273046875 0.593022822265625 0.353245380859375 0.589945298828125 0.34903608203125 0.5868231796875 0.344612140625 0.586043119140625 0.331340318359375 0.583702939453125
3 0.452263171875 0.5637731953125 0.45927866796875 0.5689767265625 0.479282576171875 0.572503955078125 0.48344540234375 0.566891556640625 0.482040423828125 0.552364384765625 0.46629041015625 0.547207326171875 0.460135361328125 0.546122025390625 0.45289501171875 0.5511917734375 0.452263171875 0.5637731953125
3 0.264536072265625 0.5441579765625 0.28313687890625 0.5466445 0.292096248046875 0.53632474609375 0.28738889453125 0.531528203125 0.28046446484375 0.530307240234375 0.270824904296875 0.530987431640625 0.264716328125 0.538636646484375 0.264536072265625 0.5441579765625