2 0.935719349609375 0.650596037109375 0.8739554609375 0.652643421875 0.86053988671875 0.66022294140625 0.843877076171875 0.6747781015625 0.842141515625 0.729443638671875 0.83972994921875 0.733308388671875 0.8401020390625 0.756755955078125 0.844570671875 0.769335859375 0.881188384765625 0.77544460546875 0.893781923828125 0.77019484375 0.929604873046875 0.777071087890625 0.94200752734375 0.78275716015625 0.96231693359375 0.783111662109375 0.973361845703125 0.7770535 0.9803920234375 0.777176212890625 0.988889021484375 0.782794111328125 0.9951380703125 0.7829031875 0.996256115234375 0.7188504453125 0.991692041015625 0.711738458984375 0.99181475390625 0.704708279296875 0.975997294921875 0.67083331640625 0.96067463671875 0.653375740234375 0.93962500390625 0.6506642109375 0.935719349609375 0.650596037109375
2 0.175678875 0.637329482421875 0.172063501953125 0.66539566015625 0.16470608984375 0.684020091796875 0.157979828125 0.711250599609375 0.156953271484375 0.725297322265625 0.1605998671875 0.740206986328125 0.1714811640625 0.74352239453125 0.177771115234375 0.741288080078125 0.1835117265625 0.72576090234375 0.185373951171875 0.7086032890625 0.19707728125 0.70958894140625 0.203271791015625 0.71282254296875 0.20957537890625 0.709807095703125 0.2173866875 0.709943443359375 0.2399576796875 0.715025634765625 0.239548638671875 0.73845956640625 0.242509546875 0.74788767578125 0.244030904296875 0.750258337890625 0.25576150390625 0.749681728515625 0.262324150390625 0.73182479296875 0.26750178515625 0.703785884765625 0.2679244609375 0.679570822265625 0.264427845703125 0.65606871875 0.25757491796875 0.645791302734375 0.256135369140625 0.63873385546875 0.245349515625 0.629950529296875 0.20784159375 0.630077193359375 0.18680559375 0.626584533203125 0.1836810703125 0.626529994140625 0.179748146484375 0.628024083984375 0.175678875 0.637329482421875
5 0.277245267578125 0.548463525390625 0.26381605859375 0.55682417578125 0.263666078125 0.5654166171875 0.271944921875 0.58353261328125 0.2748512890625 0.596085248046875 0.30295837109375 0.5973572265625 0.307536080078125 0.603688083984375 0.304329748046875 0.608320330078125 0.305042705078125 0.61223962109375 0.313635146484375 0.6123896015625 0.316033078125 0.609305982421875 0.31656483203125 0.578841873046875 0.3213606953125 0.5726746328125 0.32229180859375 0.564095826171875 0.328745376953125 0.552487939453125 0.321810640625 0.54689730859375 0.311696841796875 0.544376666015625 0.30403551171875 0.535647876953125 0.296292375 0.531605875 0.292386720703125 0.531537701171875 0.2844936015625 0.536088140625 0.277245267578125 0.548463525390625
5 0.649408451171875 0.579963466796875 0.65067075 0.5971756171875 0.65671527734375 0.60900166015625 0.63617408203125 0.621926384765625 0.629693244140625 0.63509653515625 0.620937185546875 0.644320125 0.62140471875 0.6622997734375 0.62517402734375 0.6701792578125 0.633012607421875 0.668753341796875 0.63487483203125 0.651595728515625 0.6412602265625 0.64389349609375 0.676383853515625 0.6460693203125 0.70534023828125 0.643449279296875 0.69796523828125 0.618316740234375 0.67713376171875 0.60310711328125 0.681915990234375 0.597721005859375 0.6803946328125 0.595350341796875 0.68280619921875 0.591485591796875 0.67996800390625 0.57502730078125 0.673800763671875 0.5702314375 0.66522195703125 0.569300326171875 0.6597540390625 0.5692048828125 0.651874556640625 0.57297419140625 0.649408451171875 0.579963466796875
5 0.58994132421875 0.674252482421875 0.588832958984375 0.6929859921875 0.5830514453125 0.7108565625 0.58286055859375 0.721792396484375 0.59511323046875 0.73607091015625 0.5934964296875 0.7391681640625 0.58722011328125 0.740621349609375 0.580807447265625 0.74988584375 0.58382289453125 0.7561894296875 0.601720734375 0.76040868359375 0.611889072265625 0.759804802734375 0.61664403125 0.75598095703125 0.6093235703125 0.727723892578125 0.612775328125 0.709031287109375 0.61598166015625 0.7043990390625 0.61984641015625 0.706810607421875 0.62610909375 0.706138552734375 0.630082921875 0.702301072265625 0.62591425390625 0.67253628515625 0.61111366796875 0.66993383203125 0.6064268828125 0.669852025390625 0.5962721796875 0.6696747734375 0.58994132421875 0.674252482421875
5 0.6364995390625 0.7375746796875 0.640241578125 0.74701642578125 0.65039628125 0.74719367578125 0.6491476171875 0.729200392578125 0.6468723984375 0.725253833984375 0.640650619140625 0.723582494140625 0.63986948828125 0.723568859375 0.636704060546875 0.72585771484375 0.6364995390625 0.7375746796875
0 0.503613599609375 0.606329259765625 0.4831542109375 0.61456719921875 0.48227763671875 0.620021482421875 0.50786407421875 0.63140726171875 0.55551306640625 0.6322389765625 0.561062791015625 0.627647634765625 0.567502724609375 0.616820876953125 0.56776178515625 0.601979388671875 0.56004591796875 0.596375125 0.537461291015625 0.5920740625 0.532774505859375 0.59199225390625 0.514740318359375 0.5955843125 0.503613599609375 0.606329259765625
0 0.359182216796875 0.554581953125 0.349740470703125 0.5583239921875 0.3401896484375 0.568315080078125 0.3792871015625 0.566653421875 0.38572703515625 0.5558266640625 0.38580884375 0.55113987890625 0.384314755859375 0.547206953125 0.377311845703125 0.54552198046875 0.375749583984375 0.5454947109375 0.365540341796875 0.548441982421875 0.359182216796875 0.554581953125
3 0.505212810546875 0.55947503515625 0.503473298828125 0.56960246875 0.50650237890625 0.575124923828125 0.526030654296875 0.575465791015625 0.53548603515625 0.57094262109375 0.536485322265625 0.55845816015625 0.532661474609375 0.553703201171875 0.51705248828125 0.552649375 0.512365703125 0.552567568359375 0.506856880859375 0.554815517578125 0.505212810546875 0.55947503515625
3 0.703211046875 0.58637217578125 0.723493185546875 0.58828894140625 0.723588626953125 0.5828210234375 0.719024552734375 0.575709037109375 0.70970551953125 0.572420896484375 0.702675341796875 0.57229818359375 0.697947650390625 0.57455976953125 0.703211046875 0.58637217578125
4 0.392461205078125 0.617672361328125 0.39945048046875 0.620138466796875 0.4065079296875 0.618698916015625 0.40732996484375 0.616369158203125 0.401957490234375 0.610805798828125 0.39883296484375 0.610751259765625 0.39252937890625 0.61376670703125 0.392461205078125 0.617672361328125
1 0.632282060546875 0.621077080078125 0.63783178515625 0.61648573828125 0.6324047734375 0.61404690234375 0.6284991171875 0.613978728515625 0.626073916015625 0.618624609375 0.632282060546875 0.621077080078125