5 0.37265625 0.553125 0.375 0.58515625 0.3734375 0.59921875 0.3765625 0.615625 0.3921875 0.61640625 0.39609375 0.60625 0.40078125 0.603125 0.40546875 0.61640625 0.41484375 0.6171875 0.4171875 0.6125 0.41484375 0.6 0.41796875 0.59765625 0.42109375 0.60625 0.425 0.60390625 0.42734375 0.57890625 0.41875 0.53984375 0.40859375 0.528125 0.41171875 0.51875 0.41171875 0.50546875 0.40078125 0.49765625 0.396875 0.49765625 0.38828125 0.5046875 0.3890625 0.51953125 0.384375 0.525 0.37265625 0.553125
5 0.653125 0.540625 0.6546875 0.5484375 0.66328125 0.5578125 0.66328125 0.5671875 0.6671875 0.57109375 0.66875 0.58046875 0.6703125 0.58359375 0.675 0.58515625 0.69765625 0.58359375 0.7046875 0.5578125 0.7125 0.54765625 0.709375 0.53359375 0.7046875 0.52421875 0.69609375 0.51484375 0.69453125 0.5 0.690625 0.49453125 0.6859375 0.49296875 0.68515625 0.4921875 0.67734375 0.4953125 0.66953125 0.51640625 0.6625 0.521875 0.653125 0.540625
2 0.74140625 0.64296875 0.73984375 0.65078125 0.72890625 0.66875 0.72890625 0.68046875 0.7265625 0.68359375 0.7296875 0.6890625 0.73125 0.72421875 0.73984375 0.75390625 0.7375 0.75625 0.7390625 0.76796875 0.7421875 0.76640625 0.7390625 0.76015625 0.74140625 0.7546875 0.75078125 0.7546875 0.753125 0.75234375 0.75625 0.74375 0.75546875 0.72578125 0.75703125 0.71953125 0.76015625 0.7171875 0.77734375 0.71484375 0.79296875 0.7171875 0.81171875 0.7140625 0.8125 0.73046875 0.81953125 0.75 0.83515625 0.74609375 0.8390625 0.734375 0.83828125 0.715625 0.8234375 0.66640625 0.82421875 0.6578125 0.821875 0.6546875 0.8203125 0.6390625 0.81796875 0.63359375 0.8140625 0.63203125 0.8125 0.63203125 0.79296875 0.63515625 0.7578125 0.63359375 0.74609375 0.6375 0.74140625 0.64296875
2 0 0.77421875 0.00703125 0.77421875 0.0140625 0.76875 0.0234375 0.76875 0.03359375 0.775 0.05390625 0.775 0.06484375 0.76953125 0.09609375 0.7640625 0.10625 0.7640625 0.11953125 0.76875 0.15078125 0.76328125 0.15546875 0.75078125 0.15625 0.72734375 0.153125 0.70234375 0.1546875 0.67109375 0.15 0.66484375 0.1234375 0.64609375 0.05078125 0.64296875 0.05 0.6421875 0.03671875 0.6453125 0.028125 0.65390625 0.01875 0.6671875 0.0046875 0.69609375 0.00390625 0.70625 0 0.7109375 0 0.77421875
0 0.4421875 0.63125 0.49375 0.63046875 0.515625 0.6203125 0.51484375 0.61484375 0.49921875 0.60859375 0.4828125 0.5953125 0.46953125 0.59296875 0.4640625 0.59296875 0.4453125 0.59453125 0.4296875 0.60078125 0.43046875 0.615625 0.4421875 0.63125
0 0.61953125 0.56875 0.653125 0.56953125 0.65625 0.57265625 0.659375 0.57109375 0.6515625 0.5625 0.625 0.54765625 0.61953125 0.54765625 0.61484375 0.54921875 0.61328125 0.55234375 0.61328125 0.55859375 0.61953125 0.56875
4 0.6046875 0.6203125 0.60625 0.61640625 0.59921875 0.6125 0.596875 0.6125 0.59375 0.6140625 0.5921875 0.61953125 0.596875 0.621875 0.6046875 0.6203125
3 0.47265625 0.575 0.49140625 0.575 0.4953125 0.56875 0.49453125 0.56328125 0.49140625 0.55390625 0.48671875 0.55234375 0.48203125 0.55234375 0.465625 0.553125 0.4625 0.55703125 0.46328125 0.5703125 0.47265625 0.575
3 0.275 0.584375 0.2875 0.58515625 0.2953125 0.5828125 0.30078125 0.571875 0.29609375 0.56875 0.291015625 0.56875 0.28046875 0.5703125 0.278125 0.5765625 0.27421875 0.57890625 0.275 0.584375
1 0.3265625 0.625 0.33125 0.6265625 0.3640625 0.6265625 0.371875 0.61796875 0.36640625 0.61171875 0.3625 0.61171875 0.346875 0.61171875 0.33125 0.615625 0.325 0.621875 0.3265625 0.625
4 0.3984375 0.628125 0.4046875 0.625 0.4046875 0.60625 0.40234375 0.603125 0.39765625 0.603125 0.3953125 0.6046875 0.3953125 0.61875 0.39609375 0.6265625 0.3984375 0.628125