2 0 0.77421875 0.00703125 0.77421875 0.01484375 0.76875 0.0234375 0.76875 0.0328125 0.775 0.05390625 0.775 0.06640625 0.76953125 0.1 0.76328125 0.1140625 0.76875 0.15078125 0.76328125 0.1546875 0.75859375 0.15625 0.72734375 0.153125 0.7015625 0.15546875 0.67265625 0.153125 0.66875 0.12421875 0.64609375 0.06015625 0.64296875 0.05546875 0.64296875 0.0390625 0.64453125 0.028125 0.65390625 0.01953125 0.665625 0.00625 0.69296875 0.00390625 0.7046875 0 0.70859375 0 0.77421875
2 0.73671875 0.65625 0.7328125 0.66015625 0.72734375 0.684375 0.7296875 0.6890625 0.73125 0.72265625 0.7390625 0.753125 0.73828125 0.76796875 0.7421875 0.76640625 0.73984375 0.76015625 0.7421875 0.7546875 0.75078125 0.7546875 0.75390625 0.75078125 0.75625 0.74296875 0.7546875 0.728125 0.759375 0.71796875 0.77734375 0.71484375 0.79375 0.7171875 0.8109375 0.7140625 0.8125 0.73125 0.81796875 0.74765625 0.821875 0.75 0.83515625 0.74609375 0.8390625 0.73515625 0.83828125 0.715625 0.82421875 0.6671875 0.82109375 0.640625 0.81875 0.63359375 0.81484375 0.63203125 0.81015625 0.63203125 0.78984375 0.63515625 0.75078125 0.63515625 0.74296875 0.64140625 0.73671875 0.65625
5 0.8765625 0.6015625 0.86875 0.61015625 0.87109375 0.621875 0.8796875 0.6296875 0.89296875 0.63359375 0.8984375 0.640625 0.92421875 0.653125 0.94375 0.6765625 0.94453125 0.67890625 0.9421875 0.68046875 0.92734375 0.68359375 0.9234375 0.69375 0.928125 0.703125 0.9390625 0.715625 0.94375 0.72734375 0.953125 0.7375 0.95703125 0.7390625 0.99921875 0.73515625 0.99921875 0.6359375 0.98046875 0.61875 0.96328125 0.60703125 0.95 0.60234375 0.94609375 0.59765625 0.93671875 0.596875 0.93255234375 0.596875 0.9140625 0.5984375 0.9078125 0.60390625 0.89140625 0.59921875 0.8765625 0.6015625
5 0.396875 0.59765625 0.4109375 0.60234375 0.42890625 0.59375 0.4296875 0.5890625 0.4265625 0.58359375 0.39765625 0.5640625 0.396875 0.5640625 0.37265625 0.57734375 0.36875 0.58828125 0.36875 0.596875 0.396875 0.59765625
0 0.44140625 0.63125 0.48828125 0.63125 0.515625 0.6203125 0.5140625 0.6140625 0.50625 0.6125 0.4890625 0.6015625 0.48359375 0.5953125 0.4640625 0.59140625 0.4625 0.59140625 0.43984375 0.59609375 0.43046875 0.60078125 0.43046875 0.61484375 0.44140625 0.63125
0 0.65234375 0.56953125 0.65859375 0.57265625 0.65 0.5609375 0.6390625 0.55625 0.6328125 0.55 0.625 0.54765625 0.61875 0.54765625 0.6125 0.55 0.61171875 0.55546875 0.61953125 0.56953125 0.65234375 0.56953125
4 0.6046875 0.6203125 0.60625 0.61640625 0.59921875 0.6125 0.596875 0.6125 0.59375 0.6140625 0.5921875 0.61953125 0.59765625 0.621875 0.6046875 0.6203125
1 0.334375 0.6265625 0.36484375 0.62578125 0.3703125 0.61875 0.37109375 0.61328125 0.3578125 0.61171875 0.35390625 0.61171875 0.33125 0.615625 0.32578125 0.621875 0.328125 0.625 0.334375 0.6265625
4 0.40546875 0.61796875 0.40546875 0.60625 0.40078125 0.60234375 0.4 0.60234375 0.3953125 0.6046875 0.39609375 0.62421875 0.4 0.62734375 0.40546875 0.61796875
3 0.471875 0.575 0.49140625 0.57578125 0.49453125 0.571875 0.49453125 0.56328125 0.49140625 0.55390625 0.48671875 0.55234375 0.48203125 0.55234375 0.46796875 0.55234375 0.4640625 0.55546875 0.4640625 0.57109375 0.471875 0.575
3 0.29296875 0.584375 0.2984375 0.57890625 0.30078125 0.571875 0.29609375 0.56875 0.291015625 0.56875 0.28046875 0.5703125 0.275 0.57890625 0.275 0.584375 0.29296875 0.584375