2 0 0.77421875 0.00703125 0.77421875 0.01484375 0.76875 0.025 0.76875 0.034375 0.775 0.0546875 0.775 0.06875 0.76875 0.0984375 0.76328125 0.12109375 0.76796875 0.15234375 0.7625 0.15625 0.74296875 0.153125 0.66875 0.14296875 0.65859375 0.1234375 0.64609375 0.0609375 0.64296875 0.05703125 0.64296875 0.04140625 0.64375 0.0328125 0.6484375 0.021875 0.66171875 0.00546875 0.69609375 0.00390625 0.70546875 0 0.709375 0 0.77421875
2 0.74140625 0.64296875 0.7390625 0.653125 0.7328125 0.66015625 0.728125 0.68359375 0.73125 0.7234375 0.7390625 0.7546875 0.7375 0.76796875 0.74140625 0.76796875 0.74140625 0.76171875 0.7390625 0.76015625 0.740625 0.75625 0.74296875 0.75390625 0.75078125 0.7546875 0.753125 0.75078125 0.75625 0.74296875 0.75546875 0.7265625 0.7578125 0.71953125 0.76171875 0.7171875 0.77734375 0.71484375 0.79296875 0.7171875 0.81171875 0.7140625 0.8125 0.73125 0.81953125 0.74921875 0.83046875 0.7484375 0.8359375 0.7453125 0.8390625 0.73359375 0.83828125 0.71796875 0.8296875 0.68125 0.8234375 0.6671875 0.82421875 0.65703125 0.821875 0.6546875 0.82109375 0.63984375 0.81796875 0.63359375 0.8140625 0.63203125 0.8109375 0.63203125 0.79375 0.63515625 0.7578125 0.63359375 0.746875 0.63671875 0.74140625 0.64296875
5 0.68828125 0.5296875 0.684375 0.5390625 0.684375 0.57265625 0.6890625 0.578125 0.69609375 0.5765625 0.69921875 0.58515625 0.70703125 0.58671875 0.7140625 0.59296875 0.715625 0.60234375 0.71171875 0.60546875 0.7125 0.6140625 0.72421875 0.615625 0.73125 0.61171875 0.73359375 0.60546875 0.734375 0.575 0.7375 0.56953125 0.73984375 0.57265625 0.74453125 0.57109375 0.7453125 0.55625 0.72734375 0.525 0.709375 0.51640625 0.7109375 0.50703125 0.70859375 0.50078125 0.703125 0.49765625 0.70234375 0.49765625 0.69453125 0.5015625 0.69375 0.509375 0.6984375 0.5203125 0.68828125 0.5296875
5 0.44609375 0.59453125 0.4765625 0.5953125 0.4875 0.6 0.49296875 0.58828125 0.48984375 0.575 0.4859375 0.5703125 0.465625 0.55859375 0.46328125 0.55859375 0.45703125 0.56171875 0.4453125 0.57890625 0.44765625 0.590625 0.44609375 0.59453125
0 0.428125 0.5984375 0.4296875 0.6140625 0.43828125 0.628125 0.44453125 0.63203125 0.4875 0.63125 0.515625 0.61953125 0.5140625 0.6140625 0.49765625 0.609375 0.48828125 0.6015625 0.4890625 0.6 0.48203125 0.59609375 0.48359375 0.59453125 0.48046875 0.5953125 0.48046875 0.5921875 0.475 0.5921875 0.48125 0.58828125 0.47421875 0.5921875 0.4703125 0.5890625 0.47265625 0.584375 0.48203125 0.58515625 0.471875 0.58203125 0.4703125 0.578125 0.46953125 0.578125 0.45234375 0.584375 0.45390625 0.58671875 0.4453125 0.59453125 0.428125 0.5984375
0 0.65078125 0.56953125 0.65859375 0.575 0.65625 0.5671875 0.64921875 0.56015625 0.6390625 0.55625 0.63125 0.54921875 0.6234375 0.54765625 0.6203125 0.54765625 0.61328125 0.54921875 0.6109375 0.55546875 0.61953125 0.56953125 0.65078125 0.56953125
3 0.275 0.584375 0.2859375 0.58515625 0.2953125 0.5828125 0.30078125 0.57109375 0.29296875 0.56875 0.28671875 0.56875 0.2796875 0.57109375 0.278125 0.5765625 0.27421875 0.57890625 0.275 0.584375
3 0.49140625 0.575 0.4953125 0.56875 0.49453125 0.56015625 0.4921875 0.55390625 0.4859375 0.55234375 0.481640625 0.55234375 0.46640625 0.553125 0.4625 0.5609375 0.47421875 0.56328125 0.49140625 0.575
1 0.325 0.62578125 0.3640625 0.62578125 0.37109375 0.6171875 0.37109375 0.6140625 0.36640625 0.61171875 0.36171875 0.61171875 0.34765625 0.61171875 0.33125 0.615625 0.325 0.621875 0.325 0.62578125
4 0.409375 0.62734375 0.41015625 0.61953125 0.4078125 0.60390625 0.40234375 0.60390625 0.3984375 0.6078125 0.4 0.62734375 0.40625 0.6296875 0.409375 0.62734375
4 0.60546875 0.61953125 0.60625 0.61640625 0.59921875 0.6125 0.5984375 0.61171875 0.59375 0.61328125 0.59140625 0.61796875 0.59609375 0.62109375 0.60546875 0.61953125