2 0 0.77421875 0.00703125 0.77421875 0.01484375 0.76875 0.02421875 0.76875 0.03515625 0.775 0.0484375 0.775 0.06796875 0.76875 0.10078125 0.76328125 0.11328125 0.76875 0.15078125 0.76328125 0.15390625 0.759375 0.15546875 0.74765625 0.1546875 0.7109375 0.15234375 0.70625 0.1546875 0.67421875 0.15234375 0.6671875 0.12578125 0.646875 0.05859375 0.64296875 0.05442734375 0.64296875 0.03828125 0.64453125 0.0328125 0.6484375 0.02109375 0.6625 0.01640625 0.67578125 0.0046875 0.69609375 0.00390625 0.70546875 0 0.70859375 0 0.77421875
2 0.73828125 0.653125 0.7328125 0.659375 0.72734375 0.684375 0.7296875 0.6890625 0.73125 0.7234375 0.73828125 0.7484375 0.7375 0.76796875 0.7421875 0.76640625 0.7421875 0.75625 0.75078125 0.75390625 0.753125 0.75 0.75625 0.74296875 0.75625 0.71953125 0.7609375 0.7171875 0.7875 0.71484375 0.79375 0.71796875 0.79609375 0.715625 0.81015625 0.7140625 0.81171875 0.72734375 0.81953125 0.7515625 0.81796875 0.765625 0.8203125 0.7671875 0.8234375 0.76640625 0.821875 0.75078125 0.83515625 0.74609375 0.83984375 0.7296875 0.83828125 0.71640625 0.8328125 0.6921875 0.825 0.671875 0.825 0.65859375 0.821875 0.6546875 0.8203125 0.63828125 0.8171875 0.6328125 0.8140625 0.6328125 0.81328125 0.63203125 0.790625 0.63515625 0.75 0.63515625 0.74453125 0.6390625 0.73828125 0.653125
5 0.9078125 0.5125 0.89609375 0.521875 0.89140625 0.540625 0.8796875 0.55234375 0.871875 0.57109375 0.8703125 0.62265625 0.87265625 0.628125 0.8703125 0.64296875 0.87578125 0.65859375 0.88984375 0.6765625 0.88828125 0.7703125 0.8921875 0.78046875 0.96796875 0.78046875 0.9703125 0.753125 0.984375 0.73515625 0.98671875 0.72890625 0.98046875 0.66875 0.98984375 0.6640625 0.99296875 0.65234375 0.9890625 0.64453125 0.9890625 0.59140625 0.98515625 0.58671875 0.984375 0.56875 0.97265625 0.54296875 0.96796875 0.53828125 0.95546875 0.5328125 0.95703125 0.52734375 0.965625 0.51796875 0.96328125 0.5125 0.9640625 0.5046875 0.95703125 0.49609375 0.93671875 0.48828125 0.93255234375 0.48828125 0.92109375 0.4890625 0.91328125 0.49453125 0.9078125 0.50546875 0.9078125 0.5125
5 0.3421875 0.5890625 0.33671875 0.60390625 0.340625 0.61171875 0.36015625 0.61015625 0.35625 0.60625 0.35703125 0.5984375 0.359375 0.596875 0.38671875 0.59921875 0.40078125 0.59765625 0.40703125 0.603125 0.40859375 0.61171875 0.41640625 0.61328125 0.4234375 0.609375 0.42734375 0.603125 0.4234375 0.58828125 0.41171875 0.575 0.3921875 0.5640625 0.396875 0.55546875 0.396875 0.5484375 0.3953125 0.54296875 0.390625 0.5390625 0.38359375 0.5390625 0.37421875 0.5484375 0.37578125 0.565625 0.3640625 0.5703125 0.3421875 0.5890625
0 0.4828125 0.63203125 0.49765625 0.62890625 0.5046875 0.6234375 0.51484375 0.62109375 0.515625 0.615625 0.503125 0.6109375 0.49609375 0.6046875 0.49765625 0.6015625 0.49453125 0.60390625 0.484375 0.59453125 0.46484375 0.59140625 0.4625 0.59140625 0.4296875 0.6 0.428125 0.6125 0.4421875 0.63125 0.4828125 0.63203125
0 0.61875 0.56875 0.6546875 0.56953125 0.65625 0.5734375 0.659375 0.57265625 0.66015625 0.57109375 0.65625 0.5703125 0.65625 0.5671875 0.64921875 0.5609375 0.6390625 0.55625 0.63125 0.54921875 0.62421875 0.54765625 0.61875 0.54765625 0.61328125 0.54921875 0.61171875 0.55390625 0.615625 0.56640625 0.61875 0.56875
4 0.60546875 0.61953125 0.60625 0.61640625 0.59921875 0.6125 0.596875 0.6125 0.59296875 0.615625 0.59296875 0.61953125 0.5984375 0.621875 0.60546875 0.61953125
3 0.471875 0.575 0.490625 0.57578125 0.4953125 0.56875 0.4921875 0.5546875 0.48828125 0.55234375 0.4840625 0.55234375 0.465625 0.553125 0.4625 0.55859375 0.46328125 0.57109375 0.471875 0.575
3 0.275 0.584375 0.28671875 0.58515625 0.2953125 0.5828125 0.30078125 0.571875 0.29609375 0.56875 0.291015625 0.56875 0.28046875 0.5703125 0.278125 0.5765625 0.27421875 0.57890625 0.275 0.584375
1 0.32734375 0.62578125 0.33203125 0.6265625 0.365625 0.62578125 0.37109375 0.61796875 0.37109375 0.61328125 0.36875 0.61171875 0.36484375 0.61171875 0.34140625 0.6125 0.33125 0.615625 0.32578125 0.62265625 0.32734375 0.62578125
4 0.40546875 0.61796875 0.40546875 0.60625 0.4015625 0.60234375 0.39921875 0.60234375 0.39453125 0.60625 0.396875 0.62734375 0.40234375 0.62578125 0.40546875 0.61796875