5 0.39899658203125 0.6013776875 0.403451578125 0.61473872265625 0.412811515625 0.615683470703125 0.415236716796875 0.611037587890625 0.413111478515625 0.598498587890625 0.41627690625 0.596209734375 0.41925144921875 0.604856712890625 0.4231980078125 0.602581494140625 0.425977712890625 0.577626205078125 0.418067005859375 0.538419673828125 0.408116822265625 0.52652545703125 0.411404962890625 0.517206423828125 0.411636751953125 0.503927197265625 0.400837265625 0.495925001953125 0.396931611328125 0.495856828125 0.38821645703125 0.502737025390625 0.388738529296875 0.5175921484375 0.38395630078125 0.5229782578125 0.371748486328125 0.550894453125 0.373532857421875 0.582961728515625 0.371725169921875 0.596994818359375 0.374563365234375 0.613453107421875 0.3901723515625 0.61450693359375 0.3942552578125 0.604420404296875 0.39899658203125 0.6013776875
5 0.6688276484375 0.586553380859375 0.673487166015625 0.588197451171875 0.696167234375 0.587030595703125 0.703647357421875 0.561375984375 0.711635919921875 0.55135762890625 0.7087568203125 0.53724273046875 0.704233650390625 0.5277873515625 0.69580482421875 0.518263796875 0.69450162109375 0.5033950390625 0.69069141015625 0.497858947265625 0.686031892578125 0.496214876953125 0.685264396484375 0.495420111328125 0.677398546875 0.4984082890625 0.6692191015625 0.51936248046875 0.662093478515625 0.52470768359375 0.652392673828125 0.543291212890625 0.65381858984375 0.551129791015625 0.6622474140625 0.560653345703125 0.662083798828125 0.57002691796875 0.665921279296875 0.57400074609375 0.66731992578125 0.583401587890625 0.6688276484375 0.586553380859375
2 0.727301623046875 0.72822046875 0.7353759453125 0.7580534296875 0.7329916484375 0.76035591796875 0.734349390625 0.77210015234375 0.73750118359375 0.7705924296875 0.734485736328125 0.76428884375 0.736924572265625 0.758861830078125 0.74629814453125 0.7590254453125 0.74868244140625 0.75672295703125 0.751956947265625 0.7481850546875 0.7514894140625 0.73020540625 0.75316075390625 0.72398362890625 0.756326181640625 0.7216947734375 0.77355196875 0.71965134375 0.789133685546875 0.722267431640625 0.8079353671875 0.719470138671875 0.808430169921875 0.735887525390625 0.815119482421875 0.755538513671875 0.830810275390625 0.751905552734375 0.834920451171875 0.740256759765625 0.834466552734375 0.72149598046875 0.820484048828125 0.67202566796875 0.821415162109375 0.663446861328125 0.81912630859375 0.66028143359375 0.817836740234375 0.644631544921875 0.8155887890625 0.63912272265625 0.811710404296875 0.637492287109375 0.810148142578125 0.637465017578125 0.790565328125 0.640248673828125 0.755441701171875 0.6380728515625 0.7436565625 0.641773986328125 0.738874333984375 0.647160095703125 0.737175724609375 0.65494413671875 0.72592629296875 0.672719263671875 0.7257217734375 0.684436228515625 0.72332383984375 0.68751984765625 0.726352921875 0.6930423046875 0.727301623046875 0.72822046875
2 0 0.76553298828125 0.0023205546875 0.765573494140625 0.00944617578125 0.7602282890625 0.018819748046875 0.76039190625 0.028865375 0.766818205078125 0.04917478125 0.76717270703125 0.060206056640625 0.76189567578125 0.091546740234375 0.756973146484375 0.101701443359375 0.757150396484375 0.11489886328125 0.76206897265625 0.146239546875 0.757146443359375 0.15114448828125 0.74473015625 0.15233466015625 0.721309859375 0.1496464453125 0.69625912890625 0.151754095703125 0.665041158203125 0.14717638671875 0.65871030078125 0.1209451640625 0.639499578125 0.04835451953125 0.63510702734375 0.0475870234375 0.63431226171875 0.0342532578125 0.63720499609375 0.025510833984375 0.645647455078125 0.01590547265625 0.65876306640625 0.001340630859375 0.68741948828125 0.000382248046875 0.697560556640625 0 0.69800330859375 0 0.76553298828125
0 0.467913361328125 0.592422837890625 0.4624454453125 0.59232739453125 0.44367103125 0.593562423828125 0.427939333984375 0.59953877734375 0.42846140625 0.61439390234375 0.439905677734375 0.63022104296875 0.491473958984375 0.63033980078125 0.513522876953125 0.620566869140625 0.512837189453125 0.615085318359375 0.497323646484375 0.608563576171875 0.481151685546875 0.59499801953125 0.467913361328125 0.592422837890625
0 0.618681328125 0.549735099609375 0.6139672734375 0.551215552734375 0.61235047265625 0.55431280859375 0.61224139453125 0.56056185546875 0.61831319140625 0.57082563671875 0.65188819140625 0.572193060546875 0.65495817578125 0.575372123046875 0.65810996875 0.5738643984375 0.650448640625 0.565135611328125 0.62414924609375 0.54983054296875 0.618681328125 0.549735099609375
4 0.594733234375 0.623547140625 0.6025718125 0.622121224609375 0.604202248046875 0.61824283984375 0.5972402421875 0.614214470703125 0.594896849609375 0.614173568359375 0.591745056640625 0.615681291015625 0.5900873515625 0.621121939453125 0.594733234375 0.623547140625
3 0.481120462890625 0.5520221796875 0.464703076171875 0.552516982421875 0.46151037890625 0.55636809765625 0.462059720703125 0.5696609609375 0.471351484375 0.57451136328125 0.49009862890625 0.574838595703125 0.494113361328125 0.568657720703125 0.493427671875 0.563176169921875 0.490466765625 0.55374805859375 0.485807248046875 0.55210398828125 0.481120462890625 0.5520221796875
3 0.2792750625 0.566470443359375 0.276822591796875 0.5726785859375 0.272876033203125 0.574953806640625 0.27356172265625 0.580435357421875 0.28604618359375 0.58143464453125 0.2938983984375 0.57922759765625 0.299557201171875 0.56838720703125 0.294924953125 0.565180875 0.2898476015625 0.565092248046875 0.2792750625 0.566470443359375
1 0.344948560546875 0.609029333984375 0.329257767578125 0.612662296875 0.322899640625 0.618802267578125 0.324407365234375 0.621954060546875 0.329066880859375 0.623598130859375 0.3618743828125 0.624170787109375 0.36983567578125 0.615714693359375 0.3644768359375 0.609370203125 0.360571181640625 0.609302029296875 0.344948560546875 0.609029333984375
4 0.393255970703125 0.616904865234375 0.393900755859375 0.624729810546875 0.39621687890625 0.6263329765625 0.40252046484375 0.623317529296875 0.40284769921875 0.604570384765625 0.40055884375 0.60140495703125 0.39587205859375 0.6013231484375 0.393501396484375 0.602844505859375 0.393255970703125 0.616904865234375