2 0.0857297265625 0.811510173828125 0.090769125 0.80636387890625 0.12446859375 0.797141681640625 0.131541177734375 0.797307146484375 0.13810784765625 0.80065380859375 0.147447171875 0.79983672265625 0.1765450703125 0.79180134765625 0.1787341953125 0.772003966796875 0.16915249609375 0.69834000390625 0.13838162109375 0.6782893125 0.065661396484375 0.680730337890625 0.06332656640625 0.680934607421875 0.051146494140625 0.6851371640625 0.041203880859375 0.69698630859375 0.02501529296875 0.73604587109375 0.024480095703125 0.747856208984375 0.020150884765625 0.75215613671875 0.02587048046875 0.8175314140625 0.0328068828125 0.816140322265625 0.040113021484375 0.810011478515625 0.0510769921875 0.809836490234375 0.058558119140625 0.814671615234375 0.07879332421875 0.812901263671875 0.0857297265625 0.811510173828125
2 0.763025556640625 0.73656978125 0.764173568359375 0.7317639375 0.7720244296875 0.731861310546875 0.774154990234375 0.729322208984375 0.776451013671875 0.719710521484375 0.775186578125 0.6962941171875 0.795013240234375 0.689854103515625 0.804352564453125 0.68903701953125 0.8100728671875 0.691673494140625 0.820628294921875 0.68682884375 0.82925743359375 0.686858125 0.830414970703125 0.7000888359375 0.840950640625 0.721909876953125 0.84075589453125 0.7376116015625 0.845357466796875 0.73642478125 0.84172891796875 0.721841787109375 0.85532936328125 0.715946498046875 0.85799512109375 0.701597056640625 0.8557869453125 0.685321328125 0.837556349609375 0.638293775390625 0.832060078125 0.6113264375 0.82924861328125 0.60608276953125 0.8243746796875 0.60415648046875 0.82048329296875 0.60449693359375 0.80285528125 0.60917612109375 0.766140076171875 0.61081981640625 0.757851390625 0.614681919921875 0.75359026953125 0.619760125 0.74574893359375 0.637699306640625 0.74342362890625 0.6559401328125 0.74628342578125 0.688627771484375 0.758891091796875 0.725167986328125 0.760690724609375 0.736774052734375 0.763025556640625 0.73656978125
5 0.684197658203125 0.57956137109375 0.73329720703125 0.576049951171875 0.72428880859375 0.5627218671875 0.7069236328125 0.552477609375 0.704822353515625 0.54638757421875 0.7073226484375 0.53911071875 0.706135830078125 0.534509146484375 0.702546087890625 0.529333568359375 0.693712677734375 0.526969455078125 0.69137784765625 0.5271737265625 0.6826513359375 0.5349953046875 0.68241778125 0.541289611328125 0.688313072265625 0.554890056640625 0.674780716796875 0.561563625 0.66629728515625 0.581127451171875 0.667960736328125 0.591176962890625 0.6729708515625 0.594659806640625 0.678350701171875 0.593404896484375 0.678953990234375 0.5823728359375 0.684197658203125 0.57956137109375
5 0.71221633984375 0.514371314453125 0.705211845703125 0.51498412890625 0.700814544921875 0.518505779296875 0.699666533203125 0.523311623046875 0.700006986328125 0.5272030078125 0.707896654296875 0.536707796875 0.7076631015625 0.543002103515625 0.73943628125 0.538653841796875 0.73719882421875 0.531007251953125 0.72677005078125 0.519371904296875 0.723384580078125 0.51653115625 0.71221633984375 0.514371314453125
4 0.61599116015625 0.6067029921875 0.608646212890625 0.603424419921875 0.6063113828125 0.60362869140625 0.60276044921875 0.607860529296875 0.603811087890625 0.610905546875 0.615485244140625 0.609884189453125 0.61599116015625 0.6067029921875
4 0.41509829296875 0.632121181640625 0.412413484375 0.610397513671875 0.40852209765625 0.610737966796875 0.404834984375 0.61341325 0.40836616015625 0.63584710546875 0.4138141015625 0.635370470703125 0.41509829296875 0.632121181640625
0 0.51003857421875 0.605777595703125 0.50388044921875 0.60710059765625 0.488782013671875 0.595873791015625 0.4885777421875 0.593538958984375 0.472944109375 0.594122490234375 0.4713875546875 0.594258671875 0.465433701171875 0.59791650390625 0.44604486328125 0.600397041015625 0.439448912109375 0.605679517578125 0.440810720703125 0.621245060546875 0.447990203125 0.631596216796875 0.453846685546875 0.63578924609375 0.5005433125 0.6317038203125 0.526051466796875 0.618492865234375 0.52564292578125 0.613823203125 0.51003857421875 0.605777595703125
0 0.62506835546875 0.55807055078125 0.6608691015625 0.554938390625 0.6547402578125 0.54763225390625 0.630302498046875 0.53722253125 0.6256328359375 0.53763107421875 0.617918154296875 0.539090255859375 0.61605995703125 0.544742466796875 0.62506835546875 0.55807055078125
1 0.336356125 0.63744176171875 0.34603590234375 0.640516060546875 0.377098896484375 0.63701416796875 0.381019564453125 0.628044576171875 0.380679111328125 0.62415319140625 0.377429822265625 0.622868998046875 0.373019326171875 0.6232548671875 0.344236267578125 0.62890999609375 0.336356125 0.63744176171875
3 0.282733326171875 0.598216029296875 0.283209958984375 0.603663970703125 0.295730482421875 0.60335280078125 0.303308982421875 0.600337064453125 0.30773556640625 0.588186275390625 0.2997485234375 0.58653234765625 0.295078861328125 0.586940890625 0.286722083984375 0.590024716796875 0.282733326171875 0.598216029296875
3 0.470395482421875 0.573955376953125 0.480075259765625 0.577029677734375 0.4979756328125 0.57546359765625 0.501322294921875 0.568896927734375 0.49691546875 0.554382025390625 0.4757658046875 0.554663912109375 0.4749194375 0.553953724609375 0.468391576171875 0.560014478515625 0.470395482421875 0.573955376953125