2 0 0.775 0.0078125 0.77421875 0.01484375 0.76875 0.02578125 0.76953125 0.0328125 0.775 0.0546875 0.775 0.06640625 0.76953125 0.1015625 0.76328125 0.1140625 0.76875 0.1203125 0.76875 0.15234375 0.7625 0.15546875 0.7515625 0.15625 0.72734375 0.153125 0.70234375 0.1546875 0.67109375 0.1515625 0.6671875 0.13046875 0.64921875 0.1203125 0.6453125 0.05078125 0.64296875 0.05 0.6421875 0.03671875 0.6453125 0.028125 0.65390625 0.01875 0.6671875 0.0046875 0.69609375 0.00390625 0.70546875 0 0.70859375 0 0.775
3 0.29453125 0.58359375 0.30078125 0.57109375 0.29453125 0.56875 0.290234375 0.56875 0.2796875 0.57109375 0.275 0.57890625 0.275 0.584375 0.29453125 0.58359375
3 0.471875 0.575 0.49140625 0.57578125 0.49375 0.5734375 0.49453125 0.5625 0.4921875 0.5546875 0.490625 0.55234375 0.484375 0.5515625 0.48359375 0.5515625 0.4734375 0.553125 0.47578125 0.56796875 0.47265625 0.5703125 0.471875 0.575
2 0.7421875 0.64140625 0.73828125 0.65390625 0.72890625 0.66796875 0.728125 0.6796875 0.72578125 0.6828125 0.72890625 0.6890625 0.72890625 0.70859375 0.7375 0.74921875 0.7375 0.76796875 0.7421875 0.7671875 0.7421875 0.75625 0.7515625 0.7546875 0.75390625 0.75078125 0.75625 0.74375 0.75546875 0.728125 0.759375 0.71796875 0.77109375 0.71875 0.7734375 0.71640625 0.7859375 0.71484375 0.79296875 0.7234375 0.79140625 0.7421875 0.8 0.74375 0.8 0.72890625 0.79609375 0.7171875 0.81015625 0.71484375 0.8125 0.73203125 0.81875 0.7484375 0.81796875 0.76640625 0.8234375 0.76640625 0.82265625 0.75078125 0.83515625 0.74609375 0.8390625 0.734375 0.83828125 0.715625 0.8328125 0.68984375 0.8234375 0.66640625 0.82109375 0.63984375 0.81875 0.634375 0.8140625 0.63203125 0.81171875 0.63203125 0.7953125 0.634375 0.7546875 0.63359375 0.74765625 0.6359375 0.7421875 0.64140625
5 0.5046875 0.6546875 0.51015625 0.67265625 0.52265625 0.675 0.54296875 0.67265625 0.5421875 0.66796875 0.52421875 0.65703125 0.52421875 0.65078125 0.51171875 0.63046875 0.51171875 0.63515625 0.5046875 0.6453125 0.5046875 0.6546875
5 0.4296875 0.59609375 0.43046875 0.59921875 0.44140625 0.59375 0.46796875 0.5921875 0.46640625 0.590625 0.4703125 0.584375 0.4703125 0.57265625 0.475 0.56875 0.47578125 0.5640625 0.471875 0.546875 0.459375 0.540625 0.45546875 0.540625 0.45 0.54140625 0.44375 0.54765625 0.44609375 0.57421875 0.4296875 0.59609375
5 0.7171875 0.5765625 0.73125 0.58046875 0.7375 0.5859375 0.7375 0.58125 0.7421875 0.5828125 0.74765625 0.57734375 0.76953125 0.57578125 0.7703125 0.57109375 0.7640625 0.56015625 0.7578125 0.55390625 0.74296875 0.5484375 0.73984375 0.53984375 0.73203125 0.534375 0.73046875 0.534375 0.7234375 0.540625 0.7265625 0.5546875 0.71484375 0.56875 0.7171875 0.5765625
5 0.740625 0.6109375 0.74375 0.61328125 0.74765625 0.61171875 0.7453125 0.603125 0.73671875 0.6 0.7359375 0.5890625 0.7328125 0.5890625 0.7234375 0.5953125 0.72265625 0.615625 0.73515625 0.6140625 0.740625 0.6109375
0 0.4375 0.6265625 0.44375 0.63125 0.4875 0.63125 0.515625 0.6203125 0.5140625 0.6140625 0.4984375 0.61015625 0.46953125 0.59296875 0.4640625 0.59296875 0.4390625 0.59609375 0.43046875 0.603125 0.43125 0.61640625 0.4375 0.6265625
0 0.61953125 0.56875 0.6546875 0.56953125 0.659375 0.571875 0.64921875 0.5609375 0.62734375 0.5484375 0.62265625 0.5484375 0.61484375 0.54921875 0.61328125 0.55234375 0.61328125 0.55859375 0.61953125 0.56875
4 0.60546875 0.6203125 0.60703125 0.6171875 0.59921875 0.6125 0.596875 0.6125 0.59375 0.6140625 0.5921875 0.61953125 0.596875 0.621875 0.60546875 0.6203125
4 0.4078125 0.62421875 0.409375 0.60625 0.40625 0.603125 0.40390625 0.603125 0.40078125 0.60390625 0.3984375 0.609375 0.40078125 0.62890625 0.4078125 0.62421875
1 0.365625 0.62578125 0.37109375 0.6171875 0.37109375 0.6140625 0.365625 0.61171875 0.36145859375 0.61171875 0.33125 0.615625 0.32578125 0.6203125 0.32421875 0.625 0.365625 0.62578125