3 0.275 0.584375 0.2953125 0.5828125 0.30078125 0.571875 0.29765625 0.56875 0.29348984375 0.56875 0.28046875 0.5703125 0.278125 0.5765625 0.27421875 0.57890625 0.275 0.584375
3 0.47265625 0.575 0.4921875 0.575 0.4953125 0.56875 0.49375 0.56015625 0.49140625 0.5546875 0.4859375 0.55234375 0.4814453125 0.55234375 0.46796875 0.55234375 0.46328125 0.55625 0.4640625 0.57109375 0.47265625 0.575
0 0.43046875 0.615625 0.44140625 0.63046875 0.490625 0.63125 0.515625 0.6203125 0.515625 0.615625 0.5046875 0.60546875 0.490625 0.6015625 0.4875 0.59609375 0.48125 0.5921875 0.46796875 0.59140625 0.46171875 0.59140625 0.45625 0.59453125 0.4375 0.5953125 0.43125 0.59921875 0.43046875 0.615625
0 0.61953125 0.56875 0.65625 0.56875 0.65703125 0.5671875 0.65 0.5609375 0.63984375 0.55703125 0.63359375 0.55078125 0.6234375 0.54765625 0.6203125 0.54765625 0.6140625 0.54921875 0.61328125 0.55234375 0.61328125 0.55859375 0.61953125 0.56875
2 0.73203125 0.66015625 0.72890625 0.66875 0.72890625 0.7046875 0.73125 0.72421875 0.73984375 0.75625 0.7515625 0.75390625 0.753125 0.75078125 0.75546875 0.74375 0.7546875 0.72890625 0.75859375 0.71796875 0.790625 0.71171875 0.80625 0.70234375 0.81015625 0.70390625 0.8140625 0.73359375 0.8171875 0.7375 0.82890625 0.7375 0.834375 0.73203125 0.83671875 0.7171875 0.828125 0.67265625 0.82890625 0.65546875 0.82265625 0.64609375 0.81796875 0.62734375 0.8078125 0.6140625 0.8046875 0.6140625 0.77578125 0.6328125 0.75390625 0.63359375 0.74765625 0.6359375 0.73203125 0.66015625
2 0 0.775 0.00703125 0.77421875 0.01484375 0.76875 0.02578125 0.76953125 0.034375 0.775 0.05234375 0.775 0.06953125 0.76875 0.10078125 0.76328125 0.10703125 0.7640625 0.1140625 0.76875 0.1515625 0.76328125 0.15546875 0.7515625 0.153125 0.70234375 0.1546875 0.671875 0.15 0.66484375 0.12265625 0.6453125 0.05078125 0.64296875 0.05 0.6421875 0.0359375 0.64609375 0.02265625 0.66015625 0.00390625 0.69765625 0.00390625 0.70625 0 0.71015625 0 0.775
1 0.32734375 0.62578125 0.334375 0.6265625 0.36484375 0.62578125 0.37109375 0.61640625 0.36875 0.61171875 0.36453125 0.61171875 0.34765625 0.61171875 0.33125 0.615625 0.325 0.62265625 0.32734375 0.62578125
4 0.40546875 0.6171875 0.40546875 0.60546875 0.403125 0.60234375 0.4 0.60234375 0.3953125 0.6046875 0.39765625 0.62734375 0.403125 0.62578125 0.40546875 0.6171875
4 0.60625 0.61640625 0.59921875 0.6125 0.596875 0.6125 0.59375 0.6140625 0.5921875 0.61953125 0.60546875 0.61953125 0.60625 0.61640625
5 0.8609375 0.5375 0.84453125 0.54375 0.83515625 0.55234375 0.8203125 0.57265625 0.809375 0.57890625 0.80234375 0.596875 0.79609375 0.60234375 0.79375 0.6125 0.796875 0.6171875 0.80625 0.61171875 0.821875 0.61015625 0.82421875 0.60625 0.8328125 0.60390625 0.83671875 0.5921875 0.840625 0.5921875 0.84296875 0.59921875 0.834375 0.628125 0.83046875 0.6734375 0.83671875 0.71484375 0.8484375 0.7546875 0.85078125 0.78046875 0.90625 0.78046875 0.91171875 0.76171875 0.9125 0.72578125 0.909375 0.7046875 0.91484375 0.68046875 0.9125 0.61015625 0.91484375 0.60625 0.91875 0.60703125 0.93671875 0.6453125 0.94375 0.65078125 0.94609375 0.6609375 0.9515625 0.67109375 0.95546875 0.6734375 0.96328125 0.67265625 0.965625 0.66953125 0.965625 0.66171875 0.959375 0.64921875 0.959375 0.64453125 0.97109375 0.63125 0.93984375 0.571875 0.9234375 0.5515625 0.9046875 0.53984375 0.90390625 0.53359375 0.896875 0.52421875 0.896875 0.51171875 0.89296875 0.50078125 0.88671875 0.49609375 0.87890625 0.49453125 0.87421875 0.49453125 0.85859375 0.50078125 0.85234375 0.50859375 0.85234375 0.52109375 0.8609375 0.5375
5 0.69453125 0.54609375 0.6921875 0.55859375 0.7 0.58359375 0.715625 0.59609375 0.71640625 0.61171875 0.72109375 0.615625 0.73828125 0.61484375 0.7375 0.59375 0.7421875 0.58359375 0.75 0.5796875 0.7546875 0.5734375 0.75 0.5265625 0.74296875 0.5125 0.74140625 0.4984375 0.734375 0.4921875 0.73046875 0.4921875 0.721875 0.49453125 0.715625 0.5109375 0.7046875 0.52265625 0.69453125 0.54609375