2 0.929317470703125 0.695968861328125 0.928542044921875 0.695873650390625 0.855951310546875 0.69089621484375 0.82730175390625 0.70626930078125 0.821792298828125 0.712676876953125 0.821534154296875 0.727600404296875 0.818065349609375 0.73661989453125 0.81376713671875 0.765215470703125 0.81130541015625 0.791675189453125 0.8145298125 0.8038778515625 0.85030839453125 0.813780728515625 0.863381693359375 0.809876107421875 0.898289638671875 0.820459201171875 0.900235076171875 0.8238465390625 0.907703712890625 0.827124923828125 0.9301910859375 0.829886025390625 0.94103331640625 0.82492034765625 0.94878758203125 0.825872451171875 0.955875376953125 0.83225254296875 0.962854216796875 0.8331094375 0.970851892578125 0.767973595703125 0.966961015625 0.761198919921875 0.96772269921875 0.754995505859375 0.955532787109375 0.719652740234375 0.94960126171875 0.71026615234375 0.9421188828125 0.70068914453125 0.929317470703125 0.695968861328125
2 0.13537774609375 0.687429546875 0.13803088671875 0.70428476953125 0.152478361328125 0.708420046875 0.162898521484375 0.687660205078125 0.165292525390625 0.674573162109375 0.17974 0.678708439453125 0.197765234375 0.67934742578125 0.2181304921875 0.68657066796875 0.219314248046875 0.696161419921875 0.216049607421875 0.709928677734375 0.217913578125 0.72039006640625 0.229449767578125 0.722593650390625 0.243243521484375 0.693589744140625 0.24907884375 0.65888596484375 0.25188117578125 0.655294462890625 0.2521393203125 0.640370935546875 0.24364986328125 0.61335369921875 0.240439203125 0.60744966015625 0.2301544921875 0.601464154296875 0.195845298828125 0.598825748046875 0.173255841796875 0.593690759765625 0.16899099609375 0.593167103515625 0.1376765390625 0.6751179296875 0.13537774609375 0.687429546875
5 0.22632935546875 0.49158521484375 0.210277044921875 0.506930814453125 0.207039890625 0.533295322265625 0.212822224609375 0.563128634765625 0.20860548046875 0.58465016015625 0.210836548828125 0.58571121875 0.223814638671875 0.582582025390625 0.24038423046875 0.5822551640625 0.24475116015625 0.58515270703125 0.257933412109375 0.586771283203125 0.262191388671875 0.58414562890625 0.2647758125 0.569507732421875 0.263945412109375 0.54421802734375 0.27439305859375 0.536055431640625 0.279208552734375 0.52247859375 0.27296391015625 0.5028210390625 0.2632504609375 0.49218297265625 0.26787553515625 0.480156986328125 0.265426556640625 0.46804953515625 0.256012484375 0.4613838125 0.252135349609375 0.460907759765625 0.242068546875 0.4659686484375 0.22632935546875 0.49158521484375
5 0.617212125 0.526198595703125 0.622001126953125 0.544890302734375 0.611063685546875 0.550631408203125 0.60420754296875 0.561596333984375 0.59943327734375 0.594069044921875 0.60411332421875 0.6072375546875 0.609840685546875 0.61187637109375 0.6058006171875 0.625548419921875 0.60697062890625 0.628840548828125 0.611527978515625 0.63018723828125 0.617527228515625 0.626201150390625 0.64748323828125 0.63224063671875 0.653754375 0.619629646484375 0.651291654296875 0.6012235703125 0.654950880859375 0.590653228515625 0.65635155078125 0.566424580078125 0.6529367265625 0.55577276953125 0.64097846484375 0.537775021484375 0.644828111328125 0.525653826171875 0.6431683046875 0.519940208984375 0.633563810546875 0.51482533984375 0.62968667578125 0.514349287109375 0.62204136328125 0.518920380859375 0.617212125 0.526198595703125
3 0.49781115234375 0.562700607421875 0.49617883203125 0.569584236328125 0.49861406640625 0.57539306640625 0.51877516015625 0.577868537109375 0.528746751953125 0.57358307421875 0.530270119140625 0.561176248046875 0.52764446484375 0.5569182734375 0.510059947265625 0.553972048828125 0.506027728515625 0.553476955078125 0.501089537109375 0.55523197265625 0.49781115234375 0.562700607421875
3 0.690443830078125 0.602882384765625 0.69452512890625 0.60810620703125 0.713040158203125 0.61116668359375 0.713706630859375 0.605738697265625 0.71000617578125 0.59741316796875 0.699823546875 0.593801546875 0.69555869921875 0.593277888671875 0.689069654296875 0.594842486328125 0.690443830078125 0.602882384765625
0 0.503988072265625 0.5957308359375 0.494411064453125 0.60321321484375 0.48994892578125 0.601091099609375 0.491118935546875 0.6043832265625 0.482602986328125 0.609634537109375 0.47214159765625 0.6114985078125 0.469829060546875 0.6175115 0.49330976953125 0.63141420703125 0.54138622265625 0.63731725390625 0.55501704296875 0.62246144921875 0.556826041015625 0.60772834375 0.54964303515625 0.602123677734375 0.526856287109375 0.595390232421875 0.522979154296875 0.5949141796875 0.50932084765625 0.597172736328125 0.503988072265625 0.5957308359375
0 0.343596453125 0.542978306640625 0.337311572265625 0.549290673828125 0.372981201171875 0.553670353515625 0.381483408203125 0.542120419921875 0.380014021484375 0.53485594921875 0.3732256015625 0.532448201171875 0.371674748046875 0.53225778125 0.361213359375 0.534121751953125 0.343596453125 0.542978306640625
4 0.579449853515625 0.628609890625 0.580919240234375 0.635874361328125 0.5868370234375 0.63896232421875 0.591148978515625 0.616665373046875 0.586006623046875 0.613672619140625 0.585135986328125 0.6143528359375 0.580878009765625 0.616978490234375 0.579449853515625 0.628609890625
4 0.381430419921875 0.60665751171875 0.387443412109375 0.608970048828125 0.3947078828125 0.607500662109375 0.390136791015625 0.599855349609375 0.387810509765625 0.59956971875 0.3803556171875 0.60258995703125 0.381430419921875 0.60665751171875
1 0.61356862890625 0.6327991484375 0.61804451171875 0.641219888671875 0.658461908203125 0.645395404296875 0.65757752734375 0.63977699609375 0.653305810546875 0.63610402734375 0.6444767421875 0.631084369140625 0.630614271484375 0.628595154296875 0.6282879921875 0.6283095234375 0.614915318359375 0.628241798828125 0.61356862890625 0.6327991484375