2 1 0.7109375 0.9953125 0.70546875 0.9953125 0.69609375 0.9828125 0.67421875 0.97890625 0.6625 0.97109375 0.653125 0.9625 0.6453125 0.9453125 0.64296875 0.94140625 0.64296875 0.8765625 0.64609375 0.85625 0.659375 0.84609375 0.6703125 0.84609375 0.71796875 0.84375 0.72734375 0.8453125 0.7546875 0.84921875 0.76328125 0.884375 0.76953125 0.8984375 0.76328125 0.93203125 0.76875 0.95078125 0.775 0.965625 0.775 0.97578125 0.76875 0.98515625 0.76875 0.99375 0.77421875 1 0.77421875 1 0.7109375
2 0.178125 0.64296875 0.17578125 0.6703125 0.16796875 0.68828125 0.16171875 0.715625 0.1609375 0.73515625 0.1640625 0.74453125 0.16796875 0.74765625 0.18125 0.74921875 0.1875 0.73125 0.1890625 0.7140625 0.2046875 0.715625 0.20703125 0.71796875 0.21328125 0.71484375 0.2390625 0.7171875 0.24296875 0.71953125 0.246875 0.75234375 0.24921875 0.7546875 0.25703125 0.7546875 0.26015625 0.75859375 0.26875 0.72109375 0.271875 0.68359375 0.26796875 0.6609375 0.25703125 0.640625 0.246875 0.634375 0.209375 0.63515625 0.1890625 0.63203125 0.1859375 0.63203125 0.18203125 0.63359375 0.178125 0.64296875
5 0.00078125 0.78046875 0.1109375 0.78046875 0.11015625 0.77578125 0.09375 0.7796875 0.0875 0.778125 0.08671875 0.76953125 0.07421875 0.7375 0.0734375 0.703125 0.06328125 0.67265625 0.06328125 0.66875 0.075 0.6578125 0.07265625 0.63671875 0.0671875 0.62734375 0.07109375 0.6125 0.06640625 0.5828125 0.06640625 0.5671875 0.05703125 0.54453125 0.040625 0.534375 0.04609375 0.52578125 0.0484375 0.51328125 0.05078125 0.5125 0.0484375 0.5109375 0.05078125 0.5046875 0.04609375 0.49609375 0.0359375 0.490625 0.01432265625 0.4875 0.01015625 0.4875 0.00078125 0.490625 0.00078125 0.78046875
5 0.64453125 0.51328125 0.6515625 0.528125 0.64765625 0.534375 0.63984375 0.57109375 0.6453125 0.5859375 0.6421875 0.5953125 0.6484375 0.603125 0.65 0.6109375 0.6828125 0.62109375 0.68984375 0.58984375 0.68671875 0.575 0.690625 0.5671875 0.68828125 0.5625 0.68828125 0.55078125 0.67890625 0.521875 0.671875 0.515625 0.66953125 0.50546875 0.6625 0.4984375 0.65703125 0.4984375 0.64765625 0.50390625 0.64453125 0.51328125
3 0.5046875 0.56875 0.5078125 0.575 0.52734375 0.575 0.5359375 0.57109375 0.5375 0.5578125 0.53125 0.55234375 0.52421875 0.55234375 0.50859375 0.55390625 0.5046875 0.56875
3 0.70390625 0.58125 0.709375 0.584375 0.7234375 0.584375 0.725 0.58046875 0.71953125 0.57109375 0.71015625 0.56875 0.70625 0.56875 0.7 0.5703125 0.70390625 0.58125
0 0.5109375 0.6015625 0.5015625 0.60859375 0.4859375 0.6140625 0.484375 0.6203125 0.5109375 0.63125 0.5578125 0.63125 0.56953125 0.615625 0.56953125 0.6 0.56171875 0.5953125 0.5375 0.5921875 0.5328125 0.5921875 0.515625 0.59453125 0.5109375 0.6015625
0 0.34453125 0.56796875 0.38046875 0.56875 0.3875 0.55703125 0.3875 0.553125 0.3859375 0.54921875 0.378515625 0.5484375 0.37421875 0.5484375 0.34921875 0.56171875 0.34453125 0.56796875
4 0.3953125 0.6203125 0.4015625 0.621875 0.40703125 0.61875 0.403125 0.6125 0.40078125 0.6125 0.39375 0.61640625 0.3953125 0.6203125
4 0.59453125 0.61875 0.59609375 0.62578125 0.6015625 0.628125 0.6046875 0.62578125 0.6046875 0.6046875 0.6 0.60234375 0.59921875 0.60234375 0.5953125 0.60546875 0.59453125 0.61875
1 0.634375 0.62578125 0.6375 0.6265625 0.66875 0.62578125 0.67421875 0.621875 0.6734375 0.61953125 0.665625 0.61796875 0.65859375 0.61328125 0.634765625 0.61171875 0.63046875 0.61171875 0.62890625 0.61796875 0.634375 0.62578125