2 1 0.635752931640625 0.99040030859375 0.619432021484375 0.97418314453125 0.604381919921875 0.960680072265625 0.602426349609375 0.959901794921875 0.602494439453125 0.887862474609375 0.612718234375 0.863035224609375 0.633711958984375 0.858978375 0.64112499609375 0.86226647265625 0.65181660546875 0.860544455078125 0.659025369140625 0.863122365234375 0.670563345703125 0.861273693359375 0.694252111328125 0.8651453203125 0.7205773515625 0.87083633984375 0.73184296484375 0.90782390625 0.73331237890625 0.91448794921875 0.7288081796875 0.92298090625 0.727280908203125 0.955434990234375 0.730715416015625 0.96680750390625 0.73521008984375 0.9893775390625 0.73323546875 0.995905400390625 0.72717471484375 1 0.726519919921875 1 0.635752931640625
2 0.19187846875 0.6712562421875 0.1915863515625 0.694808826171875 0.181935150390625 0.745844189453125 0.182450591796875 0.760699544921875 0.187499513671875 0.7735898046875 0.201138767578125 0.7771019296875 0.204825880859375 0.774426646484375 0.20877583203125 0.756827916015625 0.2081242109375 0.740416005859375 0.260541138671875 0.738967056640625 0.263858517578125 0.74102952734375 0.26616406640625 0.74945439453125 0.2659693203125 0.7651561171875 0.268916966796875 0.77195633984375 0.27237052734375 0.77557536328125 0.2817098515625 0.77475827734375 0.2820503046875 0.7786496640625 0.28529959375 0.77993385546875 0.282322666015625 0.781762771484375 0.282799298828125 0.787210712890625 0.286758775390625 0.787648537109375 0.28573741796875 0.775974380859375 0.28319831640625 0.7738438203125 0.28903574609375 0.7419637421875 0.287664412109375 0.70836164453125 0.29016470703125 0.7010847890625 0.286604248046875 0.687280072265625 0.275056748046875 0.671821427734375 0.271972921875 0.66346465234375 0.2659802578125 0.657715068359375 0.25954976953125 0.655924958984375 0.22226055859375 0.659971578125 0.2017529921875 0.6586288203125 0.198639884765625 0.658901181640625 0.1941744921875 0.6616445546875 0.19187846875 0.6712562421875
5 0.263345193359375 0.537957765625 0.264872466796875 0.546450724609375 0.2741532265625 0.562891916015625 0.273724927734375 0.584887947265625 0.27739228515625 0.60887835546875 0.282168845703125 0.618655505859375 0.28495102734375 0.6325283125 0.287490130859375 0.634658873046875 0.29747155078125 0.632217142578125 0.295399556640625 0.61749796875 0.2971896640625 0.61106748046875 0.314983138671875 0.599315708984375 0.31579069921875 0.590618478515625 0.312774962890625 0.583039978515625 0.315411439453125 0.577319677734375 0.312930900390625 0.55793083984375 0.314448646484375 0.548387244140625 0.326317548828125 0.5316641640625 0.32032488671875 0.525914580078125 0.302015970703125 0.522810998046875 0.292637837890625 0.51422066796875 0.287189896484375 0.51469730078125 0.2688905078125 0.529630271484375 0.263345193359375 0.537957765625
5 0.60243093359375 0.49652809375 0.604366748046875 0.50969071484375 0.610495591796875 0.516996853515625 0.599774701171875 0.528914087890625 0.59360634375 0.5749393359375 0.595240513671875 0.593617986328125 0.601233177734375 0.5993675703125 0.60542620703125 0.593511087890625 0.610942236328125 0.593812732421875 0.619172359375 0.60720890625 0.635379998046875 0.604222453125 0.6380845625 0.5992804296875 0.64637325 0.595418326171875 0.64511833984375 0.5900384765625 0.64755054296875 0.58198334375 0.642803265625 0.5635770546875 0.639875376953125 0.530111138671875 0.6261585078125 0.50778418359375 0.62642134375 0.492860736328125 0.61880403515625 0.486469056640625 0.611799541015625 0.48708187109375 0.6058456875 0.490739703125 0.60243093359375 0.49652809375
0 0.522179837890625 0.592167625 0.519611453125 0.598666203125 0.51521415234375 0.60218785546875 0.51034021875 0.60026156640625 0.511458947265625 0.604084861328125 0.505067267578125 0.611702169921875 0.49593221484375 0.6148540859375 0.4949203828125 0.621216482421875 0.52155679296875 0.62986537890625 0.569031697265625 0.62571186328125 0.57407109375 0.62056556640625 0.579275955078125 0.6083466875 0.577982236328125 0.593559421875 0.569790923828125 0.5895706640625 0.552532646484375 0.589512099609375 0.545255791015625 0.5870118046875 0.543699236328125 0.587147984375 0.5308089765625 0.592196908203125 0.522179837890625 0.592167625
0 0.34834215625 0.586202126953125 0.3519611796875 0.58274856640625 0.386915560546875 0.578906220703125 0.39232469140625 0.569022171875 0.39255824609375 0.562727865234375 0.3898829609375 0.55904075 0.38242123828125 0.55890933203125 0.3773624375 0.559351919921875 0.354461474609375 0.5754717109375 0.34834215625 0.586202126953125
4 0.40619679296875 0.628978791015625 0.413337466796875 0.62992253125 0.4193594140625 0.6270429765625 0.41739431640625 0.62250949609375 0.41329866015625 0.620515115234375 0.410963828125 0.62071938671875 0.404299787109375 0.6252235859375 0.40619679296875 0.628978791015625
3 0.510661619140625 0.56807984375 0.515944095703125 0.574675794921875 0.53455465625 0.57226334765625 0.542707162109375 0.566844689453125 0.5423959921875 0.554324166015625 0.538096064453125 0.549994955078125 0.520905876953125 0.55071466796875 0.5170144921875 0.551055119140625 0.51261719140625 0.55457676953125 0.510661619140625 0.56807984375
3 0.704724982421875 0.554238435546875 0.7111261875 0.564657681640625 0.719891505859375 0.56624351953125 0.731429482421875 0.563665609375 0.731020939453125 0.5589959453125 0.724824005859375 0.55091153125 0.71457022265625 0.55024015234375 0.709900560546875 0.5506486953125 0.70529898828125 0.551835513671875 0.704724982421875 0.554238435546875
1 0.646450865234375 0.614233158203125 0.676803671875 0.611577630859375 0.682893708984375 0.609476353515625 0.684956177734375 0.606158974609375 0.6774069609375 0.6005455703125 0.6701981953125 0.598823552734375 0.6448458359375 0.59947312890625 0.640487484375 0.599854435546875 0.638697376953125 0.606284923828125 0.646450865234375 0.614233158203125
4 0.60445318359375 0.60928090234375 0.607400830078125 0.616081125 0.61383131640625 0.617871232421875 0.615076701171875 0.60521452734375 0.611720513671875 0.593744642578125 0.60627257421875 0.594221275390625 0.604142013671875 0.596760376953125 0.60445318359375 0.60928090234375