2 0 0.775 0.00703125 0.77421875 0.01484375 0.76875 0.0234375 0.76875 0.0359375 0.77578125 0.05703125 0.775 0.06875 0.76875 0.1015625 0.76328125 0.1140625 0.76796875 0.12265625 0.76796875 0.15234375 0.7625 0.15546875 0.7515625 0.15234375 0.6859375 0.1546875 0.671875 0.15234375 0.66796875 0.14296875 0.65859375 0.1234375 0.64609375 0.05234375 0.6421875 0.04921875 0.6421875 0.03671875 0.6453125 0.02109375 0.6625 0.00625 0.6953125 0.0046875 0.7046875 0 0.71015625 0 0.775
2 0.7421875 0.64140625 0.73828125 0.65390625 0.7328125 0.659375 0.728125 0.68359375 0.73125 0.721875 0.73984375 0.75390625 0.7515625 0.7546875 0.753125 0.75234375 0.75625 0.74296875 0.75703125 0.71953125 0.778125 0.71484375 0.79296875 0.7171875 0.81015625 0.7140625 0.81171875 0.728125 0.81796875 0.746875 0.82421875 0.74921875 0.83515625 0.74609375 0.83984375 0.72890625 0.83828125 0.715625 0.83203125 0.6890625 0.825 0.67109375 0.821875 0.64296875 0.81796875 0.63359375 0.8140625 0.63203125 0.8109375 0.63203125 0.79453125 0.63515625 0.7578125 0.63359375 0.75 0.63515625 0.7421875 0.64140625
5 0.6625 0.584375 0.6625 0.6078125 0.6671875 0.6078125 0.67265625 0.596875 0.68671875 0.59609375 0.696875 0.59921875 0.70078125 0.6046875 0.69296875 0.6140625 0.69453125 0.615625 0.7046875 0.615625 0.709375 0.61171875 0.7140625 0.6140625 0.71796875 0.61171875 0.7265625 0.590625 0.7234375 0.5875 0.7109375 0.584375 0.7 0.57734375 0.6953125 0.57109375 0.70703125 0.55078125 0.7015625 0.540625 0.690625 0.53515625 0.684375 0.53515625 0.67578125 0.54140625 0.67109375 0.56171875 0.665625 0.571875 0.6625 0.584375
5 0.52265625 0.5265625 0.51328125 0.53984375 0.5046875 0.56875 0.5046875 0.57734375 0.51015625 0.58671875 0.51015625 0.5953125 0.515625 0.60078125 0.515625 0.62109375 0.5203125 0.65 0.51796875 0.66484375 0.52421875 0.6671875 0.53359375 0.653125 0.5328125 0.66796875 0.53515625 0.675 0.5390625 0.68046875 0.54765625 0.68125 0.55078125 0.67734375 0.5578125 0.64296875 0.55546875 0.61328125 0.5578125 0.60703125 0.5671875 0.5984375 0.5671875 0.58828125 0.5734375 0.5765625 0.5734375 0.56875 0.5609375 0.53125 0.54921875 0.52421875 0.55078125 0.50234375 0.54921875 0.4984375 0.54296875 0.4953125 0.53984375 0.4953125 0.53359375 0.4984375 0.53046875 0.50390625 0.53203125 0.52109375 0.52265625 0.5265625
4 0.60625 0.61875 0.60546875 0.615625 0.5984375 0.6125 0.596875 0.6125 0.59375 0.61484375 0.59375 0.61953125 0.60234375 0.62109375 0.60625 0.61875
4 0.409375 0.61640625 0.4078125 0.60390625 0.40234375 0.60390625 0.3984375 0.6109375 0.40078125 0.62890625 0.40546875 0.62734375 0.409375 0.61640625
0 0.4296875 0.61328125 0.43515625 0.62421875 0.44140625 0.63046875 0.48359375 0.63203125 0.49375 0.63046875 0.5046875 0.6234375 0.51328125 0.62109375 0.51328125 0.6140625 0.5046875 0.61171875 0.49765625 0.5984375 0.49375 0.603125 0.484375 0.59453125 0.46328125 0.590625 0.4625 0.590625 0.45546875 0.59375 0.43828125 0.5953125 0.43125 0.59921875 0.4296875 0.61328125
0 0.65234375 0.56953125 0.6578125 0.57578125 0.65859375 0.57109375 0.65625 0.5671875 0.6265625 0.5484375 0.621484375 0.5484375 0.6140625 0.54921875 0.6125 0.553125 0.61953125 0.56953125 0.65234375 0.56953125
1 0.32421875 0.625 0.3640625 0.62578125 0.37109375 0.61796875 0.37109375 0.61328125 0.36875 0.61171875 0.36453125 0.61171875 0.34765625 0.61171875 0.33203125 0.61484375 0.32421875 0.621875 0.32421875 0.625
3 0.47265625 0.575 0.48984375 0.575 0.4953125 0.5640625 0.49140625 0.5546875 0.48671875 0.55234375 0.48203125 0.55234375 0.465625 0.553125 0.46171875 0.559375 0.46328125 0.5703125 0.47265625 0.575
3 0.29453125 0.5828125 0.30078125 0.57109375 0.296875 0.56875 0.2921875 0.56875 0.28125 0.5703125 0.275 0.57890625 0.27578125 0.584375 0.29453125 0.5828125