2 1 0.624377994140625 0.986236236328125 0.60443407421875 0.975932638671875 0.59609038671875 0.962397494140625 0.5943707734375 0.961702185546875 0.59522940625 0.89279682421875 0.6048283125 0.878074048828125 0.614231271484375 0.86322760546875 0.62993165625 0.8613050078125 0.63406149609375 0.866125462890625 0.664976978515625 0.86469284375 0.673768640625 0.867553390625 0.686036837890625 0.86571245703125 0.6909436484375 0.868857650390625 0.71339412109375 0.874826078125 0.72533566796875 0.91113834765625 0.72701796875 0.91841807421875 0.721539517578125 0.92610611328125 0.719945919921875 0.956979591796875 0.722199859375 0.96446230078125 0.72612671484375 0.972395330078125 0.72686402734375 0.989570337890625 0.7258444140625 0.9997946171875 0.718485373046875 1 0.718448841796875 1 0.624377994140625
2 0.194218923828125 0.67746625390625 0.195728513671875 0.699303083984375 0.18946840234375 0.721956541015625 0.18611083984375 0.749803802734375 0.187130453125 0.766978810546875 0.191544939453125 0.77908368359375 0.203607806640625 0.781743591796875 0.2088832734375 0.77961801171875 0.213384115234375 0.762648333984375 0.213918443359375 0.74531 0.231338439453125 0.746621296875 0.238086181640625 0.743555421875 0.252153310546875 0.742862458984375 0.268101029296875 0.745114052734375 0.2714912109375 0.7698954375 0.27463875 0.77742015234375 0.279545560546875 0.7792610859375 0.28792890625 0.776808853515625 0.293372390625 0.746385693359375 0.291375169921875 0.704961283203125 0.2852037578125 0.6836144296875 0.272202939453125 0.664556484375 0.262307658203125 0.660097646484375 0.224317779296875 0.66487609765625 0.203012931640625 0.66397311328125 0.201458990234375 0.664136439453125 0.19773746484375 0.666098693359375 0.194218923828125 0.67746625390625
5 0.262648384765625 0.573650966796875 0.247762283203125 0.581499986328125 0.239213265625 0.597324037109375 0.239866568359375 0.603539798828125 0.261785060546875 0.6028071796875 0.27278396484375 0.610292236328125 0.2776511171875 0.6042818046875 0.292005236328125 0.598845357421875 0.292742548828125 0.590912330078125 0.28031337109375 0.57729317578125 0.282114646484375 0.564535 0.274386947265625 0.558277234375 0.27127906640625 0.55860388671875 0.26624858984375 0.563060376953125 0.262648384765625 0.573650966796875
5 0.273885240234375 0.628244212890625 0.27547883984375 0.63593225390625 0.2898726171875 0.638347171875 0.287831046875 0.618922916015625 0.2850918203125 0.6152830546875 0.2769138046875 0.61221483203125 0.273805923828125 0.612541482421875 0.276584806640625 0.6240327109375 0.273885240234375 0.628244212890625
5 0.5358549140625 0.549649125 0.535607578125 0.56224397265625 0.5400640703125 0.567274451171875 0.535521224609375 0.5913185234375 0.54459987890625 0.588007658203125 0.570403220703125 0.586866724609375 0.58038016796875 0.59210253125 0.579316203125 0.5969276796875 0.581402125 0.594351779296875 0.580748822265625 0.588136017578125 0.577846271484375 0.58294221484375 0.56394481640625 0.570263357421875 0.563373177734375 0.564824564453125 0.566686388671875 0.558977458984375 0.562598552734375 0.549980466796875 0.5671787109375 0.54871351953125 0.56730237890625 0.542416095703125 0.559493017578125 0.535381359375 0.54956947265625 0.5356388125 0.545425890625 0.5360743203125 0.53892313671875 0.541471107421875 0.5358549140625 0.549649125
5 0.491959501953125 0.662669080078125 0.476786408203125 0.67526158203125 0.474700484375 0.677837482421875 0.4764994140625 0.68000506640625 0.4821831953125 0.681764337890625 0.51093109375 0.678742810546875 0.508768201171875 0.650690220703125 0.510527470703125 0.645006439453125 0.502636447265625 0.637194732421875 0.501941140625 0.6380533671875 0.493310458984375 0.653100447265625 0.491959501953125 0.662669080078125
3 0.511890158203125 0.5608090078125 0.5138920703125 0.5723818984375 0.517244939453125 0.574386158203125 0.53736450390625 0.571485953125 0.539900744140625 0.565720509765625 0.5347489453125 0.561548666015625 0.53499628125 0.54895381640625 0.521706123046875 0.549565115234375 0.520929154296875 0.54964677734375 0.514099748046875 0.55193568359375 0.511890158203125 0.5608090078125
3 0.71308109765625 0.561658482421875 0.732587015625 0.560393880859375 0.732955671875 0.5564273671875 0.72567829296875 0.546980056640625 0.7146373828125 0.546569396484375 0.709198591796875 0.547141037109375 0.705640392578125 0.55065723046875 0.71308109765625 0.561658482421875
1 0.640449517578125 0.603071162109375 0.6475635703125 0.61096453125 0.687884359375 0.60594109375 0.687557708984375 0.602833212890625 0.679911673828125 0.597352416015625 0.649460251953125 0.59662522265625 0.645316669921875 0.59706073046875 0.640122865234375 0.59996328125 0.640449517578125 0.603071162109375
4 0.602704626953125 0.6101805234375 0.607406107421875 0.617541912109375 0.612067927734375 0.61705193359375 0.612357267578125 0.597382689453125 0.607123806640625 0.592433875 0.60401592578125 0.59276052734375 0.601153033203125 0.59541808984375 0.602704626953125 0.6101805234375
4 0.4084620703125 0.63059623828125 0.41639509765625 0.63133355078125 0.421588900390625 0.628431 0.415415142578125 0.622009908203125 0.413084232421875 0.622254896484375 0.406499814453125 0.626874712890625 0.4084620703125 0.63059623828125
0 0.366883716796875 0.571336478515625 0.3558008046875 0.578000212890625 0.35265091796875 0.585401259765625 0.38830988671875 0.580867798828125 0.393382369140625 0.569336912109375 0.392810728515625 0.56389812109375 0.39093013671875 0.560953564453125 0.384551048828125 0.560052927734375 0.382220138671875 0.560297916015625 0.373918455078125 0.563527119140625 0.366883716796875 0.571336478515625
0 0.511596126953125 0.6103297734375 0.497937314453125 0.6149075859375 0.49703667578125 0.621286671875 0.519853458984375 0.6291007265625 0.5704381875 0.624569609375 0.5754686640625 0.620113119140625 0.580622810546875 0.609359203125 0.58087014453125 0.596764353515625 0.56737700390625 0.587970345703125 0.5486480546875 0.58915328515625 0.545540173828125 0.589479935546875 0.530409083984375 0.594998044921875 0.511596126953125 0.6103297734375