2 0.09772876953125 0.837393828125 0.105695240234375 0.83232957421875 0.108137455078125 0.82725277734375 0.13754858203125 0.817596818359375 0.146058697265625 0.816400798828125 0.15367389453125 0.820064119140625 0.160636716796875 0.81908555859375 0.191595138671875 0.809212142578125 0.1940373515625 0.804135345703125 0.1936275234375 0.7899922421875 0.18806980078125 0.756060505859375 0.184552841796875 0.747876576171875 0.18108605859375 0.7175956171875 0.17822147265625 0.7140535703125 0.1625561640625 0.703632341796875 0.1474345 0.697079345703125 0.07494169140625 0.703322908203125 0.074168044921875 0.70343163671875 0.0600123984375 0.70936572265625 0.0483700625 0.7275694296875 0.045020384765625 0.74302982421875 0.036798822265625 0.763119556640625 0.03711246484375 0.77096475390625 0.033787875 0.7753766328125 0.043138568359375 0.84191026953125 0.05076630859375 0.84004933203125 0.05774167578125 0.833546513671875 0.064704498046875 0.832567953125 0.074858091796875 0.837452380859375 0.09265197265625 0.834951615234375 0.09772876953125 0.837393828125
2 0.772955255859375 0.718829099609375 0.7708517734375 0.72070258203125 0.774163818359375 0.721814958984375 0.775941115234375 0.717620537109375 0.78522487890625 0.7163157890625 0.78767963671875 0.705714734375 0.784309037109375 0.6817316796875 0.7991296015625 0.67491521875 0.8137201640625 0.672075720703125 0.820344255859375 0.6743004765625 0.83770321875 0.668705123046875 0.841533822265625 0.68473425 0.849341388671875 0.70099337890625 0.855748021484375 0.701670841796875 0.866144162109375 0.697054048828125 0.868272734375 0.684132052734375 0.86247246484375 0.659701537109375 0.84422275 0.619664267578125 0.84390910546875 0.611819068359375 0.84115325 0.60905066796875 0.837648833984375 0.59534248046875 0.83434933203125 0.588705845703125 0.829381263671875 0.587037279296875 0.827060322265625 0.587363466796875 0.81202230078125 0.5926326328125 0.769362990234375 0.597839080078125 0.760175412109375 0.605441732421875 0.7578293828125 0.616816435546875 0.7528362265625 0.6261963828125 0.751142572265625 0.642212966796875 0.75702648046875 0.678465642578125 0.764482771484375 0.70345234765625 0.770416857421875 0.717607994140625 0.772955255859375 0.718829099609375
5 0.7177377265625 0.561703509765625 0.7183901015625 0.566345390625 0.738504921875 0.5635184375 0.7408007734375 0.574240765625 0.747968509765625 0.580333755859375 0.765206201171875 0.57948901171875 0.77117791796875 0.57707188671875 0.773247935546875 0.541279212890625 0.777358716796875 0.53123434765625 0.77905237109375 0.515217763671875 0.76175612890625 0.49319183203125 0.75868662890625 0.482578232421875 0.749971599609375 0.47670269921875 0.749766685546875 0.4696311484375 0.746684640625 0.464541806640625 0.741499115234375 0.4613259453125 0.737630880859375 0.461869591796875 0.72723473828125 0.466486384765625 0.722797771484375 0.474210310546875 0.731596443359375 0.49190800390625 0.726942017578125 0.498084634765625 0.726226921875 0.521064041015625 0.713714755859375 0.533078572265625 0.702218779296875 0.535483154296875 0.727276580078125 0.545373283203125 0.727820224609375 0.549241517578125 0.7177377265625 0.561703509765625
5 0.7211041171875 0.490226892578125 0.714141294921875 0.491205455078125 0.710043056640625 0.4957260625 0.70834940234375 0.511742646484375 0.697698171875 0.53138491796875 0.69912419140625 0.5359180703125 0.702544966796875 0.537804095703125 0.710281435546875 0.536716806640625 0.725562005859375 0.52194641796875 0.728271853515625 0.4963198828125 0.726954560546875 0.49256037890625 0.7211041171875 0.490226892578125
5 0.7165291640625 0.558717650390625 0.7188626484375 0.55286720703125 0.717545357421875 0.549107701171875 0.704405904296875 0.5454318359375 0.700537669921875 0.54597548046875 0.6935497578125 0.558002556640625 0.710678720703125 0.556384166015625 0.7165291640625 0.558717650390625
4 0.6214166015625 0.60048625 0.613910134765625 0.597596576171875 0.610815546875 0.5980314921875 0.607925873046875 0.605537958984375 0.614441234375 0.606989068359375 0.620412953125 0.604571943359375 0.6214166015625 0.60048625
0 0.62886868359375 0.530013283203125 0.6265477421875 0.530339470703125 0.619802376953125 0.53286532421875 0.6185687265625 0.54092798046875 0.628044859375 0.552219041015625 0.660646759765625 0.548426072265625 0.664393720703125 0.552633037109375 0.668709416015625 0.54965972265625 0.657903447265625 0.5401334140625 0.644763994140625 0.536457548828125 0.637704986328125 0.531138205078125 0.62886868359375 0.530013283203125
0 0.516673166015625 0.60179520703125 0.50904542578125 0.60365614453125 0.495036140625 0.593791103515625 0.477798451171875 0.59463584765625 0.47470386328125 0.595070763671875 0.46905833203125 0.599808830078125 0.451373181640625 0.603083244140625 0.445062734375 0.6087036875 0.447128583984375 0.623402978515625 0.4549486953125 0.634137849609375 0.460134220703125 0.6373537109375 0.50820905859375 0.63138616015625 0.532217203125 0.616967046875 0.531564828125 0.612325166015625 0.516673166015625 0.60179520703125
4 0.417148724609375 0.640239216796875 0.42090823046875 0.63892192578125 0.422020607421875 0.635609880859375 0.41908492578125 0.614721412109375 0.415216689453125 0.61526505859375 0.41090099609375 0.618238373046875 0.4143928671875 0.63747081640625 0.417148724609375 0.640239216796875
1 0.344885916015625 0.642505814453125 0.3440997265625 0.64813880078125 0.3822258828125 0.644358375 0.3879926875 0.634869697265625 0.3873403125 0.63022781640625 0.384028267578125 0.6291154375 0.379386384765625 0.6297678125 0.34898415234375 0.63798520703125 0.344885916015625 0.642505814453125
3 0.493359197265625 0.553791466796875 0.48871731640625 0.55444383984375 0.474791671875 0.5564009609375 0.47146708203125 0.560812841796875 0.472215640625 0.571752626953125 0.4750802265625 0.57529467578125 0.482586693359375 0.57818434765625 0.502701513671875 0.57535739453125 0.505034998046875 0.569506951171875 0.5020742265625 0.559666998046875 0.49810980859375 0.55391273828125 0.493359197265625 0.553791466796875
3 0.2881713125 0.609452287109375 0.2889324140625 0.61486781640625 0.307391212890625 0.611484673828125 0.311380720703125 0.60619041796875 0.31261437109375 0.59812776171875 0.305325361328125 0.596785380859375 0.299909833984375 0.597546484375 0.2918346328125 0.601837091796875 0.2881713125 0.609452287109375