2 0.941161591796875 0.6655029296875 0.87234226171875 0.66502555078125 0.8547285546875 0.672707998046875 0.839210060546875 0.685194185546875 0.835803130859375 0.690491890625 0.836630833984375 0.7194811875 0.830600470703125 0.74498178125 0.830729767578125 0.77236983203125 0.83496108203125 0.78119712890625 0.870563119140625 0.788539208984375 0.878610236328125 0.784267005859375 0.88645291796875 0.783895703125 0.938891798828125 0.798378740234375 0.95059448828125 0.79899205078125 0.961844099609375 0.793323041015625 0.971206251953125 0.79381369140625 0.97794165234375 0.79964293359375 0.98492237890625 0.800791099609375 0.988397814453125 0.734475857421875 0.984002951171875 0.72876927734375 0.983631646484375 0.72092659765625 0.96830763671875 0.68491900390625 0.95582144921875 0.669400509765625 0.941941771484375 0.66554381640625 0.941161591796875 0.6655029296875
3 0.700072912109375 0.5934115234375 0.709312400390625 0.596242712890625 0.720275798828125 0.59603495703125 0.721301302734375 0.59139476953125 0.715550517578125 0.581705517578125 0.7024101328125 0.578669892578125 0.70006959375 0.57854723046875 0.6944447890625 0.581381734375 0.700072912109375 0.5934115234375
1 0.628388140625 0.63268240234375 0.668957466796875 0.63480855078125 0.66916190234375 0.630907654296875 0.662467388671875 0.624298232421875 0.647068240234375 0.6195795859375 0.62959222265625 0.61866370703125 0.62522321875 0.61843473828125 0.62255558203125 0.624553509765625 0.628388140625 0.63268240234375
4 0.592336341796875 0.633922296875 0.5950824375 0.61137887109375 0.5920843828125 0.608874783203125 0.586623126953125 0.6085885703125 0.585560052734375 0.628873234375 0.592336341796875 0.633922296875
0 0.49661629296875 0.609347767578125 0.48080826953125 0.612430916015625 0.478099744140625 0.6193298671875 0.50635306640625 0.632545392578125 0.55008399609375 0.634054912109375 0.556570755859375 0.629700935546875 0.5609214140625 0.621323400390625 0.565806927734375 0.617667828125 0.565803609375 0.602803533203125 0.5597257265625 0.599355716796875 0.5318028203125 0.59476305078125 0.531925482421875 0.59242251171875 0.53028334765625 0.593901095703125 0.51127283203125 0.598381052734375 0.49661629296875 0.609347767578125
5 0.50447995703125 0.519010515625 0.50304889453125 0.54631679296875 0.510649568359375 0.565490857421875 0.51225744921875 0.59452104296875 0.515296390625 0.596244951171875 0.53204814453125 0.590081974609375 0.543505509765625 0.59537636328125 0.55898643359375 0.598534650390625 0.56025726171875 0.589213384765625 0.556557486328125 0.570243755859375 0.55811452734375 0.555461236328125 0.55359368359375 0.537230900390625 0.5444735390625 0.517194880859375 0.53050876953125 0.500034251953125 0.525047513671875 0.499748041015625 0.50817309765625 0.5082515546875 0.50447995703125 0.519010515625
5 0.243947583984375 0.53430251171875 0.227689798828125 0.5459676328125 0.224490623046875 0.562228736328125 0.24633564453125 0.563373583984375 0.250032103515625 0.56747891796875 0.24834908203125 0.569737681640625 0.258368751953125 0.572609755859375 0.261816568359375 0.56653187109375 0.27290262890625 0.563983580078125 0.275570267578125 0.557864806640625 0.266821427734375 0.545671466796875 0.2570061953125 0.53889849609375 0.261724841796875 0.52349934765625 0.25650891015625 0.51853205859375 0.25104765625 0.518245845703125 0.24447912109375 0.524160181640625 0.243947583984375 0.53430251171875
5 0.24839660546875 0.598686091796875 0.253898748046875 0.598192125 0.257636095703125 0.601517279296875 0.270817369140625 0.603772724609375 0.271757779296875 0.585828599609375 0.26202432421875 0.57749526953125 0.258123427734375 0.57729083203125 0.247326896484375 0.5892421640625 0.24839660546875 0.598686091796875
2 0.171083712890625 0.6259271796875 0.16829673046875 0.64925078515625 0.158529021484375 0.67142622265625 0.150897412109375 0.697625220703125 0.148601078125 0.711586673828125 0.152423517578125 0.728215763671875 0.162402298828125 0.73186801953125 0.169546576171875 0.72989546875 0.176728421875 0.712278443359375 0.178285462890625 0.697495923828125 0.19532674609375 0.700735986328125 0.2086715703125 0.69987071484375 0.231133220703125 0.70417716796875 0.233681513671875 0.715263228515625 0.232083583984375 0.730825927734375 0.234015248046875 0.7387503828125 0.236233123046875 0.741213583984375 0.246416341796875 0.74096494140625 0.25433748046875 0.724168982421875 0.25737310546875 0.71102859765625 0.261880677734375 0.669801755859375 0.259124630859375 0.647752296875 0.254729767578125 0.642045716796875 0.251401294921875 0.63091876953125 0.247047318359375 0.624432009765625 0.240189255859375 0.6209433046875 0.19879886328125 0.61955644921875 0.182578646484375 0.61557709375 0.17867775 0.61537265625 0.17465419140625 0.6175087578125 0.171083712890625 0.6259271796875
4 0.388420009765625 0.61384762890625 0.3953189609375 0.616556154296875 0.40090287890625 0.614501828125 0.401887494140625 0.610641818359375 0.398930328125 0.607357552734375 0.395029431640625 0.607153115234375 0.38780337890625 0.6106860234375 0.388420009765625 0.61384762890625
0 0.34118710546875 0.55973899609375 0.377034466796875 0.562399998046875 0.38483294140625 0.547944578125 0.382737728515625 0.54314083984375 0.375757001953125 0.541992673828125 0.37107592578125 0.54174734765625 0.34619528125 0.553742884765625 0.34118710546875 0.55973899609375
3 0.50252067578125 0.57132341796875 0.504656775390625 0.5753469765625 0.508557671875 0.5755514140625 0.51114353515625 0.570993001953125 0.506540916015625 0.5543230234375 0.50576073828125 0.554282134765625 0.503256650390625 0.557280189453125 0.50252067578125 0.57132341796875