2 0 0.77421875 0.00703125 0.77421875 0.015625 0.76875 0.02265625 0.76875 0.034375 0.775 0.05234375 0.775 0.06328125 0.77265625 0.06875 0.76875 0.10078125 0.76328125 0.11796875 0.76875 0.15234375 0.7625 0.1546875 0.75859375 0.15625 0.728125 0.15390625 0.7234375 0.15546875 0.71171875 0.153125 0.70234375 0.153125 0.68203125 0.15546875 0.67265625 0.153125 0.66875 0.1359375 0.653125 0.1234375 0.64609375 0.05078125 0.64296875 0.05 0.6421875 0.03671875 0.6453125 0.021875 0.66171875 0.0046875 0.69765625 0.00234375 0.7078125 0 0.70859375 0 0.77421875
3 0.27578125 0.58515625 0.29453125 0.58359375 0.3 0.5734375 0.3 0.5703125 0.2953125 0.56875 0.290625 0.56875 0.2796875 0.57109375 0.278125 0.5765625 0.27421875 0.57890625 0.27578125 0.58515625
1 0.365625 0.62578125 0.37109375 0.61796875 0.37109375 0.6140625 0.35625 0.61171875 0.35546875 0.61171875 0.33125 0.61484375 0.3234375 0.621875 0.3234375 0.625 0.365625 0.62578125
4 0.4078125 0.60390625 0.40234375 0.60390625 0.3984375 0.6109375 0.40078125 0.62734375 0.4078125 0.6234375 0.4078125 0.60390625
0 0.43046875 0.61640625 0.43515625 0.625 0.44140625 0.63046875 0.48515625 0.63125 0.515625 0.62109375 0.51484375 0.61328125 0.496875 0.60859375 0.49140625 0.60390625 0.49140625 0.59765625 0.48671875 0.59921875 0.48203125 0.59609375 0.484375 0.59453125 0.4734375 0.59375 0.46953125 0.58984375 0.4625 0.59296875 0.4640625 0.58984375 0.4625 0.58984375 0.45625 0.59375 0.4453125 0.59375 0.42890625 0.5984375 0.43046875 0.61640625
4 0.60625 0.61640625 0.59921875 0.6125 0.59609375 0.6125 0.59140625 0.61953125 0.5984375 0.621875 0.60546875 0.61953125 0.60625 0.61640625
2 0.7390625 0.6515625 0.73203125 0.65859375 0.728125 0.66796875 0.7265625 0.68359375 0.72890625 0.6875 0.73125 0.72421875 0.73828125 0.75078125 0.7375 0.76796875 0.7421875 0.76796875 0.74296875 0.75625 0.75078125 0.7546875 0.75390625 0.75078125 0.75625 0.74453125 0.7546875 0.72890625 0.7578125 0.71953125 0.7625 0.7171875 0.78828125 0.715625 0.79296875 0.71953125 0.7921875 0.7421875 0.8 0.74375 0.8 0.73203125 0.7953125 0.7171875 0.8109375 0.7140625 0.8125 0.73125 0.81875 0.75234375 0.81796875 0.76640625 0.8234375 0.76640625 0.8234375 0.75078125 0.83515625 0.74609375 0.8390625 0.734375 0.83828125 0.715625 0.83203125 0.6875 0.82421875 0.6671875 0.8203125 0.63828125 0.81875 0.634375 0.8140625 0.63203125 0.8125 0.63203125 0.7828125 0.63515625 0.7515625 0.634375 0.74296875 0.640625 0.7390625 0.6515625
5 0.7046875 0.51875 0.690625 0.53125 0.6875 0.54140625 0.68671875 0.57265625 0.68125 0.5765625 0.6890625 0.57421875 0.69375 0.578125 0.69609375 0.584375 0.71171875 0.5890625 0.715625 0.59609375 0.7140625 0.60703125 0.71640625 0.61484375 0.7296875 0.615625 0.734375 0.61171875 0.73515625 0.5828125 0.7328125 0.56875 0.73046875 0.56484375 0.7265625 0.56875 0.725 0.56484375 0.73046875 0.56171875 0.73203125 0.55703125 0.7359375 0.55703125 0.746875 0.5671875 0.75546875 0.56953125 0.759375 0.57421875 0.76328125 0.57421875 0.76484375 0.56953125 0.7609375 0.559375 0.74375 0.53984375 0.73984375 0.53203125 0.72890625 0.52265625 0.71796875 0.51875 0.71796875 0.50546875 0.715625 0.5 0.7109375 0.496875 0.70625 0.496875 0.70234375 0.4984375 0.69921875 0.50390625 0.7 0.5109375 0.7046875 0.51875
5 0.4734375 0.5953125 0.4890625 0.59921875 0.49296875 0.58828125 0.4890625 0.575 0.47421875 0.5625 0.46640625 0.559375 0.4625 0.559375 0.4578125 0.56171875 0.44609375 0.57734375 0.44609375 0.59453125 0.4734375 0.5953125
3 0.49140625 0.575 0.49765625 0.5671875 0.49375 0.56328125 0.49375 0.553125 0.47109375 0.55234375 0.4703125 0.5515625 0.465625 0.553125 0.46328125 0.559375 0.4734375 0.5625 0.49140625 0.575
0 0.65078125 0.57109375 0.65546875 0.575 0.65546875 0.58125 0.6578125 0.5828125 0.66015625 0.57109375 0.65078125 0.56171875 0.63984375 0.55703125 0.6328125 0.55 0.6234375 0.54765625 0.61953125 0.54765625 0.6140625 0.54921875 0.61171875 0.553125 0.6203125 0.5703125 0.65078125 0.57109375