2 0 0.775 0.00703125 0.77421875 0.015625 0.76875 0.02578125 0.76953125 0.03359375 0.775 0.05625 0.775 0.06328125 0.7734375 0.06640625 0.76953125 0.1015625 0.76328125 0.1140625 0.76875 0.15078125 0.76328125 0.15546875 0.75078125 0.15390625 0.6703125 0.1359375 0.653125 0.12265625 0.64609375 0.05078125 0.6421875 0.05 0.6421875 0.03671875 0.6453125 0.0328125 0.6484375 0.01953125 0.665625 0.0046875 0.69609375 0.00390625 0.7046875 0 0.70859375 0 0.775
2 0.73828125 0.6546875 0.73125 0.6640625 0.72734375 0.6828125 0.7296875 0.690625 0.73125 0.7234375 0.73828125 0.74765625 0.7390625 0.76796875 0.74140625 0.7671875 0.73984375 0.76015625 0.7421875 0.75625 0.753125 0.75234375 0.75625 0.74296875 0.7546875 0.73671875 0.75703125 0.71953125 0.7625 0.7171875 0.7875 0.71484375 0.79296875 0.71796875 0.79609375 0.715625 0.81015625 0.7140625 0.81328125 0.73359375 0.81953125 0.75078125 0.81953125 0.76640625 0.8234375 0.765625 0.82109375 0.75078125 0.83515625 0.74609375 0.8390625 0.7359375 0.83828125 0.715625 0.83359375 0.69375 0.8234375 0.66640625 0.825 0.659375 0.821875 0.6546875 0.81953125 0.6359375 0.8140625 0.63203125 0.8109375 0.63203125 0.7921875 0.63515625 0.75390625 0.634375 0.74296875 0.64140625 0.73828125 0.6546875
0 0.61953125 0.56875 0.65546875 0.56953125 0.65703125 0.57265625 0.659375 0.571875 0.65078125 0.5625 0.63828125 0.55625 0.63359375 0.55078125 0.6234375 0.54765625 0.62109375 0.54765625 0.61484375 0.54921875 0.61328125 0.55234375 0.61328125 0.5578125 0.61953125 0.56875
0 0.4375 0.62734375 0.44375 0.63203125 0.49375 0.63046875 0.515625 0.6203125 0.5140625 0.6140625 0.496875 0.60703125 0.484375 0.59453125 0.4640625 0.59140625 0.4625 0.59140625 0.4359375 0.596875 0.42890625 0.60078125 0.43046875 0.615625 0.4375 0.62734375
5 0.37265625 0.5671875 0.36328125 0.5765625 0.359375 0.5859375 0.36015625 0.59453125 0.36484375 0.59765625 0.403125 0.59765625 0.41015625 0.6046875 0.41953125 0.60625 0.4296875 0.59609375 0.428125 0.5875 0.4140625 0.575 0.39453125 0.56640625 0.396875 0.5484375 0.39453125 0.54296875 0.3890625 0.5390625 0.38359375 0.5390625 0.378125 0.5421875 0.37421875 0.54921875 0.37734375 0.56640625 0.37265625 0.5671875
5 0.8953125 0.62109375 0.89609375 0.63203125 0.9 0.63984375 0.92578125 0.65859375 0.9546875 0.6875 0.95546875 0.68984375 0.9515625 0.6921875 0.953125 0.6953125 0.96328125 0.6921875 0.96875 0.69609375 0.96796875 0.7 0.97109375 0.703125 0.9703125 0.71171875 0.99296875 0.73125 0.9859375 0.740625 0.99453125 0.74765625 0.99921875 0.746875 0.99921875 0.6375 0.9921875 0.634375 0.95 0.6 0.940625 0.5984375 0.93359375 0.6015625 0.91875 0.6015625 0.9140625 0.59296875 0.9015625 0.5921875 0.90078125 0.59140625 0.88984375 0.5953125 0.8859375 0.6015625 0.88671875 0.61328125 0.8953125 0.62109375
4 0.60625 0.61640625 0.59921875 0.6125 0.59609375 0.6125 0.5921875 0.61953125 0.59765625 0.621875 0.6046875 0.6203125 0.60625 0.61640625
4 0.4 0.6265625 0.40234375 0.62421875 0.4015625 0.6203125 0.40546875 0.61796875 0.40546875 0.6046875 0.403125 0.60234375 0.39921875 0.60234375 0.3953125 0.6046875 0.3953125 0.61640625 0.39609375 0.6234375 0.4 0.6265625
1 0.3609375 0.6265625 0.36484375 0.62578125 0.37109375 0.61796875 0.37109375 0.61328125 0.36875 0.61171875 0.35078125 0.61171875 0.3484375 0.61171875 0.33125 0.615625 0.325 0.621875 0.3265625 0.625 0.3609375 0.6265625
3 0.275 0.584375 0.28671875 0.58515625 0.2953125 0.5828125 0.30078125 0.571875 0.296875 0.56875 0.29140625 0.56875 0.28046875 0.5703125 0.278125 0.5765625 0.27421875 0.57890625 0.275 0.584375
3 0.47265625 0.575 0.4921875 0.575 0.4953125 0.56875 0.49453125 0.56328125 0.4921875 0.55390625 0.48828125 0.55234375 0.4840625 0.55234375 0.465625 0.553125 0.4625 0.5578125 0.46328125 0.5703125 0.47265625 0.575