2 0 0.775 0.00703125 0.77421875 0.01484375 0.76875 0.02265625 0.76875 0.03671875 0.77578125 0.05625 0.775 0.0625 0.7734375 0.06640625 0.76953125 0.096875 0.7640625 0.10625 0.7640625 0.11484375 0.76875 0.1203125 0.76875 0.1515625 0.76328125 0.15546875 0.7515625 0.15546875 0.7109375 0.153125 0.7015625 0.15546875 0.69609375 0.153125 0.68671875 0.1546875 0.67109375 0.15234375 0.6671875 0.13671875 0.65390625 0.12265625 0.64609375 0.06171875 0.64296875 0.0578125 0.64296875 0.04609375 0.64296875 0.0359375 0.64609375 0.02109375 0.6625 0.00390625 0.696875 0.00390625 0.70390625 0 0.7078125 0 0.775
2 0.7390625 0.65234375 0.73203125 0.66015625 0.7265625 0.684375 0.7296875 0.68984375 0.72890625 0.70703125 0.73828125 0.753125 0.7375 0.76796875 0.7421875 0.7671875 0.7421875 0.75625 0.74453125 0.75390625 0.75 0.7546875 0.753125 0.7515625 0.75546875 0.74453125 0.75546875 0.725 0.75703125 0.71953125 0.7625 0.7171875 0.78671875 0.71484375 0.79296875 0.71953125 0.79296875 0.72578125 0.796875 0.72578125 0.7953125 0.71640625 0.81015625 0.7140625 0.81171875 0.72734375 0.81953125 0.75234375 0.81796875 0.76640625 0.8234375 0.765625 0.82109375 0.75078125 0.83515625 0.74609375 0.8390625 0.73359375 0.83828125 0.715625 0.8234375 0.6671875 0.82421875 0.65703125 0.821875 0.6546875 0.8203125 0.6390625 0.81875 0.634375 0.8140625 0.63203125 0.81171875 0.63203125 0.790625 0.63515625 0.75078125 0.63515625 0.74453125 0.63984375 0.7390625 0.65234375
5 0.88125 0.61015625 0.88125 0.621875 0.8890625 0.628125 0.8984375 0.63125 0.9046875 0.64453125 0.9328125 0.6609375 0.96015625 0.68984375 0.97265625 0.696875 0.98125 0.70703125 0.97890625 0.709375 0.98203125 0.71171875 0.97890625 0.715625 0.98828125 0.725 0.99140625 0.7234375 0.990625 0.71953125 0.98515625 0.71328125 0.98984375 0.70859375 0.9890625 0.69296875 0.9921875 0.69140625 0.990625 0.6859375 0.99453125 0.68359375 0.99921875 0.684375 0.99921875 0.634375 0.9828125 0.6234375 0.96640625 0.6046875 0.95234375 0.60390625 0.94609375 0.59921875 0.94140625 0.59921875 0.91875 0.60625 0.9125 0.60234375 0.89375 0.60078125 0.88125 0.61015625
5 0.32421875 0.528125 0.325 0.5359375 0.31640625 0.5609375 0.3171875 0.57109375 0.32265625 0.5828125 0.31875 0.5953125 0.31875 0.6046875 0.32421875 0.61796875 0.3375 0.61640625 0.34375 0.61171875 0.3578125 0.61015625 0.35703125 0.590625 0.359375 0.58828125 0.36953125 0.5890625 0.37109375 0.584375 0.36796875 0.575 0.3640625 0.5734375 0.36015625 0.5671875 0.35859375 0.54375 0.3515625 0.53359375 0.3609375 0.51796875 0.36171875 0.51015625 0.35625 0.5015625 0.346875 0.496875 0.34296875 0.496875 0.3375 0.49921875 0.33359375 0.5046875 0.3328125 0.51484375 0.32421875 0.528125
3 0.49140625 0.575 0.4953125 0.56875 0.4921875 0.553125 0.47265625 0.5515625 0.46875 0.5515625 0.4625 0.55703125 0.4640625 0.57109375 0.47265625 0.575 0.49140625 0.575
3 0.27421875 0.584375 0.29296875 0.584375 0.29921875 0.57890625 0.3 0.57421875 0.3 0.5703125 0.29375 0.56875 0.2890625 0.56875 0.27890625 0.57109375 0.278125 0.5765625 0.27421875 0.57890625 0.27421875 0.584375
1 0.325 0.62265625 0.33359375 0.6265625 0.365625 0.62578125 0.37109375 0.6171875 0.3703125 0.61328125 0.35703125 0.61171875 0.35546875 0.61171875 0.34140625 0.61328125 0.334375 0.61953125 0.32734375 0.61875 0.325 0.62265625
0 0.43046875 0.615625 0.4421875 0.63125 0.4890625 0.63125 0.515625 0.6203125 0.5140625 0.6140625 0.49453125 0.60625 0.48359375 0.5953125 0.4671875 0.59140625 0.46015625 0.59140625 0.45625 0.59375 0.43828125 0.5953125 0.43046875 0.60078125 0.43046875 0.615625
0 0.61953125 0.56875 0.6546875 0.56953125 0.6578125 0.57265625 0.66015625 0.57109375 0.6515625 0.56171875 0.62578125 0.5484375 0.621875 0.5484375 0.61484375 0.54921875 0.61328125 0.5515625 0.61328125 0.55859375 0.61953125 0.56875
4 0.40546875 0.61796875 0.40546875 0.60625 0.40234375 0.60234375 0.39921875 0.60234375 0.3953125 0.6046875 0.396875 0.62734375 0.403125 0.62578125 0.40546875 0.61796875
4 0.6046875 0.6203125 0.60625 0.61640625 0.59921875 0.6125 0.596875 0.6125 0.59375 0.6140625 0.59296875 0.61953125 0.5984375 0.621875 0.6046875 0.6203125