2 0 0.744769771484375 0.0030037109375 0.743072345703125 0.012324974609375 0.74434317578125 0.0198405546875 0.7502133046875 0.044806294921875 0.751521703125 0.055275724609375 0.745811806640625 0.086769109375 0.741986048828125 0.099786833984375 0.747362212890625 0.137480765625 0.744643734375 0.142611603515625 0.736307087890625 0.144822845703125 0.70904169921875 0.14301052734375 0.68391241015625 0.146124609375 0.65434737109375 0.143290103515625 0.64872256640625 0.12390496484375 0.630495546875 0.112447599609375 0.625201158203125 0.043914482421875 0.6192625234375 0.04317519140625 0.61844145703125 0.028927525390625 0.62160637890625 0.014066548828125 0.636473990234375 0 0.661819833984375 0 0.744769771484375
2 0.72315011328125 0.780031296875 0.727872076171875 0.779496443359375 0.729265568359375 0.767834640625 0.73710825 0.7674633359375 0.739612337890625 0.76446528125 0.742320861328125 0.757566330078125 0.742358431640625 0.74192185546875 0.745189619140625 0.7326823671875 0.7492131796875 0.730546265625 0.7758619375 0.72959590234375 0.781159642578125 0.73300283203125 0.7844030234375 0.73082584375 0.799308205078125 0.730042345703125 0.79935241015625 0.7441264609375 0.805927580078125 0.767940716796875 0.80363124609375 0.78190216796875 0.805890009765625 0.783585189453125 0.809092501953125 0.782188380859375 0.808309005859375 0.76728319921875 0.82181737890625 0.763297208984375 0.8263315859375 0.75179895703125 0.82653270703125 0.733033765625 0.8216814453125 0.7061805703125 0.814285208984375 0.683105607421875 0.81617266796875 0.676945947265625 0.8125955546875 0.65563578125 0.81128051953125 0.6508729296875 0.806722107421875 0.64828706640625 0.802821208984375 0.64808262890625 0.783153177734375 0.65018116015625 0.7425838515625 0.64805501171875 0.736056205078125 0.65318916796875 0.73076181640625 0.664646533203125 0.723331328125 0.672080337890625 0.7166025625 0.695979685546875 0.71943706640625 0.701604490234375 0.719239265625 0.7352339765625 0.725732658203125 0.76060858984375 0.72315011328125 0.780031296875
5 0.960846212890625 0.737725873046875 0.977192408203125 0.754228982421875 0.976824421875 0.76125059765625 0.98618657421875 0.76174124609375 0.991420169921875 0.66187829296875 0.9830426328125 0.657527634765625 0.956840318359375 0.63503173046875 0.955443509765625 0.63182923828125 0.958646001953125 0.6304324296875 0.953184748046875 0.63014621875 0.9441496953125 0.6234141328125 0.93720985546875 0.621485787109375 0.926863087890625 0.6248551484375 0.9151603984375 0.6242418359375 0.909327837890625 0.616112943359375 0.896967630859375 0.613118205078125 0.890726197265625 0.61279110546875 0.8810369453125 0.618541890625 0.878164869140625 0.62856155859375 0.8830128125 0.6405504609375 0.888310517578125 0.643957390625 0.89147544140625 0.658205056640625 0.921455990234375 0.68324593359375 0.945729958984375 0.71268167578125 0.955749626953125 0.715553751953125 0.960883783203125 0.7220813984375 0.960846212890625 0.737725873046875
5 0.40130180078125 0.562107150390625 0.394402849609375 0.559398625 0.393663556640625 0.55857755859375 0.369603978515625 0.5698338046875 0.36430958984375 0.581291169921875 0.363859828125 0.589873142578125 0.397325763671875 0.593191662109375 0.402459919921875 0.59971930859375 0.423276119140625 0.59064005078125 0.424465171875 0.582879146484375 0.42007030859375 0.57717256640625 0.4079145390625 0.570276931640625 0.40130180078125 0.562107150390625
0 0.484542298828125 0.600891775390625 0.479449029296875 0.59358394921875 0.459287029296875 0.5901803359375 0.45854773828125 0.58935926953125 0.43095525 0.59338946484375 0.424468490234375 0.597743439453125 0.4245126953125 0.6118275546875 0.42948330078125 0.621475919921875 0.436917107421875 0.628906408203125 0.48376875390625 0.6305794765625 0.509306916015625 0.620965365234375 0.507334365234375 0.61382108984375 0.498094876953125 0.610989900390625 0.484542298828125 0.600891775390625
0 0.620774197265625 0.554051158203125 0.61921383984375 0.5539693828125 0.612110451171875 0.555161755859375 0.609565474609375 0.55893998828125 0.615728451171875 0.5756917421875 0.648495984375 0.577409015625 0.650632083984375 0.58143257421875 0.65531316015625 0.581677900390625 0.645825029296875 0.568663494140625 0.63514784375 0.5634099921875 0.630752978515625 0.557703412109375 0.620774197265625 0.554051158203125
1 0.319682453125 0.611809890625 0.31943712890625 0.616490966796875 0.358446095703125 0.61853533984375 0.365300841796875 0.60715975 0.362302787109375 0.604655662109375 0.352160455078125 0.604124125 0.34825955859375 0.6039196875 0.326210099609375 0.606675734375 0.319682453125 0.611809890625
4 0.396674880859375 0.620538826171875 0.399424294921875 0.6128596953125 0.40003760546875 0.60115700390625 0.397121326171875 0.59709255859375 0.3932204296875 0.59688812109375 0.389115095703125 0.600584580078125 0.390351671875 0.621772083984375 0.396674880859375 0.620538826171875
4 0.60001215625 0.6218074140625 0.593975158203125 0.61757941796875 0.59007426171875 0.61737498046875 0.58588715234375 0.622631798828125 0.5896245 0.625956953125 0.59586593359375 0.626284052734375 0.60001215625 0.6218074140625
3 0.48009659375 0.551372490234375 0.46289176171875 0.551253146484375 0.459525720703125 0.555770671875 0.4603909921875 0.569115494140625 0.46720816796875 0.57338437890625 0.487451943359375 0.5752276328125 0.490817984375 0.57071010546875 0.491226859375 0.5629083125 0.489336083984375 0.554203677734375 0.4839974921875 0.551576927734375 0.48009659375 0.551372490234375
3 0.275447603515625 0.560205345703125 0.271178720703125 0.567022521484375 0.2716726875 0.5725246640625 0.283334490234375 0.57391815625 0.290478765625 0.57194560546875 0.296389783203125 0.56364984375 0.296594220703125 0.559748947265625 0.291214740234375 0.557902376953125 0.28692375390625 0.55767749609375 0.275447603515625 0.560205345703125