2 0.937281611328125 0.650623306640625 0.871598431640625 0.6533836484375 0.8462750078125 0.671694482421875 0.842246640625 0.67865648828125 0.84354984375 0.69352524609375 0.84105646875 0.702076783203125 0.84330441796875 0.70758560546875 0.83972994921875 0.733308388671875 0.840088404296875 0.7575370859375 0.844570671875 0.769335859375 0.88040725390625 0.775430970703125 0.888300373046875 0.770880533203125 0.896125318359375 0.770235748046875 0.927275115234375 0.776249052734375 0.94200752734375 0.78275716015625 0.960754671875 0.783084392578125 0.9694425546875 0.77776645703125 0.9803920234375 0.777176212890625 0.988107890625 0.7827804765625 0.995124435546875 0.7836843203125 0.996256115234375 0.7188504453125 0.9924186328125 0.7148766171875 0.991787484375 0.706270541015625 0.97065208984375 0.6637076953125 0.95834487890625 0.652553705078125 0.941968396484375 0.650705115234375 0.937281611328125 0.650623306640625
2 0.17485683984375 0.639659240234375 0.173707572265625 0.660736142578125 0.164719724609375 0.6832389609375 0.15800709765625 0.709688337890625 0.1569123671875 0.727640716796875 0.1605998671875 0.740206986328125 0.17070003125 0.743508759765625 0.177771115234375 0.741288080078125 0.184347396484375 0.722650013671875 0.18615508203125 0.708616923828125 0.20328542578125 0.712041412109375 0.2181678203125 0.709957078125 0.2399576796875 0.715025634765625 0.239548638671875 0.73845956640625 0.242509546875 0.74788767578125 0.24481203515625 0.75027197265625 0.255775138671875 0.74890059765625 0.26488569921875 0.719367599609375 0.268047173828125 0.67254064453125 0.26444148046875 0.655287587890625 0.256135369140625 0.63873385546875 0.251544025390625 0.633184130859375 0.239895234375 0.629073955078125 0.20549819921875 0.630036291015625 0.18524333203125 0.626557263671875 0.1836810703125 0.626529994140625 0.179748146484375 0.628024083984375 0.17485683984375 0.639659240234375
5 0.2444923046875 0.54476634375 0.2294599296875 0.555443119140625 0.226830208984375 0.571805966796875 0.251031634765625 0.5730097734375 0.255595708984375 0.580121759765625 0.261049990234375 0.580998333984375 0.263488826171875 0.5755713203125 0.2768362265625 0.571897455078125 0.279288697265625 0.565689310546875 0.2723539609375 0.560098681640625 0.26857101953125 0.553000330078125 0.2585117578125 0.547355162109375 0.262662837890625 0.5333629765625 0.257303998046875 0.527018486328125 0.251054951171875 0.526909408203125 0.244683189453125 0.533830509765625 0.2444923046875 0.54476634375
5 0.2537471171875 0.5964982421875 0.252021240234375 0.605844544921875 0.26443752734375 0.610749486328125 0.274578595703125 0.6117078671875 0.274892193359375 0.593741853515625 0.271849478515625 0.589000529296875 0.26409270703125 0.585739658203125 0.263311576171875 0.5857260234375 0.261558427734375 0.596634587890625 0.2537471171875 0.5964982421875
5 0.51943678515625 0.55034688671875 0.51931407421875 0.55737706640625 0.5231515546875 0.56135089453125 0.5207672578125 0.5636533828125 0.508214623046875 0.566559751953125 0.492360212890625 0.57956628515625 0.45936182421875 0.589929462890625 0.456169126953125 0.593780578125 0.448330548828125 0.595206494140625 0.44828964453125 0.59754988671875 0.48108351171875 0.59890367578125 0.501515630859375 0.592227998046875 0.504476537109375 0.601656109375 0.507560158203125 0.604054041015625 0.51154762109375 0.599435427734375 0.52414116015625 0.594185666015625 0.5530430078125 0.594690150390625 0.55548184375 0.58926313671875 0.559414767578125 0.587769048828125 0.59363455078125 0.596961416015625 0.60543332421875 0.592479150390625 0.61938460546875 0.598973623046875 0.623385703125 0.59357387890625 0.628839984375 0.594450453125 0.6296892890625 0.59055843359375 0.623508416015625 0.58654369921875 0.598553126953125 0.58376399609375 0.588507501953125 0.577337697265625 0.574474412109375 0.57553001171875 0.5496418359375 0.56572012890625 0.54742115625 0.558649044921875 0.550695662109375 0.550111142578125 0.545432263671875 0.538298736328125 0.536921630859375 0.533461966796875 0.535359369140625 0.53343469921875 0.525081953125 0.540287626953125 0.51943678515625 0.55034688671875
3 0.50666599609375 0.5657513515625 0.52232951953125 0.56368065234375 0.515503861328125 0.551840974609375 0.508473681640625 0.551718263671875 0.505267349609375 0.556350509765625 0.50666599609375 0.5657513515625
3 0.703211046875 0.58637217578125 0.711762583984375 0.58886555078125 0.722712052734375 0.588275306640625 0.7243697578125 0.582834658203125 0.7205050078125 0.580423091796875 0.7190381875 0.57492790625 0.70853382421875 0.572400443359375 0.704237603515625 0.572325453125 0.69796128515625 0.57377863671875 0.703211046875 0.58637217578125
1 0.633721611328125 0.628134529296875 0.67355929296875 0.6288298984375 0.67362746484375 0.624924244140625 0.66670636328125 0.618552482421875 0.65115191796875 0.614374134765625 0.634904392578125 0.614090533203125 0.63084251171875 0.6140196328125 0.626855046875 0.618638244140625 0.633721611328125 0.628134529296875
4 0.59698118359375 0.6290559609375 0.59891158203125 0.607992693359375 0.595827962890625 0.60559476171875 0.590360044921875 0.605499318359375 0.588565994140625 0.618751275390625 0.59698118359375 0.6290559609375
4 0.392461205078125 0.617672361328125 0.39945048046875 0.620138466796875 0.40574043359375 0.617904150390625 0.40427361328125 0.61240896484375 0.401176359375 0.6107921640625 0.39883296484375 0.610751259765625 0.39173461328125 0.614534203125 0.392461205078125 0.617672361328125
0 0.511533986328125 0.60021655859375 0.50043453515625 0.60939924609375 0.4831542109375 0.61456719921875 0.48227763671875 0.620021482421875 0.509412701171875 0.632215662109375 0.553937169921875 0.632992837890625 0.561062791015625 0.627647634765625 0.5690922578125 0.615285884765625 0.568570185546875 0.60043076171875 0.561594544921875 0.597183525390625 0.53742038671875 0.594417455078125 0.5327336015625 0.5943356484375 0.521770498046875 0.5957070234375 0.511533986328125 0.60021655859375
0 0.359976982421875 0.55381445703125 0.34895933984375 0.558310357421875 0.338600115234375 0.569850072265625 0.342478501953125 0.5714805078125 0.347247095703125 0.566875529296875 0.379273466796875 0.567434552734375 0.387330201171875 0.553510541015625 0.38509588671875 0.547220587890625 0.37965523828125 0.5455628828125 0.374968453125 0.545481076171875 0.366335107421875 0.547674486328125 0.359976982421875 0.55381445703125