2 0 0.775 0.00703125 0.77421875 0.01484375 0.76875 0.02578125 0.76953125 0.0328125 0.775 0.05390625 0.775 0.065625 0.76953125 0.10078125 0.76328125 0.11953125 0.76875 0.15234375 0.7625 0.15546875 0.75078125 0.15625 0.7296875 0.153125 0.70234375 0.153125 0.66953125 0.13671875 0.65390625 0.12265625 0.64609375 0.0609375 0.64296875 0.05598984375 0.64296875 0.03671875 0.6453125 0.028125 0.65390625 0.02109375 0.6625 0.00546875 0.69609375 0.0046875 0.703125 0 0.70859375 0 0.775
2 0.73046875 0.6765625 0.73046875 0.69375 0.7390625 0.7453125 0.75 0.75078125 0.7546875 0.75078125 0.75859375 0.74453125 0.75859375 0.7390625 0.7640625 0.7328125 0.76484375 0.72265625 0.77734375 0.7171875 0.7734375 0.69609375 0.77109375 0.64765625 0.77265625 0.6359375 0.7625 0.63359375 0.75546875 0.63359375 0.7484375 0.63671875 0.74921875 0.6390625 0.73515625 0.66015625 0.73046875 0.6765625
5 0.76484375 0.5375 0.77109375 0.54765625 0.7609375 0.55390625 0.7515625 0.5640625 0.7484375 0.571875 0.7484375 0.5890625 0.74609375 0.596875 0.7359375 0.61171875 0.73359375 0.6203125 0.74296875 0.62890625 0.76640625 0.62734375 0.771875 0.621875 0.77421875 0.6234375 0.77109375 0.65 0.771875 0.675 0.77421875 0.69921875 0.78046875 0.72734375 0.77890625 0.73359375 0.78046875 0.76640625 0.78359375 0.77578125 0.78203125 0.77890625 0.86328125 0.78046875 0.8625 0.753125 0.85703125 0.73046875 0.859375 0.71015625 0.85390625 0.690625 0.8578125 0.671875 0.85 0.64296875 0.85078125 0.63671875 0.8453125 0.6234375 0.8453125 0.6203125 0.85234375 0.61328125 0.85234375 0.60546875 0.83828125 0.578125 0.83828125 0.5671875 0.834375 0.5609375 0.82109375 0.546875 0.80703125 0.540625 0.8046875 0.5328125 0.79375 0.52421875 0.79140625 0.5125 0.77890625 0.5 0.77265625 0.5 0.759375 0.5078125 0.75546875 0.51953125 0.75859375 0.53359375 0.76484375 0.5375
5 0.4609375 0.596875 0.47109375 0.5953125 0.4765625 0.59609375 0.484375 0.6015625 0.4890625 0.60078125 0.4921875 0.59453125 0.49296875 0.584375 0.48828125 0.5734375 0.47421875 0.5625 0.46640625 0.559375 0.46171875 0.559375 0.44765625 0.57421875 0.4453125 0.58046875 0.4453125 0.59453125 0.4609375 0.596875
0 0.61953125 0.56875 0.65234375 0.56953125 0.65625 0.5671875 0.65078125 0.56171875 0.63828125 0.55625 0.63359375 0.55078125 0.62265625 0.54765625 0.62109375 0.54765625 0.61484375 0.54921875 0.61328125 0.55234375 0.61328125 0.55859375 0.61953125 0.56875
0 0.42890625 0.6140625 0.44140625 0.63046875 0.48828125 0.63125 0.515625 0.61953125 0.515625 0.615625 0.5125 0.61328125 0.49921875 0.61015625 0.47734375 0.59453125 0.46796875 0.59375 0.46328125 0.5890625 0.46015625 0.5890625 0.45859375 0.59375 0.4359375 0.59609375 0.42734375 0.6 0.42890625 0.6140625
4 0.6046875 0.6203125 0.60625 0.61640625 0.59921875 0.6125 0.596875 0.6125 0.59375 0.6140625 0.5921875 0.61953125 0.59765625 0.621875 0.6046875 0.6203125
4 0.409375 0.61640625 0.409375 0.60546875 0.4046875 0.603125 0.40390625 0.603125 0.39921875 0.6078125 0.40078125 0.62734375 0.4046875 0.6265625 0.409375 0.61640625
1 0.365625 0.62578125 0.37109375 0.61875 0.37109375 0.61328125 0.36875 0.61171875 0.35078125 0.61171875 0.3484375 0.61171875 0.3296875 0.61640625 0.32421875 0.621875 0.32421875 0.62578125 0.365625 0.62578125
3 0.28828125 0.58515625 0.2953125 0.5828125 0.30078125 0.571875 0.29765625 0.56875 0.29375 0.56875 0.28046875 0.5703125 0.27421875 0.58046875 0.275 0.584375 0.28828125 0.58515625
3 0.49140625 0.5734375 0.49453125 0.5609375 0.4921875 0.55390625 0.47578125 0.55234375 0.46953125 0.55234375 0.465625 0.55390625 0.465625 0.559375 0.4734375 0.56171875 0.49140625 0.5734375