2 0 0.775 0.01875 0.76875 0.0359375 0.77578125 0.05703125 0.77578125 0.06953125 0.76875 0.09765625 0.7640625 0.10546875 0.7640625 0.1125 0.76875 0.1203125 0.76875 0.15078125 0.76328125 0.15546875 0.75390625 0.15546875 0.696875 0.15234375 0.68515625 0.15390625 0.6703125 0.13671875 0.65390625 0.1234375 0.64609375 0.06171875 0.64296875 0.0572265625 0.64296875 0.04375 0.64296875 0.0328125 0.6484375 0.02109375 0.6625 0.00546875 0.6953125 0.0046875 0.70234375 0 0.70625 0 0.775
2 0.7390625 0.65234375 0.7328125 0.659375 0.72890625 0.66875 0.72734375 0.684375 0.7296875 0.68828125 0.72890625 0.70546875 0.7328125 0.73125 0.73984375 0.7546875 0.7375 0.76015625 0.7390625 0.76796875 0.74140625 0.76796875 0.74140625 0.76171875 0.7390625 0.76015625 0.7421875 0.7546875 0.7515625 0.7546875 0.75390625 0.75078125 0.7546875 0.728125 0.75703125 0.71953125 0.76171875 0.7171875 0.7765625 0.71484375 0.79375 0.7171875 0.8109375 0.7140625 0.8125 0.7296875 0.81796875 0.746875 0.8203125 0.74921875 0.834375 0.746875 0.8390625 0.734375 0.83828125 0.7171875 0.82421875 0.66640625 0.82265625 0.64453125 0.81875 0.634375 0.8140625 0.63203125 0.81015625 0.63203125 0.796875 0.63515625 0.75078125 0.63515625 0.74375 0.640625 0.7390625 0.65234375
5 0.9515625 0.68046875 0.9421875 0.68203125 0.93671875 0.68671875 0.9359375 0.7078125 0.94375 0.7140625 0.96484375 0.75078125 0.9859375 0.746875 0.99453125 0.74296875 0.9890625 0.740625 0.990625 0.73828125 0.9859375 0.73515625 0.9875 0.7328125 0.98203125 0.7296875 0.98125 0.725 0.98515625 0.721875 0.971875 0.7203125 0.96484375 0.71015625 0.9671875 0.7078125 0.97578125 0.70703125 0.99921875 0.7109375 0.99921875 0.671875 0.99296875 0.671875 0.98984375 0.6765625 0.99453125 0.678125 0.99375 0.68125 0.9515625 0.68046875
5 0.91953125 0.61953125 0.91328125 0.61953125 0.909375 0.62421875 0.91015625 0.62734375 0.91640625 0.63125 0.98984375 0.64140625 0.99921875 0.63984375 0.99921875 0.6171875 0.9984375 0.6171875 0.9890625 0.621875 0.96640625 0.62421875 0.92734375 0.62265625 0.91953125 0.61953125
5 0.39921875 0.59765625 0.4109375 0.6015625 0.4265625 0.59609375 0.4296875 0.59140625 0.428125 0.584375 0.4 0.56484375 0.39296875 0.56484375 0.3734375 0.57578125 0.36875 0.58828125 0.36875 0.596875 0.39921875 0.59765625
0 0.6203125 0.56953125 0.65234375 0.56953125 0.6546875 0.5734375 0.659375 0.57265625 0.64921875 0.5609375 0.63828125 0.55625 0.6328125 0.55 0.6234375 0.54765625 0.6203125 0.54765625 0.6140625 0.54921875 0.6125 0.55234375 0.6125 0.55703125 0.6203125 0.56953125
0 0.43828125 0.628125 0.44296875 0.63125 0.48984375 0.63125 0.515625 0.6203125 0.51640625 0.6171875 0.51328125 0.61328125 0.50546875 0.61171875 0.496875 0.6046875 0.4984375 0.6015625 0.49453125 0.60390625 0.490625 0.6015625 0.48515625 0.59375 0.47734375 0.59453125 0.465625 0.59140625 0.4609375 0.59140625 0.4359375 0.596875 0.4296875 0.60234375 0.43046875 0.615625 0.43828125 0.628125
1 0.33359375 0.6265625 0.365625 0.62578125 0.37109375 0.6171875 0.37109375 0.61328125 0.3578125 0.61171875 0.35390625 0.61171875 0.33125 0.61640625 0.3265625 0.62265625 0.32890625 0.62578125 0.33359375 0.6265625
4 0.40234375 0.62578125 0.4015625 0.6203125 0.40546875 0.6171875 0.40546875 0.60625 0.4015625 0.60234375 0.39921875 0.60234375 0.3953125 0.6046875 0.3953125 0.61640625 0.3984375 0.6265625 0.40234375 0.62578125
4 0.60625 0.615625 0.6 0.6125 0.59609375 0.6125 0.59140625 0.61796875 0.5984375 0.621875 0.60625 0.61796875 0.60625 0.615625
3 0.49140625 0.575 0.4953125 0.56875 0.4921875 0.553125 0.47109375 0.5515625 0.46953125 0.5515625 0.4625 0.5578125 0.4625 0.56875 0.4734375 0.575 0.49140625 0.575
3 0.275 0.584375 0.2875 0.58515625 0.2953125 0.5828125 0.30078125 0.571875 0.296875 0.56875 0.29296875 0.56875 0.28046875 0.5703125 0.278125 0.5765625 0.27421875 0.57890625 0.275 0.584375