2 0 0.775 0.00703125 0.77421875 0.01484375 0.76875 0.02578125 0.76953125 0.03671875 0.77578125 0.05390625 0.775 0.06171875 0.7734375 0.06875 0.76875 0.09921875 0.76328125 0.10703125 0.7640625 0.11484375 0.76875 0.15078125 0.76328125 0.15546875 0.75078125 0.15625 0.728125 0.15390625 0.7234375 0.15546875 0.7109375 0.153125 0.70234375 0.1546875 0.67109375 0.15234375 0.6671875 0.1359375 0.653125 0.1203125 0.6453125 0.05078125 0.64296875 0.05 0.6421875 0.03671875 0.6453125 0.02734375 0.6546875 0.00390625 0.69765625 0.00390625 0.70546875 0 0.71171875 0 0.775
2 0.7328125 0.66015625 0.72890625 0.68203125 0.73125 0.7234375 0.73984375 0.753125 0.7484375 0.7546875 0.753125 0.75234375 0.75546875 0.74453125 0.75625 0.71953125 0.771875 0.715625 0.7859375 0.71484375 0.79296875 0.7171875 0.81015625 0.7140625 0.8125 0.73125 0.81875 0.74765625 0.82421875 0.74921875 0.8359375 0.7453125 0.8390625 0.7328125 0.83828125 0.715625 0.83203125 0.68828125 0.8234375 0.66640625 0.82265625 0.64453125 0.81796875 0.63359375 0.8140625 0.63203125 0.8125 0.63203125 0.79140625 0.63515625 0.753125 0.634375 0.74375 0.63984375 0.7328125 0.66015625
5 0.7171875 0.5765625 0.73203125 0.58046875 0.7375 0.5859375 0.74765625 0.57734375 0.76953125 0.57578125 0.76953125 0.56953125 0.759375 0.5546875 0.74375 0.5484375 0.7390625 0.53828125 0.73359375 0.534375 0.73046875 0.534375 0.7234375 0.54140625 0.7265625 0.55390625 0.715625 0.56875 0.7171875 0.5765625
5 0.7375 0.61171875 0.73828125 0.60390625 0.73515625 0.6 0.73671875 0.58828125 0.73359375 0.58828125 0.72578125 0.5921875 0.7234375 0.59609375 0.7234375 0.615625 0.7375 0.61171875
5 0.44296875 0.55625 0.43984375 0.565625 0.44375 0.57109375 0.44375 0.5765625 0.43125 0.590625 0.42890625 0.59609375 0.42890625 0.60234375 0.43125 0.6046875 0.4296875 0.6 0.4390625 0.59375 0.46484375 0.5921875 0.47421875 0.59453125 0.4671875 0.57109375 0.47109375 0.565625 0.46953125 0.553125 0.465625 0.5453125 0.45859375 0.540625 0.45442734375 0.540625 0.44453125 0.54140625 0.4375 0.54921875 0.43828125 0.55546875 0.44296875 0.55625
5 0.53671875 0.67890625 0.5421875 0.6765625 0.54375 0.67421875 0.54140625 0.671875 0.525 0.6609375 0.52265625 0.6515625 0.5125 0.6375 0.51171875 0.63671875 0.5046875 0.6453125 0.50703125 0.65078125 0.5078125 0.67890625 0.53671875 0.67890625
3 0.4703125 0.575 0.490625 0.57578125 0.49375 0.5734375 0.49453125 0.56171875 0.49140625 0.553125 0.484375 0.5515625 0.48359375 0.5515625 0.4703125 0.55234375 0.471875 0.56484375 0.4671875 0.56953125 0.4703125 0.575
3 0.29453125 0.58359375 0.30078125 0.571875 0.296875 0.56875 0.29140625 0.56875 0.28046875 0.5703125 0.27421875 0.58046875 0.275 0.584375 0.29453125 0.58359375
1 0.36484375 0.62578125 0.37109375 0.6171875 0.37109375 0.6140625 0.365625 0.61171875 0.36145859375 0.61171875 0.33125 0.615625 0.32421875 0.621875 0.32421875 0.625 0.36484375 0.62578125
4 0.409375 0.6203125 0.409375 0.60546875 0.40625 0.603125 0.403125 0.603125 0.3984375 0.60859375 0.40078125 0.628125 0.40546875 0.628125 0.409375 0.6203125
4 0.60625 0.61640625 0.59921875 0.6125 0.596875 0.6125 0.59140625 0.61953125 0.596875 0.621875 0.6046875 0.6203125 0.60625 0.61640625
0 0.61953125 0.56875 0.65546875 0.56953125 0.6515625 0.5625 0.63984375 0.55703125 0.63203125 0.55 0.6234375 0.54765625 0.62109375 0.54765625 0.61484375 0.54921875 0.61328125 0.55234375 0.61328125 0.5578125 0.61953125 0.56875
0 0.4375 0.62734375 0.44296875 0.63125 0.49375 0.63046875 0.515625 0.6203125 0.5140625 0.6140625 0.5 0.6109375 0.4796875 0.59765625 0.4640625 0.59375 0.4609375 0.59375 0.4421875 0.59453125 0.4296875 0.6046875 0.43125 0.6171875 0.4375 0.62734375