3 0.26962883203125 0.5449383671875 0.26543441015625 0.5467156640625 0.264782037109375 0.551357544921875 0.284123208984375 0.55407576953125 0.292716966796875 0.543449626953125 0.292378236328125 0.54024630859375 0.28851 0.5397026640625 0.27204595703125 0.538966650390625 0.26962883203125 0.5449383671875
5 0.71670894921875 0.56911391796875 0.701658380859375 0.558320494140625 0.6970165 0.557668119140625 0.6899574921875 0.562987462890625 0.68667053515625 0.57514835546875 0.68061517578125 0.584553392578125 0.679297884765625 0.5883128984375 0.68251374609375 0.593498423828125 0.690141486328125 0.595359361328125 0.696535576171875 0.589157640625 0.7013949140625 0.588262720703125 0.72769891015625 0.5919595078125 0.71670894921875 0.56911391796875
5 0.64170699609375 0.625631943359375 0.646118875 0.622307353515625 0.648017443359375 0.63125238671875 0.651329490234375 0.6301400078125 0.65264678125 0.626380501953125 0.650543298828125 0.624507021484375 0.652416779296875 0.6224035390625 0.649213462890625 0.62274226953125 0.64799235546875 0.62020387109375 0.65593373828125 0.614219609375 0.688983099609375 0.62044225 0.692403873046875 0.618556224609375 0.69403480859375 0.606951521484375 0.690262759765625 0.600109970703125 0.67686821484375 0.588760357421875 0.68094136328125 0.582232451171875 0.68114627734375 0.575160900390625 0.674605828125 0.565563494140625 0.6699639453125 0.564911119140625 0.66135764453125 0.570013005859375 0.659170521484375 0.5799616875 0.660512900390625 0.5872506953125 0.650576763671875 0.590587830078125 0.638779689453125 0.601552703125 0.631164494140625 0.6052160234375 0.62720007421875 0.610970283203125 0.62787753515625 0.61737691796875 0.634961630859375 0.623106087890625 0.64170699609375 0.625631943359375
2 0.698701736328125 0.764604044921875 0.7023776015625 0.777743498046875 0.697894625 0.7984145078125 0.70275396484375 0.797519587890625 0.703297609375 0.793651353515625 0.700529208984375 0.79089549609375 0.7035025234375 0.786579802734375 0.713668662109375 0.7872196328125 0.715542142578125 0.7851161484375 0.71983275 0.77704094921875 0.720351306640625 0.76212419921875 0.723868265625 0.75394026953125 0.7289450625 0.751498056640625 0.754801599609375 0.752765171875 0.760555857421875 0.756729591796875 0.766406302734375 0.754396107421875 0.778119736328125 0.75525339453125 0.7772749921875 0.772491083984375 0.7804072109375 0.7894987734375 0.783949259765625 0.792363359375 0.79764490234375 0.790343517578125 0.80325280078125 0.778508810546875 0.80487119140625 0.761379849609375 0.79779547265625 0.710682970703125 0.7998738671875 0.7015079375 0.797322923828125 0.697204787109375 0.798627671875 0.6879210234375 0.796946560546875 0.677428697265625 0.793404513671875 0.674564111328125 0.789536279296875 0.674020466796875 0.769760189453125 0.674396830078125 0.73593718359375 0.6680654609375 0.725444857421875 0.669746572265625 0.7192682265625 0.674400998046875 0.715642537109375 0.68335857421875 0.702419443359375 0.698856599609375 0.70024486328125 0.7143295390625 0.7015872421875 0.721618548828125 0.697526638671875 0.733670712890625 0.698701736328125 0.764604044921875
3 0.47569492578125 0.549442306640625 0.460221986328125 0.5472677265625 0.454819001953125 0.552030880859375 0.453852986328125 0.5645179609375 0.462484375 0.57046458984375 0.480169525390625 0.57373900390625 0.48568123828125 0.568202203125 0.48588615234375 0.56113065234375 0.483987583984375 0.552185619140625 0.47956316015625 0.549985951171875 0.47569492578125 0.549442306640625
2 0 0.7074321640625 0.021522294921875 0.71045692578125 0.027046552734375 0.7104443828125 0.035544125 0.70611614453125 0.063274140625 0.70527977734375 0.072557904296875 0.7065845234375 0.079642 0.7123136953125 0.08583117578125 0.71318352734375 0.118311802734375 0.71222588671875 0.122058763671875 0.708018921875 0.1277377578125 0.678837796875 0.12946487890625 0.6609351875 0.1276750390625 0.651216509765625 0.134018951171875 0.622917759765625 0.13290657421875 0.61960571484375 0.12160296875 0.60460532421875 0.106769859375 0.59226460546875 0.045313021484375 0.58047169921875 0.040413515625 0.5797831171875 0.021003779296875 0.579422041015625 0.01129764453125 0.586736138671875 0.00016548828125 0.598583388671875 0 0.598841392578125 0 0.7074321640625
1 0.333590603515625 0.589429359375 0.316800373046875 0.59101428515625 0.30963263671875 0.597107275390625 0.31229230859375 0.600636779296875 0.318372755859375 0.6022802578125 0.349427361328125 0.60585576953125 0.356038908203125 0.598106755859375 0.3544790703125 0.592365041015625 0.350301376953125 0.591777904296875 0.333590603515625 0.589429359375
4 0.38755351953125 0.609636197265625 0.390597931640625 0.58797408203125 0.3867296953125 0.5874304375 0.381761626953125 0.58909900390625 0.37981705078125 0.60854890625 0.38170307421875 0.611969681640625 0.38755351953125 0.609636197265625
0 0.489854740234375 0.60586835546875 0.484209208984375 0.6011302890625 0.480123515625 0.602133939453125 0.475807822265625 0.599160623046875 0.468602453125 0.588680841796875 0.45169094921875 0.585515158203125 0.45102603125 0.58463278125 0.443519564453125 0.587522455078125 0.42484330859375 0.585686607421875 0.41811048828125 0.588685009765625 0.415053533203125 0.604822865234375 0.423818740234375 0.62104436328125 0.472449767578125 0.628667935546875 0.49872867578125 0.62131620703125 0.499381048828125 0.61667432421875 0.49296187109375 0.611827529296875 0.489854740234375 0.60586835546875
0 0.644048857421875 0.586514681640625 0.62445259375 0.568770978515625 0.61560374609375 0.564371642578125 0.612509158203125 0.5639367265625 0.606876171875 0.56472291796875 0.6040115859375 0.56826496484375 0.603806671875 0.575336515625 0.607917453125 0.5853813828125 0.607060166015625 0.597094814453125 0.61281442578125 0.601059234375 0.629061009765625 0.60334254296875 0.637341125 0.600561599609375 0.646382341796875 0.592365125 0.644048857421875 0.586514681640625
4 0.580517791015625 0.6343887734375 0.58780680078125 0.633046392578125 0.58901536328125 0.63006053515625 0.582596185546875 0.62521373828125 0.57950159765625 0.624778822265625 0.574980990234375 0.62887705859375 0.57542844921875 0.631306728515625 0.580517791015625 0.6343887734375