2 0 0.77421875 0.00625 0.77421875 0.01484375 0.76875 0.0234375 0.76875 0.0328125 0.775 0.05546875 0.775 0.06640625 0.76953125 0.09765625 0.7640625 0.10546875 0.7640625 0.1140625 0.76875 0.1203125 0.76875 0.15078125 0.76328125 0.15546875 0.75078125 0.1546875 0.73125 0.15703125 0.71953125 0.1546875 0.7171875 0.153125 0.70234375 0.1546875 0.67109375 0.1515625 0.66640625 0.1359375 0.653125 0.12109375 0.6453125 0.0609375 0.64296875 0.05598984375 0.64296875 0.03671875 0.6453125 0.028125 0.65390625 0.02109375 0.6625 0.0046875 0.69609375 0.0046875 0.70234375 0 0.70703125 0 0.77421875
2 0.72890625 0.6703125 0.72734375 0.6828125 0.7296875 0.68984375 0.72890625 0.7078125 0.73828125 0.75234375 0.7375 0.76796875 0.7421875 0.76640625 0.7421875 0.75546875 0.74921875 0.7546875 0.753125 0.7515625 0.75546875 0.74453125 0.7546875 0.728125 0.75703125 0.71953125 0.7609375 0.7171875 0.7875 0.71484375 0.79296875 0.71875 0.79609375 0.715625 0.81015625 0.7140625 0.81171875 0.728125 0.81875 0.7484375 0.8171875 0.7625 0.8203125 0.7671875 0.8234375 0.765625 0.821875 0.75078125 0.83515625 0.74609375 0.8390625 0.7328125 0.83828125 0.715625 0.825 0.67109375 0.821875 0.64296875 0.81875 0.634375 0.8140625 0.63203125 0.81171875 0.63203125 0.79375 0.63515625 0.753125 0.634375 0.74296875 0.640625 0.72890625 0.6703125
5 0.7171875 0.57578125 0.721875 0.57890625 0.73046875 0.5796875 0.7359375 0.58828125 0.7265625 0.5921875 0.7234375 0.59609375 0.7234375 0.615625 0.73359375 0.61484375 0.74375 0.61015625 0.7421875 0.60625 0.74453125 0.60390625 0.7359375 0.6 0.7359375 0.59375 0.73828125 0.5875 0.7484375 0.58359375 0.75 0.57734375 0.7703125 0.57578125 0.76953125 0.56953125 0.759375 0.5546875 0.74296875 0.5484375 0.740625 0.540625 0.7328125 0.534375 0.73046875 0.534375 0.7234375 0.540625 0.7265625 0.5546875 0.715625 0.56796875 0.7171875 0.57578125
5 0.44375 0.55625 0.4453125 0.57421875 0.44375 0.58046875 0.43046875 0.5953125 0.43125 0.60078125 0.44140625 0.59453125 0.4734375 0.5921875 0.4734375 0.5890625 0.465625 0.59140625 0.4703125 0.58515625 0.46796875 0.58125 0.4703125 0.578125 0.46875 0.56953125 0.47421875 0.56484375 0.47265625 0.553125 0.465625 0.5421875 0.45703125 0.53984375 0.45078125 0.53984375 0.4453125 0.5421875 0.440625 0.54921875 0.440625 0.553125 0.44375 0.55625
5 0.50390625 0.653125 0.50859375 0.6625 0.50859375 0.67265625 0.534375 0.67265625 0.5421875 0.6703125 0.54453125 0.6671875 0.5421875 0.66484375 0.52421875 0.6546875 0.525 0.65 0.521875 0.64375 0.51171875 0.63046875 0.51171875 0.6359375 0.503125 0.6453125 0.50390625 0.653125
0 0.65234375 0.56953125 0.65625 0.5671875 0.65 0.5609375 0.62578125 0.54765625 0.61875 0.54765625 0.6140625 0.55 0.61328125 0.5578125 0.61953125 0.56875 0.65234375 0.56953125
0 0.43125 0.61640625 0.4375 0.6265625 0.44453125 0.63125 0.4921875 0.63046875 0.51484375 0.62109375 0.515625 0.61640625 0.5125 0.61328125 0.5 0.6109375 0.4859375 0.60078125 0.46484375 0.590625 0.4609375 0.590625 0.453125 0.5953125 0.4390625 0.59609375 0.43046875 0.603125 0.43125 0.61640625
4 0.409375 0.615625 0.4078125 0.60390625 0.4015625 0.60390625 0.39921875 0.60859375 0.40078125 0.62734375 0.40625 0.62421875 0.409375 0.615625
4 0.60625 0.61640625 0.6 0.61328125 0.5984375 0.61171875 0.59140625 0.615625 0.59140625 0.61953125 0.60546875 0.61953125 0.60625 0.61640625
1 0.325 0.62578125 0.365625 0.62578125 0.37109375 0.6171875 0.37109375 0.6140625 0.3671875 0.61171875 0.3626953125 0.61171875 0.34921875 0.61171875 0.33125 0.615625 0.325 0.62109375 0.325 0.62578125
3 0.28671875 0.58515625 0.2953125 0.5828125 0.30078125 0.57109375 0.29453125 0.56875 0.290625 0.56875 0.28125 0.5703125 0.275 0.57890625 0.275 0.58359375 0.28671875 0.58515625
3 0.4703125 0.575 0.49296875 0.57421875 0.49453125 0.56171875 0.49140625 0.55078125 0.484375 0.55078125 0.4734375 0.55234375 0.47421875 0.56484375 0.46875 0.5703125 0.4703125 0.575