2 0 0.775 0.00703125 0.77421875 0.01484375 0.76875 0.02578125 0.76953125 0.0328125 0.775 0.0546875 0.775 0.0609375 0.77421875 0.06875 0.76875 0.09921875 0.76328125 0.115625 0.76875 0.15078125 0.76328125 0.15390625 0.759375 0.15625 0.74296875 0.15546875 0.71015625 0.153125 0.7015625 0.1546875 0.67265625 0.15234375 0.66796875 0.12578125 0.646875 0.06015625 0.64296875 0.05520859375 0.64296875 0.03671875 0.6453125 0.0265625 0.65546875 0.009375 0.6875 0.0046875 0.703125 0 0.7078125 0 0.775
3 0.29296875 0.584375 0.3015625 0.57109375 0.296875 0.56875 0.29140625 0.56875 0.28046875 0.5703125 0.27421875 0.5796875 0.27421875 0.58359375 0.29296875 0.584375
1 0.3640625 0.62578125 0.3703125 0.61796875 0.36875 0.6125 0.3646484375 0.6125 0.33125 0.615625 0.32421875 0.621875 0.32421875 0.625 0.3640625 0.62578125
4 0.409375 0.60703125 0.40703125 0.60390625 0.40234375 0.60390625 0.3984375 0.61015625 0.40078125 0.62734375 0.4078125 0.6234375 0.409375 0.60703125
0 0.428125 0.6140625 0.4421875 0.63125 0.4890625 0.63203125 0.515625 0.6203125 0.51328125 0.61328125 0.5015625 0.6109375 0.4796875 0.5953125 0.465625 0.590625 0.4609375 0.590625 0.4546875 0.59453125 0.4421875 0.59453125 0.42890625 0.59921875 0.428125 0.6140625
2 0.7421875 0.6421875 0.72890625 0.6703125 0.728125 0.68203125 0.73125 0.7234375 0.740625 0.7578125 0.7421875 0.7546875 0.75078125 0.7546875 0.753125 0.7515625 0.75625 0.74296875 0.7546875 0.72890625 0.75703125 0.71953125 0.778125 0.71484375 0.7875 0.71484375 0.79296875 0.71796875 0.81015625 0.7140625 0.81171875 0.728125 0.81953125 0.74921875 0.83515625 0.74609375 0.8390625 0.73359375 0.83828125 0.71796875 0.8296875 0.68046875 0.82421875 0.66640625 0.825 0.65859375 0.821875 0.65234375 0.82109375 0.63984375 0.81875 0.634375 0.8140625 0.63203125 0.8109375 0.63203125 0.79140625 0.63515625 0.75703125 0.63359375 0.74609375 0.6375 0.7421875 0.6421875
4 0.60546875 0.615625 0.5984375 0.61171875 0.59765625 0.61171875 0.590625 0.61796875 0.59609375 0.62109375 0.60546875 0.61953125 0.60546875 0.615625
5 0.4390625 0.55546875 0.44296875 0.590625 0.4453125 0.59375 0.45078125 0.59375 0.4640625 0.5890625 0.4671875 0.590625 0.465625 0.5921875 0.475 0.59296875 0.48828125 0.6 0.48984375 0.59296875 0.4859375 0.5828125 0.48828125 0.56015625 0.49375 0.54609375 0.49296875 0.534375 0.484375 0.50703125 0.4671875 0.49765625 0.4609375 0.49765625 0.45625 0.50078125 0.4484375 0.5140625 0.440625 0.5375 0.4390625 0.55546875
0 0.61953125 0.56875 0.659375 0.57109375 0.65078125 0.5609375 0.62734375 0.5484375 0.622265625 0.5484375 0.61484375 0.54921875 0.6125 0.553125 0.6125 0.55703125 0.61953125 0.56875
5 0.73046875 0.5578125 0.72421875 0.56640625 0.71328125 0.56640625 0.709375 0.56875 0.71875 0.57578125 0.73515625 0.57578125 0.740625 0.58515625 0.74765625 0.5828125 0.74609375 0.58046875 0.75078125 0.5765625 0.771875 0.5765625 0.771875 0.5625 0.7578125 0.54765625 0.75859375 0.53515625 0.753125 0.53046875 0.75 0.53046875 0.740625 0.5390625 0.74296875 0.55 0.74140625 0.55234375 0.73046875 0.5578125
5 0.7375 0.60546875 0.740625 0.6078125 0.73984375 0.61015625 0.74375 0.60859375 0.7453125 0.603125 0.7359375 0.6015625 0.73515625 0.59140625 0.7328125 0.59140625 0.7234375 0.59609375 0.7234375 0.615625 0.73671875 0.6125 0.7375 0.60546875