2 0 0.77421875 0.00625 0.77421875 0.01484375 0.76875 0.02421875 0.76875 0.03515625 0.775 0.046875 0.775 0.05546875 0.77421875 0.06796875 0.76875 0.10078125 0.76328125 0.11484375 0.76875 0.15078125 0.76328125 0.15546875 0.7515625 0.15625 0.728125 0.153125 0.69453125 0.1546875 0.67265625 0.15078125 0.665625 0.1234375 0.64609375 0.05078125 0.64296875 0.05 0.6421875 0.0359375 0.6453125 0.02734375 0.6546875 0.02109375 0.6625 0.0046875 0.696875 0.00390625 0.70546875 0 0.709375 0 0.77421875
2 0.7390625 0.6515625 0.73203125 0.66015625 0.7265625 0.684375 0.7296875 0.68984375 0.73125 0.72421875 0.73984375 0.75859375 0.7421875 0.75390625 0.7515625 0.7546875 0.75390625 0.7515625 0.75703125 0.71953125 0.77109375 0.715625 0.78671875 0.71484375 0.79296875 0.71796875 0.7953125 0.715625 0.81015625 0.7140625 0.81171875 0.728125 0.81796875 0.74765625 0.82109375 0.75 0.834375 0.7453125 0.83984375 0.728125 0.8390625 0.7171875 0.8265625 0.67265625 0.821875 0.640625 0.81875 0.63359375 0.815625 0.63203125 0.8109375 0.63203125 0.79609375 0.634375 0.75 0.63515625 0.74296875 0.64140625 0.7390625 0.6515625
5 0.8265625 0.5421875 0.8140625 0.57109375 0.81328125 0.584375 0.81640625 0.59453125 0.81796875 0.61875 0.821875 0.63359375 0.828125 0.63984375 0.83125 0.6390625 0.83515625 0.64453125 0.8421875 0.67265625 0.8421875 0.68515625 0.83828125 0.69609375 0.846875 0.709375 0.84140625 0.709375 0.83984375 0.71171875 0.840625 0.7375 0.846875 0.740625 0.8515625 0.7390625 0.85390625 0.7296875 0.86015625 0.72734375 0.86640625 0.7375 0.8671875 0.746875 0.8734375 0.7640625 0.8703125 0.7671875 0.859375 0.76796875 0.859375 0.7765625 0.8625 0.78046875 0.9109375 0.78046875 0.9046875 0.75859375 0.89609375 0.74453125 0.89375 0.72421875 0.88359375 0.69921875 0.88203125 0.6796875 0.8875 0.66171875 0.89453125 0.65078125 0.89765625 0.63359375 0.90234375 0.62734375 0.9015625 0.60546875 0.9046875 0.58828125 0.90234375 0.5828125 0.90390625 0.57421875 0.90078125 0.5671875 0.9046875 0.55859375 0.91796875 0.54765625 0.91953125 0.5375 0.91484375 0.53515625 0.9078125 0.52578125 0.89296875 0.5203125 0.8859375 0.51328125 0.8796875 0.5125 0.87109375 0.50078125 0.859375 0.496875 0.85859375 0.496875 0.8421875 0.50234375 0.83359375 0.5109375 0.840625 0.53359375 0.8265625 0.5421875
5 0.309375 0.53046875 0.3109375 0.5359375 0.3015625 0.5515625 0.29609375 0.5671875 0.2984375 0.575 0.29140625 0.596875 0.29140625 0.6046875 0.3 0.6296875 0.296875 0.63828125 0.2984375 0.65390625 0.28984375 0.68984375 0.2859375 0.69609375 0.2859375 0.70390625 0.2890625 0.70546875 0.30625 0.70390625 0.3046875 0.66875 0.3109375 0.6484375 0.31015625 0.64453125 0.303125 0.63984375 0.303125 0.634375 0.3296875 0.61328125 0.33203125 0.609375 0.3296875 0.5984375 0.33125 0.59375 0.3375 0.59296875 0.34296875 0.60234375 0.34765625 0.60546875 0.35078125 0.603125 0.35234375 0.5953125 0.36171875 0.596875 0.3671875 0.6046875 0.37265625 0.6046875 0.37578125 0.60078125 0.36328125 0.58359375 0.3546875 0.578125 0.33359375 0.5359375 0.3484375 0.521875 0.3484375 0.51171875 0.34140625 0.50390625 0.33203125 0.50078125 0.33125 0.5 0.32421875 0.50546875 0.31953125 0.51640625 0.3125 0.521875 0.309375 0.53046875
3 0.47109375 0.575 0.4921875 0.575 0.4953125 0.56953125 0.49453125 0.5625 0.49140625 0.55390625 0.48828125 0.55234375 0.4840625 0.55234375 0.4671875 0.55234375 0.4625 0.55703125 0.4625 0.5703125 0.47109375 0.575
3 0.29375 0.58515625 0.296875 0.58046875 0.29765625 0.57265625 0.29296875 0.56875 0.2921875 0.56875 0.28203125 0.5703125 0.275 0.57890625 0.27421875 0.58359375 0.29375 0.58515625
0 0.43046875 0.615625 0.4375 0.62734375 0.44296875 0.63125 0.48984375 0.63125 0.515625 0.6203125 0.51328125 0.61328125 0.5046875 0.6109375 0.49765625 0.6046875 0.4984375 0.5921875 0.4796875 0.59453125 0.4640625 0.590625 0.46171875 0.590625 0.45546875 0.59375 0.43828125 0.5953125 0.43046875 0.60078125 0.43046875 0.615625
0 0.65390625 0.56953125 0.65625 0.57109375 0.6546875 0.57265625 0.659375 0.57265625 0.65 0.56171875 0.6265625 0.5484375 0.621875 0.5484375 0.61484375 0.54921875 0.6125 0.55703125 0.61953125 0.56875 0.65390625 0.56953125
4 0.60546875 0.61953125 0.60625 0.61640625 0.59921875 0.6125 0.596875 0.6125 0.59375 0.6140625 0.5921875 0.61953125 0.59765625 0.621875 0.60546875 0.61953125
4 0.40546875 0.61796875 0.40546875 0.60625 0.40078125 0.60234375 0.4 0.60234375 0.39453125 0.60625 0.39765625 0.62734375 0.40234375 0.6265625 0.40546875 0.61796875
1 0.328125 0.62578125 0.365625 0.62578125 0.37109375 0.61796875 0.37109375 0.61328125 0.3578125 0.61171875 0.353515625 0.61171875 0.3421875 0.6125 0.3296875 0.6171875 0.3265625 0.6203125 0.328125 0.62578125