3 0.27219241796875 0.57647121484375 0.29095826171875 0.576344806640625 0.29839420703125 0.56487858203125 0.293818623046875 0.56159189453125 0.288743591796875 0.561414669921875 0.27973742578125 0.56188189453125 0.272383275390625 0.571005794921875 0.27219241796875 0.57647121484375
3 0.464599943359375 0.551139458984375 0.461340521484375 0.554934267578125 0.46087701171875 0.568207427734375 0.47083621875 0.574027294921875 0.4887940234375 0.57465439453125 0.4921079765625 0.569298037109375 0.491091732421875 0.553628025390625 0.475558046875 0.5507403984375 0.4712637890625 0.550590439453125 0.464599943359375 0.551139458984375
0 0.500976572265625 0.6063488671875 0.487812474609375 0.60276226171875 0.4772360859375 0.592230484375 0.462455908203125 0.5901508984375 0.4593328125 0.5900418359375 0.450607970703125 0.5936457890625 0.43499248828125 0.593100484375 0.427801931640625 0.5975397421875 0.4264758515625 0.613127958984375 0.4352998359375 0.629070623046875 0.482927056640625 0.630733802734375 0.511443900390625 0.620003740234375 0.5115802265625 0.616099869140625 0.5031280390625 0.611896080078125 0.500976572265625 0.6063488671875
0 0.63779546484375 0.5610962109375 0.6286715625 0.553742060546875 0.621671861328125 0.552715900390625 0.6209183515625 0.551907861328125 0.612248041015625 0.553950265625 0.61135820703125 0.557046095703125 0.611167349609375 0.562511515625 0.6162783203125 0.572852435546875 0.64982433984375 0.57480561328125 0.6520303359375 0.578791279296875 0.655207962890625 0.57733879296875 0.65459078125 0.5726268828125 0.649343484375 0.566189833984375 0.63779546484375 0.5610962109375
5 0.724359755859375 0.611804400390625 0.725512326171875 0.62357054296875 0.758304837890625 0.624715681640625 0.77609905078125 0.630027427734375 0.778151373046875 0.6160280234375 0.786439970703125 0.62491645703125 0.78875502734375 0.625779025390625 0.79279522265625 0.622011482421875 0.788574087890625 0.60857473046875 0.793558650390625 0.60014980859375 0.793831302734375 0.59234206640625 0.775838802734375 0.547937087890625 0.7583445078125 0.534036828125 0.762149236328125 0.514626537109375 0.753860638671875 0.505738103515625 0.746833671875 0.505492716796875 0.74045115234375 0.50917846484375 0.73710993359375 0.51531559765625 0.7380443828125 0.533327931640625 0.725306609375 0.539918654296875 0.71870596875 0.549850595703125 0.7099166796875 0.577685810546875 0.708726927734375 0.58937015625 0.713138919921875 0.59734148828125 0.715044998046875 0.609915669921875 0.724359755859375 0.611804400390625
5 0.686984232421875 0.562813919921875 0.690270919921875 0.5582383359375 0.700175595703125 0.565619751953125 0.71105190234375 0.567563013671875 0.711133697265625 0.56522069140625 0.706530849609375 0.56271477734375 0.70136534765625 0.55393540625 0.692142302734375 0.527034638671875 0.68541525390625 0.518200736328125 0.6828374609375 0.502476193359375 0.677453837890625 0.499943015625 0.6743307421875 0.499833953125 0.667920958984375 0.5043004765625 0.66527871875 0.5128071953125 0.652241029296875 0.52798643359375 0.64687475390625 0.5473421953125 0.6465203046875 0.5574922578125 0.647863732421875 0.56379298046875 0.654727107421875 0.56872301171875 0.6626067265625 0.589323056640625 0.6828795859375 0.5908127265625 0.686984232421875 0.562813919921875
2 0.732715255859375 0.775476958984375 0.733877744140625 0.76457338671875 0.7425207890625 0.763311755859375 0.7441641328125 0.76102396484375 0.747614412109375 0.751763736328125 0.747351677734375 0.736901763671875 0.75160999609375 0.726888025390625 0.770457634765625 0.724419294921875 0.779826923828125 0.724746478515625 0.785964056640625 0.728087697265625 0.80249663671875 0.724756396484375 0.804239125 0.742015220703125 0.809885482421875 0.759410373046875 0.8092583828125 0.777368177734375 0.813970291015625 0.776750994140625 0.813707556640625 0.761889021484375 0.826363533203125 0.75764062109375 0.8307036484375 0.7452845625 0.830577240234375 0.72651871875 0.818186484375 0.678400724609375 0.81929444140625 0.669058701171875 0.8163349375 0.66426499609375 0.815264162109375 0.65015653125 0.813112697265625 0.644609318359375 0.809263357421875 0.642911443359375 0.80692103515625 0.6428296484375 0.787292623046875 0.64527111328125 0.744350046875 0.643771525390625 0.738748302734375 0.6474845390625 0.7319568046875 0.6628818984375 0.726327794921875 0.6673756875 0.7207706640625 0.692196865234375 0.7232840078125 0.732152669921875 0.729438486328125 0.757382828125 0.72800334765625 0.776094140625 0.732715255859375 0.775476958984375
2 0 0.755820328125 0.0057600546875 0.751654576171875 0.016663626953125 0.7528170625 0.023499736328125 0.758527869140625 0.041457541015625 0.75915496875 0.054031720703125 0.757248890625 0.059633466796875 0.753535876953125 0.08949373828125 0.749106537109375 0.09805498828125 0.750187228515625 0.10494562890625 0.754336486328125 0.122957962890625 0.7534020390625 0.134805900390625 0.749907146484375 0.1418056015625 0.750933306640625 0.1450922890625 0.746357724609375 0.148525220703125 0.715208556640625 0.146319224609375 0.711222890625 0.148017099609375 0.70737355078125 0.1466935078125 0.655733400390625 0.13156880078125 0.641134162109375 0.11778751953125 0.632835646484375 0.04609262890625 0.626423375 0.04531185546875 0.626396109375 0.031121595703125 0.629809205078125 0.021425125 0.6388513125 0 0.675514908203125 0 0.755820328125
1 0.32812558203125 0.608911765625 0.320045189453125 0.616446853515625 0.33005892578125 0.620705171875 0.36131715625 0.6210150078125 0.3670552265625 0.613398123046875 0.36571180078125 0.607097400390625 0.361183310546875 0.60693926171875 0.3430693515625 0.606306708984375 0.32812558203125 0.608911765625
4 0.39561668359375 0.6237762265625 0.398821576171875 0.62154296484375 0.40062851171875 0.614570529296875 0.399612267578125 0.598900515625 0.396489171875 0.598791455078125 0.391722732421875 0.600970185546875 0.391794609375 0.621297578125 0.39561668359375 0.6237762265625
4 0.602122755859375 0.62004341015625 0.596012888671875 0.61592141796875 0.591328244140625 0.615757826171875 0.588096087890625 0.618771861328125 0.58874053515625 0.622702998046875 0.601232919921875 0.623139240234375 0.602122755859375 0.62004341015625