2 0 0.755043607421875 0.0057600546875 0.751654576171875 0.014348568359375 0.751954494140625 0.023499736328125 0.758527869140625 0.046142185546875 0.759318560546875 0.05726387890625 0.75423485546875 0.08868569921875 0.749860044921875 0.096493439453125 0.750132697265625 0.10491836328125 0.755117259765625 0.1111645546875 0.7553353828125 0.1418056015625 0.750933306640625 0.146926490234375 0.738604513671875 0.146827345703125 0.719057896484375 0.149578646484375 0.707428080078125 0.14731812109375 0.705003962890625 0.146274611328125 0.690114724609375 0.14892676953125 0.658938291015625 0.145967263671875 0.6541445859375 0.130815291015625 0.640326123046875 0.116253236328125 0.632000341796875 0.056215427734375 0.62755859765625 0.05127078515625 0.62738592578125 0.031929634765625 0.629055697265625 0.023041203125 0.637344294921875 0.015714318359375 0.645687421875 0 0.675204970703125 0 0.755043607421875
2 0.732742521484375 0.77469618359375 0.733124234375 0.76376534765625 0.740178466796875 0.7632299609375 0.7441913984375 0.760243189453125 0.746779107421875 0.75329801953125 0.746570904296875 0.736874498046875 0.749213142578125 0.728367779296875 0.75319880859375 0.726161783203125 0.779826923828125 0.724746478515625 0.785156015625 0.728841205078125 0.788388173828125 0.725827169921875 0.80249663671875 0.724756396484375 0.803567412109375 0.738864859375 0.809885482421875 0.759410373046875 0.80783316015625 0.773409775390625 0.8107926640625 0.778203482421875 0.813970291015625 0.776750994140625 0.812926783203125 0.761861755859375 0.826363533203125 0.75764062109375 0.8307309140625 0.744503787109375 0.830549974609375 0.7272994921875 0.81883093359375 0.682331861328125 0.816689384765625 0.65411493359375 0.81386620703125 0.645417357421875 0.809263357421875 0.642911443359375 0.80692103515625 0.6428296484375 0.788854169921875 0.64532564453125 0.74828118359375 0.643127078125 0.737912998046875 0.649018822265625 0.722822986328125 0.678197462890625 0.720825193359375 0.690635318359375 0.72292212890625 0.697744080078125 0.72151425390625 0.715674619140625 0.72932942578125 0.760505923828125 0.72800334765625 0.776094140625 0.732742521484375 0.77469618359375
5 0.7192661328125 0.623352419921875 0.729443462890625 0.62292609375 0.7397571171875 0.6185958984375 0.73833189453125 0.614637498046875 0.74075601171875 0.612376970703125 0.73230382421875 0.60817318359375 0.7325219453125 0.601926990234375 0.735082388671875 0.59576259375 0.745368779296875 0.592213169921875 0.74714844921875 0.5860215078125 0.76750310546875 0.58516885546875 0.766940453125 0.5788953984375 0.7573084296875 0.5637062421875 0.741130294921875 0.55688748046875 0.739060625 0.548997943359375 0.731471005859375 0.542479099609375 0.72912868359375 0.542397302734375 0.721883595703125 0.548398109375 0.72451591796875 0.562561103515625 0.713121572265625 0.575452548828125 0.714410466796875 0.5833148203125 0.71898605078125 0.5866015078125 0.72754730078125 0.58768219921875 0.732712802734375 0.596461572265625 0.7232071875 0.600038259765625 0.719947763671875 0.603833068359375 0.7192661328125 0.623352419921875
5 0.470236384765625 0.59120432421875 0.4703454453125 0.588081228515625 0.462455908203125 0.5901508984375 0.467358673828125 0.584068296875 0.465152677734375 0.580082630859375 0.4676040625 0.577041330078125 0.466342431640625 0.568398283203125 0.47197144140625 0.56390449609375 0.47081887109375 0.55213835546875 0.4641736171875 0.540962130859375 0.4556668984375 0.538319890625 0.449420705078125 0.53810176953125 0.4438734921875 0.540253234375 0.4389434609375 0.547116609375 0.438807134765625 0.55102048046875 0.441821169921875 0.55425263671875 0.4427556171875 0.57226497265625 0.440975947265625 0.578456634765625 0.427184748046875 0.59282783203125 0.427774666015625 0.598320515625 0.4381428515625 0.592428771484375 0.470236384765625 0.59120432421875
5 0.5364088359375 0.666215654296875 0.51880548046875 0.655438490234375 0.519749845703125 0.650781111328125 0.51684487109375 0.644425857421875 0.507158318359375 0.63079825 0.5069674609375 0.636263669921875 0.498051763671875 0.645333041015625 0.498559884765625 0.653168046875 0.50291734765625 0.662700927734375 0.5025628984375 0.672850990234375 0.528328443359375 0.6737507421875 0.53621798046875 0.671681072265625 0.53866936328125 0.668639771484375 0.5364088359375 0.666215654296875
0 0.611194615234375 0.561730740234375 0.61705909375 0.57287969921875 0.64982433984375 0.57480561328125 0.653810005859375 0.5725996171875 0.647781935546875 0.566135302734375 0.62404144921875 0.552016921875 0.617014482421875 0.55177153515625 0.612248041015625 0.553950265625 0.611194615234375 0.561730740234375
0 0.50853892578125 0.613648486328125 0.496128337890625 0.610869919921875 0.4824288515625 0.60022908203125 0.4617023984375 0.589342857421875 0.457798529296875 0.58920653125 0.449827197265625 0.5936185234375 0.435745998046875 0.5939085234375 0.426912095703125 0.60063557421875 0.427229361328125 0.613935998046875 0.43312110546875 0.62430418359375 0.43998448046875 0.62923421484375 0.48763896484375 0.630116619140625 0.510608595703125 0.621538021484375 0.511552962890625 0.616880642578125 0.50853892578125 0.613648486328125
4 0.405394951171875 0.612391796875 0.4042423828125 0.60062565625 0.397996189453125 0.600407533203125 0.395490275390625 0.6050103828125 0.396397458984375 0.623803490234375 0.4019719375 0.620871251953125 0.405394951171875 0.612391796875
4 0.602122755859375 0.62004341015625 0.595985625 0.61670219140625 0.59447860546875 0.61508611328125 0.5873153125 0.618744595703125 0.58717898828125 0.622648466796875 0.601232919921875 0.623139240234375 0.602122755859375 0.62004341015625
1 0.345411673828125 0.60638850390625 0.32731754296875 0.6096652734375 0.320880494140625 0.6149125703125 0.32071690234375 0.61959721484375 0.36131715625 0.6210150078125 0.3670824921875 0.612617349609375 0.367191552734375 0.60949425390625 0.363369478515625 0.60701560546875 0.35888002734375 0.606858830078125 0.345411673828125 0.60638850390625
3 0.272383275390625 0.571005794921875 0.27221968359375 0.575690439453125 0.283876765625 0.577660966796875 0.292547076171875 0.5756185625 0.29842147265625 0.564097806640625 0.292257076171875 0.56153736328125 0.288353205078125 0.561401037109375 0.278929384765625 0.56263540234375 0.272383275390625 0.571005794921875
3 0.47197144140625 0.56390449609375 0.466315166015625 0.56917905859375 0.467713123046875 0.573918232421875 0.4903828359375 0.573928150390625 0.49238062890625 0.561490296875 0.489639244140625 0.5504503984375 0.48261227734375 0.55020501171875 0.47162691015625 0.551384845703125 0.47197144140625 0.56390449609375