2 0 0.77421875 0.00703125 0.77421875 0.01484375 0.76875 0.0234375 0.76875 0.03125 0.77421875 0.04765625 0.775 0.06796875 0.76875 0.09921875 0.76328125 0.115625 0.76875 0.15078125 0.76328125 0.15546875 0.75078125 0.15625 0.72734375 0.15234375 0.6859375 0.1546875 0.671875 0.15234375 0.66796875 0.13671875 0.65390625 0.1234375 0.64609375 0.0609375 0.64296875 0.05598984375 0.64296875 0.040625 0.64375 0.0328125 0.6484375 0.021875 0.66171875 0.00546875 0.6953125 0.00390625 0.70546875 0 0.70859375 0 0.77421875
2 0.73828125 0.653125 0.7328125 0.659375 0.7265625 0.684375 0.7296875 0.68984375 0.728125 0.70390625 0.73125 0.7234375 0.73828125 0.746875 0.7375 0.76796875 0.74140625 0.7671875 0.74140625 0.75546875 0.7515625 0.7546875 0.75390625 0.75078125 0.75546875 0.725 0.75703125 0.71953125 0.7625 0.7171875 0.7875 0.71484375 0.79296875 0.71796875 0.809375 0.7140625 0.81953125 0.75078125 0.81953125 0.76640625 0.8234375 0.76484375 0.821875 0.75078125 0.83515625 0.74609375 0.8390625 0.73515625 0.83828125 0.71484375 0.83203125 0.6890625 0.8234375 0.6671875 0.825 0.65859375 0.821875 0.6546875 0.8203125 0.6390625 0.81875 0.634375 0.8140625 0.63203125 0.81015625 0.63203125 0.79140625 0.63515625 0.75078125 0.63515625 0.74375 0.640625 0.73828125 0.653125
5 0.89296875 0.62109375 0.90390625 0.62734375 0.90234375 0.63125 0.90625 0.6421875 0.93671875 0.6640625 0.9609375 0.690625 0.97578125 0.7 0.97890625 0.70625 0.97578125 0.709375 0.984375 0.7234375 0.98828125 0.72578125 0.99921875 0.7203125 0.99921875 0.63515625 0.9515625 0.60078125 0.9390625 0.6 0.9328125 0.60390625 0.928125 0.60390625 0.9109375 0.5921875 0.905859375 0.5921875 0.90078125 0.5921875 0.890625 0.59765625 0.88671875 0.60703125 0.89296875 0.62109375
5 0.40390625 0.5328125 0.3578125 0.58671875 0.3578125 0.5921875 0.3625 0.59296875 0.37421875 0.58359375 0.3890625 0.58125 0.403125 0.56875 0.40625 0.5734375 0.40078125 0.58671875 0.40859375 0.6171875 0.4296875 0.615625 0.43203125 0.60234375 0.4421875 0.59765625 0.4453125 0.59375 0.4453125 0.5859375 0.44765625 0.584375 0.44453125 0.57890625 0.44921875 0.5640625 0.453125 0.57109375 0.45 0.58359375 0.45234375 0.5890625 0.4640625 0.58828125 0.47109375 0.57578125 0.45859375 0.54375 0.4421875 0.52890625 0.4421875 0.52421875 0.4390625 0.5203125 0.440625 0.50625 0.434375 0.496875 0.42734375 0.496875 0.421875 0.50078125 0.41953125 0.50625 0.4203125 0.525 0.40390625 0.5328125
0 0.43828125 0.628125 0.44453125 0.63203125 0.4828125 0.63203125 0.49609375 0.6296875 0.5046875 0.6234375 0.515625 0.6203125 0.515625 0.615625 0.5125 0.61328125 0.50546875 0.6125 0.49453125 0.60703125 0.48203125 0.59609375 0.4703125 0.59375 0.465625 0.59375 0.44609375 0.5953125 0.43203125 0.603125 0.43125 0.615625 0.43828125 0.628125
0 0.61875 0.56875 0.653125 0.56953125 0.65703125 0.5671875 0.63359375 0.55078125 0.62265625 0.54765625 0.621875 0.54765625 0.6140625 0.54921875 0.6125 0.55234375 0.61328125 0.559375 0.61875 0.56875
4 0.60625 0.615625 0.59921875 0.6125 0.596875 0.6125 0.5921875 0.61796875 0.5984375 0.621875 0.6046875 0.6203125 0.60625 0.615625
1 0.3265625 0.62578125 0.3625 0.6265625 0.36640625 0.625 0.37109375 0.61796875 0.36953125 0.61171875 0.36515625 0.61171875 0.34765625 0.61171875 0.33125 0.61640625 0.3265625 0.6203125 0.3265625 0.62578125
4 0.40078125 0.62578125 0.40703125 0.61796875 0.40234375 0.6015625 0.39921875 0.6015625 0.39453125 0.60625 0.39453125 0.61171875 0.396875 0.62421875 0.40078125 0.62578125
3 0.29375 0.58359375 0.30078125 0.571875 0.2953125 0.56875 0.291015625 0.56875 0.28125 0.5703125 0.275 0.57890625 0.275 0.58359375 0.29375 0.58359375
3 0.490625 0.57578125 0.49375 0.57265625 0.49140625 0.5546875 0.48671875 0.55234375 0.4825 0.55234375 0.46484375 0.553125 0.46484375 0.55859375 0.4734375 0.57578125 0.490625 0.57578125