2 0.077611171875 0.78366395703125 0.110212826171875 0.777053400390625 0.11648628515625 0.777616052734375 0.123676841796875 0.78205530859375 0.1601823671875 0.775308423828125 0.1637863203125 0.766583583984375 0.1643935859375 0.7392019609375 0.1619149375 0.735379884765625 0.160896205078125 0.68382153125 0.15839029296875 0.679218681640625 0.128765490234375 0.659146595703125 0.066194501953125 0.658204716796875 0.061249859375 0.658377388671875 0.042825810546875 0.66058422265625 0.032276685546875 0.6718967734375 0.0118600703125 0.7140412265625 0.011351947265625 0.721876232421875 0.007529873046875 0.724354880859375 0.00987468359375 0.791501451171875 0.016901650390625 0.791256064453125 0.02529930859375 0.785490728515625 0.033107048828125 0.785218076171875 0.0458448203125 0.791808798828125 0.064556134765625 0.79037366015625 0.077611171875 0.78366395703125
2 0.746707296875 0.759516880859375 0.750611166015625 0.7593805546875 0.7502021875 0.747668943359375 0.75246271484375 0.74524482421875 0.760297720703125 0.745752947265625 0.76177747265625 0.74335609375 0.763847142578125 0.735466556640625 0.762493798828125 0.71909756640625 0.766043220703125 0.708811177734375 0.786234287109375 0.704979185546875 0.79482280078125 0.704679267578125 0.8011780546875 0.7075842421875 0.817437984375 0.703107802734375 0.8212699765625 0.7232988671875 0.828061474609375 0.7386962265625 0.843513365234375 0.73346627734375 0.8469264609375 0.719276017578125 0.84195924609375 0.688962154296875 0.82985600390625 0.65577058203125 0.826695724609375 0.63242915625 0.8232454453125 0.623168927734375 0.818479005859375 0.620990197265625 0.81535591015625 0.6210992578125 0.79516484375 0.62493125 0.754564591796875 0.62634904296875 0.748481990234375 0.63125180859375 0.74420632421875 0.64312701171875 0.73823278515625 0.651152873046875 0.734901484375 0.667685455078125 0.736046623046875 0.700477966796875 0.740741185546875 0.72298408984375 0.746751908203125 0.73840871484375 0.746707296875 0.759516880859375
4 0.610220529296875 0.6118464921875 0.603084501953125 0.608968783203125 0.59996140625 0.60907784375 0.5955221484375 0.61626840234375 0.60106936328125 0.618419869140625 0.608822572265625 0.61658566796875 0.610220529296875 0.6118464921875
4 0.399783322265625 0.607469228515625 0.396551166015625 0.604455193359375 0.393428068359375 0.60456425390625 0.38887975 0.608631716796875 0.39006950390625 0.6203160625 0.400083240234375 0.616057744140625 0.399783322265625 0.607469228515625
5 0.423647763671875 0.753600390625 0.4193621796875 0.742805880859375 0.408322283203125 0.74006449609375 0.420995607421875 0.722423958984375 0.413577009765625 0.689068794921875 0.413086234375 0.675014861328125 0.406703716796875 0.67132911328125 0.380157396484375 0.672256130859375 0.375472751953125 0.67241972265625 0.37346753125 0.70454051953125 0.3759189140625 0.7075818203125 0.383781185546875 0.708870716796875 0.386795220703125 0.70563855859375 0.38921933984375 0.7078990859375 0.39464014453125 0.72881639453125 0.387841216796875 0.7579776875 0.395031775390625 0.7624169453125 0.416030880859375 0.759338462890625 0.423647763671875 0.753600390625
5 0.364063546875 0.74864558203125 0.3668867265625 0.739948005859375 0.36661407421875 0.732140265625 0.361012328125 0.728427251953125 0.35632768359375 0.72859084375 0.353913484375 0.749000029296875 0.359460697265625 0.75115149609375 0.364063546875 0.74864558203125
5 0.3652582421875 0.648542908203125 0.37040639453125 0.6616524765625 0.39277619140625 0.65305404296875 0.39877699609375 0.645808955078125 0.400973076171875 0.61915357421875 0.39165831640625 0.621042306640625 0.380273888671875 0.63082057421875 0.377150791015625 0.630929634765625 0.3698784375 0.6241480546875 0.36637362890625 0.613326279296875 0.3539630390625 0.61610484375 0.34841582421875 0.61395337890625 0.347471458984375 0.609296 0.35317234765625 0.593462396484375 0.351065494140625 0.5779014453125 0.343039630859375 0.571927904296875 0.3344238515625 0.571447048828125 0.332862302734375 0.571501578125 0.323602076171875 0.574951857421875 0.319108287109375 0.5805808671875 0.318818287109375 0.59466206640625 0.32469268359375 0.6061828203125 0.3078973671875 0.6177134921875 0.3018965625 0.62495858203125 0.29797534375 0.64698384765625 0.325411498046875 0.64915266015625 0.36049180078125 0.646364177734375 0.3652582421875 0.648542908203125
5 0.71039508203125 0.592713796875 0.711094060546875 0.590344208984375 0.694179765625 0.5760820703125 0.69059316015625 0.56291797265625 0.67623930859375 0.554820232421875 0.66969319921875 0.546449837890625 0.662502640625 0.54201058203125 0.6617218671875 0.542037845703125 0.65014658203125 0.5463506953125 0.64489928515625 0.552787744140625 0.64945751953125 0.57138999609375 0.65826415625 0.577336271484375 0.66847866796875 0.6012130859375 0.677421630859375 0.61106323046875 0.69220180859375 0.608983642578125 0.693436173828125 0.59955982421875 0.6971491875 0.593958080078125 0.71039508203125 0.592713796875
3 0.48328338671875 0.552959412109375 0.469815033203125 0.55342973828125 0.46602022265625 0.55668916015625 0.46578475390625 0.572331908203125 0.474509595703125 0.575935861328125 0.494056212890625 0.57603500390625 0.4977146953125 0.5688717109375 0.49671580078125 0.562652783203125 0.49329278515625 0.554173330078125 0.487772837890625 0.552802638671875 0.48328338671875 0.552959412109375
3 0.278054443359375 0.591395212890625 0.2983545703125 0.590686318359375 0.30494529296875 0.577948544921875 0.2986173046875 0.575824345703125 0.2935422734375 0.576001568359375 0.283056353515625 0.577931197265625 0.2778908515625 0.586710568359375 0.278054443359375 0.591395212890625
0 0.62503540234375 0.565989025390625 0.6390893359375 0.565498251953125 0.64341953125 0.55518459765625 0.628203111328125 0.544771798828125 0.623518466796875 0.544935390625 0.61423097265625 0.547604896484375 0.6169822734375 0.5592347109375 0.62503540234375 0.565989025390625
0 0.508556306640625 0.610706328125 0.501982931640625 0.601555162109375 0.492586376953125 0.6011015703125 0.487656345703125 0.5942381953125 0.47987587109375 0.59529162109375 0.467274423828125 0.592604767578125 0.466466384765625 0.591851259765625 0.459548478515625 0.5952197421875 0.441645205078125 0.597408390625 0.434781830078125 0.602338423828125 0.434546361328125 0.617981169921875 0.439530923828125 0.62640609375 0.44758405078125 0.633160408203125 0.49364972265625 0.631551759765625 0.519814328125 0.619693904296875 0.519650736328125 0.615009259765625 0.508556306640625 0.610706328125