2 0.07584983203125 0.79604151953125 0.080326470703125 0.791895296875 0.11432726171875 0.783854814453125 0.129395994140625 0.787759029296875 0.16503891796875 0.78119712890625 0.169065794921875 0.768468935546875 0.1684966875 0.742682130859375 0.164190234375 0.72022048046875 0.164196869140625 0.690491890625 0.15910691796875 0.682935421875 0.131599521484375 0.66560129296875 0.068241447265625 0.665792458984375 0.0633005703125 0.666051400390625 0.04955803125 0.6675539375 0.0412213828125 0.672684775390625 0.030993958984375 0.68652025 0.015710837890625 0.723308021484375 0.01607882421875 0.73032963671875 0.01172484765625 0.736816396484375 0.01507762109375 0.800791099609375 0.02205834765625 0.79964293359375 0.029573927734375 0.7937728046875 0.038155900390625 0.793323041015625 0.04862533203125 0.799032939453125 0.068129814453125 0.798010751953125 0.07584983203125 0.79604151953125
2 0.74262689453125 0.71102859765625 0.752926140625 0.7433463671875 0.7559241953125 0.740842279296875 0.764547056640625 0.7411726953125 0.765984751953125 0.7387503828125 0.76865570703125 0.730004859375 0.766318486328125 0.715263228515625 0.768168375 0.7057784140625 0.784347703125 0.701018880859375 0.797569865234375 0.69954361328125 0.804714140625 0.7015161640625 0.820934357421875 0.697536810546875 0.824174419921875 0.71457809375 0.831274490234375 0.730634759765625 0.837597701171875 0.73186801953125 0.84753559375 0.727435583984375 0.85065962890625 0.712407740234375 0.84922525 0.6999657578125 0.834370908203125 0.655369556640625 0.82895717578125 0.626707359375 0.82534580859375 0.6175087578125 0.8205420703125 0.615413544921875 0.8189817109375 0.6154953203125 0.79964077734375 0.61963822265625 0.76367075390625 0.6199586875 0.75447215234375 0.6235700546875 0.74925622265625 0.62853734375 0.746050412109375 0.642004828125 0.741655548828125 0.647711408203125 0.73742091796875 0.671403001953125 0.740170330078125 0.6790821328125 0.739264169921875 0.691646775390625 0.74262689453125 0.71102859765625
5 0.735468271484375 0.589361509765625 0.735141171875 0.58312007421875 0.724630853515625 0.576629998046875 0.706645841796875 0.57679023046875 0.685870529296875 0.56849115234375 0.67839915234375 0.56027716796875 0.679553955078125 0.5375293046875 0.675366845703125 0.532272486328125 0.665020076171875 0.528903126953125 0.658778642578125 0.5292302265625 0.653440048828125 0.5318569765625 0.649249623046875 0.541464453125 0.65175039453125 0.559326802734375 0.64965186328125 0.5789948359375 0.6565441796875 0.606014900390625 0.660608626953125 0.6089311796875 0.67309149609375 0.60827698046875 0.72905996875 0.6014321875 0.729513048828125 0.595149865234375 0.735468271484375 0.589361509765625
4 0.603900859375 0.616597041015625 0.611579990234375 0.61384762890625 0.61219662109375 0.6106860234375 0.604970568359375 0.607153115234375 0.60263003125 0.60727577734375 0.59959108984375 0.608999685546875 0.598316943359375 0.61454271484375 0.603900859375 0.616597041015625
4 0.404382708984375 0.616100833984375 0.4075818828125 0.6323619375 0.413618880859375 0.62813394140625 0.415591431640625 0.620989666015625 0.41510078125 0.611627513671875 0.411036333984375 0.608711234375 0.410215267578125 0.60797194140625 0.406396146484375 0.60973673828125 0.404382708984375 0.616100833984375
1 0.33083809765625 0.630907654296875 0.331042533203125 0.63480855078125 0.3723920390625 0.632641515625 0.376664240234375 0.624594396484375 0.3764189140625 0.619913322265625 0.363854271484375 0.619007162109375 0.360733552734375 0.619170712890625 0.337532611328125 0.624298232421875 0.33083809765625 0.630907654296875
0 0.509706916015625 0.61058102734375 0.4951730390625 0.601954849609375 0.489343796875 0.595219447265625 0.472837369140625 0.593737546875 0.46893647265625 0.593941984375 0.443354103515625 0.59841198828125 0.4358385234375 0.6042821171875 0.435753431640625 0.617586052734375 0.44835564453125 0.634136685546875 0.49286675390625 0.632586279296875 0.501366951171875 0.63057616015625 0.511921474609375 0.62298212109375 0.521900255859375 0.6193298671875 0.51919173046875 0.612430916015625 0.509706916015625 0.61058102734375
0 0.651082322265625 0.557297267578125 0.643479048828125 0.550776099609375 0.640803041015625 0.545363419921875 0.628979162109375 0.541455001953125 0.61982315625 0.54278914453125 0.6173969765625 0.54377058984375 0.616005806640625 0.54820025 0.61235505859375 0.55189403515625 0.615647875 0.564194810546875 0.651291958984375 0.5629244765625 0.651082322265625 0.557297267578125
5 0.606392095703125 0.5450850625 0.604190822265625 0.5539256640625 0.6119202421875 0.55398684765625 0.61579863671875 0.549188228515625 0.617568578125 0.543566798828125 0.629308662109375 0.541353244140625 0.641225140625 0.54505809765625 0.6436400390625 0.55045942578125 0.651256064453125 0.557253740234375 0.64863376953125 0.542804771484375 0.654526630859375 0.530706345703125 0.647653919921875 0.5164801328125 0.640480890625 0.511794431640625 0.6383598359375 0.506909681640625 0.6343296171875 0.5049898515625 0.63458389453125 0.49458572265625 0.63098730078125 0.492043125 0.623435974609375 0.491573625 0.617484787109375 0.496214884765625 0.618618638671875 0.505146689453125 0.620775787109375 0.5068986953125 0.62137288671875 0.51066401171875 0.613420869140625 0.519073744140625 0.610816052734375 0.537993029296875 0.610384201171875 0.54500883984375 0.606392095703125 0.5450850625
3 0.467011443359375 0.572137849609375 0.477399099609375 0.576287388671875 0.495343224609375 0.5753469765625 0.498917021484375 0.56890110546875 0.495060330078125 0.555021427734375 0.4746121171875 0.552963783203125 0.471491400390625 0.553127333984375 0.465577064453125 0.559695869140625 0.467011443359375 0.572137849609375
3 0.278698697265625 0.59139476953125 0.278903134765625 0.595295666015625 0.29380831640625 0.596079162109375 0.299927087890625 0.5934115234375 0.304815919921875 0.58220280078125 0.29997129296875 0.579327408203125 0.2945100390625 0.57961362109375 0.284449482421875 0.581705517578125 0.278698697265625 0.59139476953125