2 0.92505830859375 0.703322908203125 0.908485537109375 0.7033605390625 0.85576881640625 0.696740615234375 0.84516776171875 0.699195373046875 0.8236520078125 0.711950087890625 0.81803156640625 0.71826053515625 0.8153384296875 0.748650224609375 0.8088732421875 0.77219836328125 0.8061675625 0.79706379296875 0.809178509765625 0.80932087109375 0.83858963671875 0.818976830078125 0.86245141796875 0.817596818359375 0.891862544921875 0.82725277734375 0.89441348828125 0.831555927734375 0.89961155859375 0.83386432421875 0.925141908203125 0.837452380859375 0.932092185546875 0.83290668359375 0.94303197265625 0.833655244140625 0.950007337890625 0.8401580625 0.956861431640625 0.84191026953125 0.9658859375 0.77769757421875 0.9618964296875 0.772403318359375 0.96309244921875 0.763893203125 0.9497439140625 0.724148654296875 0.938549037109375 0.7083746171875 0.925831955078125 0.70343163671875 0.92505830859375 0.703322908203125
2 0.163451 0.59313026953125 0.159729126953125 0.60838575 0.15697326953125 0.611154150390625 0.1565508984375 0.61977299609375 0.1350016796875 0.66644690234375 0.131727265625 0.684132052734375 0.133855837890625 0.697054048828125 0.14347833203125 0.70156211328125 0.149776236328125 0.701658296875 0.15956601171875 0.6825220390625 0.163070427734375 0.6688138515625 0.17888209765625 0.674191748046875 0.195454869140625 0.674154115234375 0.21358748046875 0.67985819921875 0.21604223828125 0.69045925390625 0.21298528125 0.706597111328125 0.2148838515625 0.715542142578125 0.22880949609375 0.717499263671875 0.23990401953125 0.6890792421875 0.248435056640625 0.650831810546875 0.248844884765625 0.636688708984375 0.2410456953125 0.607980130859375 0.23506143359375 0.600038748046875 0.228424798828125 0.59673924609375 0.199582404296875 0.594263568359375 0.17371332421875 0.5874721953125 0.170618736328125 0.587037279296875 0.16565066796875 0.588705845703125 0.163451 0.59313026953125
4 0.378922130859375 0.60368956640625 0.3872147890625 0.60643287890625 0.392182857421875 0.6047643125 0.3899581015625 0.598140220703125 0.386089865234375 0.597596576171875 0.379465775390625 0.59982133203125 0.378922130859375 0.60368956640625
4 0.5745586171875 0.637495904296875 0.580312876953125 0.64146032421875 0.58567823046875 0.620124396484375 0.58224491015625 0.6164861640625 0.5768293828125 0.6157250625 0.573651154296875 0.62711230859375 0.5745586171875 0.637495904296875
1 0.611233666015625 0.63476096875 0.615561904296875 0.643258541015625 0.655791544921875 0.648912447265625 0.655670271484375 0.644161837890625 0.65101584765625 0.63798520703125 0.639072412109375 0.633150955078125 0.6190663203125 0.629550353515625 0.6151980859375 0.629006708984375 0.611777310546875 0.630892734375 0.611233666015625 0.63476096875
0 0.492066951171875 0.606968189453125 0.479809873046875 0.60997913671875 0.47651037109375 0.616615771484375 0.47429816015625 0.6155159375 0.4748418046875 0.611647703125 0.471747216796875 0.611212787109375 0.46789152734375 0.616193400390625 0.49179094140625 0.63138616015625 0.536553734375 0.63846608984375 0.5450513046875 0.634137849609375 0.553753791015625 0.622738060546875 0.556484560546875 0.60892114453125 0.549291736328125 0.603965619140625 0.537904490234375 0.600787390625 0.53713084375 0.600678662109375 0.50409402734375 0.599980279296875 0.492066951171875 0.606968189453125
0 0.355236005859375 0.536457548828125 0.342096552734375 0.5401334140625 0.33658483984375 0.54567021484375 0.372063869140625 0.55144539453125 0.38109254296875 0.5377246640625 0.379423974609375 0.532756595703125 0.372678611328125 0.530230740234375 0.37190496484375 0.53012201171875 0.360638990234375 0.53169439453125 0.355236005859375 0.536457548828125
5 0.512382517578125 0.55223162890625 0.509543021484375 0.56682219140625 0.503692576171875 0.56915567578125 0.49926815234375 0.5669560078125 0.500610533203125 0.574245017578125 0.488269814453125 0.589078125 0.488186171875 0.600900287109375 0.499125958984375 0.601648845703125 0.505858779296875 0.598650443359375 0.54585841796875 0.60032738671875 0.550583939453125 0.589157599609375 0.55089758203125 0.581312400390625 0.547125533203125 0.5744708515625 0.539932708984375 0.569515328125 0.538226509765625 0.547974486328125 0.53213351953125 0.54080675 0.52826528515625 0.54026310546875 0.519767712890625 0.54459134375 0.512382517578125 0.55223162890625
5 0.227099171875 0.49951482421875 0.22701553125 0.511336986328125 0.214662267578125 0.5206458359375 0.202986466796875 0.536361322265625 0.20895818359375 0.538778447265625 0.210831666015625 0.53667496484375 0.238018037109375 0.53970683203125 0.2433248359375 0.54124158203125 0.244884673828125 0.546983296875 0.249974015625 0.550065341796875 0.2623523671875 0.55180500390625 0.261917451171875 0.554899591796875 0.255293359375 0.55712434765625 0.252780048828125 0.569393970703125 0.26361110546875 0.57091617578125 0.266162048828125 0.575219326171875 0.265292216796875 0.581408501953125 0.270816474609375 0.58139595703125 0.2746721640625 0.576415345703125 0.273099783203125 0.565149373046875 0.27695547265625 0.560168759765625 0.279130052734375 0.5446958203125 0.275805462890625 0.54028394140625 0.264865677734375 0.5395353828125 0.255218095703125 0.523978802734375 0.2434921171875 0.5175972578125 0.24743144921875 0.500794484375 0.2389087890625 0.49407420703125 0.23349326171875 0.493313103515625 0.22929883984375 0.495090400390625 0.227099171875 0.49951482421875
3 0.49507373046875 0.568733302734375 0.4980721328125 0.575466123046875 0.511090314453125 0.5670396484375 0.510509037109375 0.554335111328125 0.505310966796875 0.55202671484375 0.5045373203125 0.551917984375 0.498795603515625 0.553477822265625 0.49507373046875 0.568733302734375
3 0.69117022265625 0.610493568359375 0.7102939375 0.614759087890625 0.7118286875 0.609452287109375 0.707609177734375 0.600181068359375 0.7016374609375 0.597763943359375 0.694674638671875 0.596785380859375 0.68738562890625 0.59812776171875 0.69117022265625 0.610493568359375