2 1 0.599964326171875 0.9968611953125 0.594267693359375 0.98329937109375 0.581972982421875 0.974136880859375 0.57852712109375 0.959586484375 0.5797831171875 0.954686978515625 0.58047169921875 0.896215998046875 0.591056041015625 0.88957936328125 0.59435554296875 0.869535640625 0.614528916015625 0.866537236328125 0.621261736328125 0.87166004296875 0.652098884765625 0.872044783203125 0.677290501953125 0.876080298828125 0.700391181640625 0.882461845703125 0.712117158203125 0.919584353515625 0.71242242578125 0.931975248046875 0.70515850390625 0.96765919140625 0.706454875 0.9792513515625 0.710348197265625 1 0.7074321640625 1 0.599964326171875
2 0.201154869140625 0.68637373046875 0.20220452734375 0.710682970703125 0.19604881640625 0.74547199609375 0.19533372265625 0.768451400390625 0.196855927734375 0.779282458984375 0.2013639921875 0.788904953125 0.21615946875 0.793137005859375 0.216786755859375 0.80882740234375 0.219990072265625 0.8091661328125 0.22243228515625 0.8040893359375 0.218589138671875 0.793584466796875 0.222616279296875 0.7717174375 0.222653912109375 0.755144666015625 0.2360233671875 0.75484356640625 0.238670494140625 0.7568383203125 0.245198400390625 0.752765171875 0.2710549375 0.751498056640625 0.276023005859375 0.753166623046875 0.279648693359375 0.76212419921875 0.28016725 0.77704094921875 0.284457857421875 0.7851161484375 0.287104984375 0.78711090234375 0.295723830078125 0.78668853125 0.297354765625 0.798293234375 0.301331728515625 0.798523236328125 0.299169693359375 0.777526041015625 0.30202590234375 0.736100380859375 0.298860216796875 0.71918887890625 0.301302431640625 0.714112080078125 0.29240757421875 0.690116482421875 0.285348568359375 0.684797138671875 0.278193375 0.673179890625 0.27124309765625 0.668634193359375 0.230239810546875 0.674396830078125 0.20969007421875 0.6741291953125 0.2073691328125 0.6744553828125 0.203053439453125 0.677428697265625 0.201154869140625 0.68637373046875
5 0.064198443359375 0.666175310546875 0.052702466796875 0.668579892578125 0.04582328515625 0.681380615234375 0.04006902734375 0.68534503515625 0.024667185546875 0.704866033203125 0.038367037109375 0.802345546875 0.04687715234375 0.80114952734375 0.052426498046875 0.790113556640625 0.059401865234375 0.78361073828125 0.0611666171875 0.78494057421875 0.0547223515625 0.800835884765625 0.085546955078125 0.8012373359375 0.094529619140625 0.7865631328125 0.094433435546875 0.780265228515625 0.104419748046875 0.76150533203125 0.107539423828125 0.750021900390625 0.10688705078125 0.74538001953125 0.1013753359375 0.73984321875 0.0846938359375 0.739031939453125 0.084923837890625 0.735054974609375 0.101329328125 0.711448283203125 0.12423763671875 0.694816958984375 0.129786982421875 0.68378098828125 0.14527246484375 0.676082150390625 0.149709431640625 0.668358224609375 0.145431369140625 0.654758767578125 0.13792490234375 0.65186909375 0.126876388671875 0.651844005859375 0.10995233984375 0.660533947265625 0.09814272265625 0.65509333203125 0.084217078125 0.657050453125 0.0795751953125 0.657702826171875 0.072721103515625 0.65945503515625 0.064198443359375 0.666175310546875
5 0.044673318359375 0.847217068359375 0.048541552734375 0.846673423828125 0.054864544921875 0.835528724609375 0.0579591328125 0.83509380859375 0.061756271484375 0.817203744140625 0.065745779296875 0.81190948828125 0.06365483984375 0.8082587109375 0.047638255859375 0.806565056640625 0.042222728515625 0.80732616015625 0.03934559765625 0.809308369140625 0.044673318359375 0.847217068359375
5 0.583449349609375 0.58294329296875 0.5860964765625 0.584938046875 0.60243924609375 0.588952642578125 0.61040571875 0.583888390625 0.64279016015625 0.578548125 0.64225905859375 0.5691556328125 0.635877513671875 0.55742965625 0.615014134765625 0.54931682421875 0.608824958984375 0.55018665625 0.583583166015625 0.57266842578125 0.583449349609375 0.58294329296875
0 0.520202669921875 0.60445487890625 0.501948787109375 0.61490957421875 0.50127132421875 0.62131620703125 0.52832387890625 0.62855920703125 0.575516341796875 0.62192673828125 0.58027949609375 0.61652375390625 0.584946466796875 0.604822865234375 0.583871720703125 0.591562138671875 0.57857746484375 0.587572630859375 0.550629990234375 0.585188970703125 0.546761755859375 0.585732615234375 0.52940279296875 0.59132796875 0.520202669921875 0.60445487890625
0 0.370119333984375 0.575056337890625 0.359940650390625 0.58122042578125 0.3540651171875 0.589935455078125 0.391973818359375 0.584607736328125 0.396979517578125 0.569703529296875 0.393897474609375 0.5646141875 0.387490841796875 0.5639367265625 0.38362260546875 0.56448037109375 0.375438677734375 0.567997330078125 0.370119333984375 0.575056337890625
4 0.41219319921875 0.633046392578125 0.421694419921875 0.633288939453125 0.42590138671875 0.6295419765625 0.423810447265625 0.625891201171875 0.418068732421875 0.62433136328125 0.417403814453125 0.62521373828125 0.41098463671875 0.63006053515625 0.41219319921875 0.633046392578125
3 0.514452578125 0.557927333984375 0.514210033203125 0.567428556640625 0.518948099609375 0.5730740859375 0.537515625 0.57046458984375 0.5453733671875 0.564626689453125 0.545180998046875 0.552030880859375 0.54143403515625 0.547823916015625 0.52368615625 0.5495292890625 0.519663193359375 0.5500946796875 0.51523876953125 0.55229434765625 0.514452578125 0.557927333984375
3 0.707283033203125 0.543449626953125 0.71058253515625 0.55008626171875 0.716759166015625 0.5547406875 0.73444431640625 0.5514662734375 0.733791943359375 0.546824392578125 0.727180396484375 0.53907537890625 0.71690552734375 0.5389415625 0.71303729296875 0.53948520703125 0.707730494140625 0.54101995703125 0.707283033203125 0.543449626953125
1 0.6440698203125 0.598880404296875 0.650572638671875 0.60585576953125 0.69157592578125 0.600093134765625 0.68838515234375 0.59423014453125 0.682425978515625 0.591123013671875 0.6609938671875 0.5901904609375 0.65557833984375 0.590951564453125 0.6434174453125 0.594238521484375 0.6440698203125 0.598880404296875
4 0.611346646484375 0.607423984375 0.615202337890625 0.61240459765625 0.620617865234375 0.611643494140625 0.6192294765625 0.590537568359375 0.615591244140625 0.58710425 0.611723009765625 0.587647896484375 0.608398419921875 0.592059775390625 0.611346646484375 0.607423984375