2 0 0.775 0.00703125 0.77421875 0.01484375 0.76875 0.0234375 0.76875 0.034375 0.775 0.05390625 0.775 0.06875 0.76875 0.09609375 0.7640625 0.10625 0.7640625 0.1140625 0.76875 0.11953125 0.76875 0.15078125 0.76328125 0.15546875 0.7515625 0.153125 0.7015625 0.1546875 0.671875 0.1515625 0.66640625 0.1234375 0.64609375 0.0609375 0.64296875 0.05625 0.64296875 0.03671875 0.6453125 0.02734375 0.6546875 0.009375 0.6875 0.00390625 0.70390625 0 0.70703125 0 0.775
2 0.7421875 0.6421875 0.7390625 0.65234375 0.72890625 0.66953125 0.7265625 0.68203125 0.7296875 0.69375 0.72890625 0.70859375 0.73125 0.72265625 0.73984375 0.7546875 0.7375 0.75625 0.73984375 0.75859375 0.74375 0.75390625 0.75078125 0.7546875 0.753125 0.75234375 0.75625 0.7421875 0.75703125 0.71953125 0.77734375 0.71484375 0.78671875 0.71484375 0.79375 0.71796875 0.79609375 0.715625 0.81015625 0.7140625 0.81171875 0.728125 0.81796875 0.74765625 0.821875 0.75 0.83515625 0.74609375 0.8390625 0.7328125 0.83515625 0.7015625 0.8234375 0.66640625 0.821875 0.64375 0.81875 0.634375 0.8140625 0.63203125 0.8125 0.63203125 0.79140625 0.63515625 0.7546875 0.63359375 0.746875 0.63671875 0.7421875 0.6421875
5 0.6796875 0.5453125 0.67578125 0.571875 0.66875 0.575 0.67421875 0.5796875 0.67578125 0.5859375 0.6828125 0.59375 0.6828125 0.6046875 0.68515625 0.6140625 0.68828125 0.61640625 0.72890625 0.615625 0.73046875 0.61015625 0.7421875 0.609375 0.75078125 0.60390625 0.74921875 0.59375 0.7375 0.56484375 0.73828125 0.546875 0.734375 0.53828125 0.72578125 0.52890625 0.7359375 0.50625 0.73046875 0.4984375 0.71875 0.49375 0.71484375 0.49375 0.70625 0.50078125 0.70078125 0.5109375 0.69140625 0.51640625 0.6796875 0.5453125
5 0.33515625 0.5953125 0.31796875 0.60703125 0.31171875 0.61640625 0.30703125 0.64140625 0.35625 0.64140625 0.365625 0.64921875 0.3734375 0.63984375 0.3859375 0.63359375 0.3875 0.61171875 0.38125 0.60546875 0.37734375 0.5953125 0.3671875 0.5859375 0.36328125 0.56796875 0.35234375 0.5625 0.35078125 0.5625 0.3390625 0.56484375 0.33359375 0.5703125 0.33125 0.578125 0.33515625 0.5953125
5 0.36953125 0.703125 0.3796875 0.703125 0.38359375 0.7078125 0.384375 0.7390625 0.378125 0.76015625 0.3859375 0.76328125 0.4015625 0.759375 0.4140625 0.75234375 0.41484375 0.7484375 0.40625 0.73671875 0.40625 0.73203125 0.4125 0.72578125 0.4125 0.7171875 0.4078125 0.69453125 0.40859375 0.6796875 0.40546875 0.6734375 0.40078125 0.6703125 0.3765625 0.66953125 0.37578125 0.66953125 0.37109375 0.671875 0.36875 0.6796875 0.3671875 0.7 0.36953125 0.703125
5 0.3578125 0.73671875 0.365625 0.7359375 0.36953125 0.73046875 0.36875 0.72734375 0.365625 0.72734375 0.3640625 0.73359375 0.359375 0.734375 0.35546875 0.7265625 0.35546875 0.72578125 0.34765625 0.72734375 0.3453125 0.74453125 0.3546875 0.7453125 0.3578125 0.73671875
0 0.4421875 0.63125 0.49375 0.63046875 0.515625 0.6203125 0.51484375 0.61484375 0.49453125 0.60625 0.48359375 0.59609375 0.46640625 0.5921875 0.46328125 0.5921875 0.4390625 0.5953125 0.43203125 0.5984375 0.4296875 0.61328125 0.4421875 0.63125
0 0.61953125 0.56875 0.65859375 0.57109375 0.6515625 0.5625 0.6265625 0.5484375 0.622265625 0.5484375 0.61484375 0.54921875 0.61328125 0.5515625 0.61328125 0.55859375 0.61953125 0.56875
4 0.6046875 0.6203125 0.60546875 0.615625 0.59921875 0.6125 0.596875 0.6125 0.59375 0.6140625 0.5921875 0.61953125 0.59765625 0.621875 0.6046875 0.6203125
4 0.4046875 0.6234375 0.40546875 0.60546875 0.4015625 0.60234375 0.4 0.60234375 0.3953125 0.60546875 0.39609375 0.62734375 0.40234375 0.62734375 0.4046875 0.6234375
3 0.29375 0.58359375 0.30078125 0.57109375 0.29453125 0.56875 0.290625 0.56875 0.28046875 0.57109375 0.275 0.57890625 0.27578125 0.584375 0.29375 0.58359375
3 0.4734375 0.575 0.49140625 0.575 0.4953125 0.56953125 0.49453125 0.5625 0.4921875 0.55390625 0.4875 0.55234375 0.4834375 0.55234375 0.465625 0.553125 0.4625 0.5578125 0.46328125 0.56953125 0.4734375 0.575