2 0 0.775 0.0078125 0.77421875 0.01484375 0.76875 0.02578125 0.76953125 0.03203125 0.775 0.05390625 0.775 0.06796875 0.76875 0.09921875 0.76328125 0.10625 0.7640625 0.11484375 0.76875 0.15078125 0.76328125 0.15546875 0.75078125 0.1578125 0.71953125 0.15546875 0.7171875 0.153125 0.70234375 0.1546875 0.671875 0.1515625 0.66640625 0.13359375 0.6515625 0.12109375 0.6453125 0.08125 0.64296875 0.0671875 0.64453125 0.0515625 0.6421875 0.04921875 0.6421875 0.03671875 0.6453125 0.0265625 0.65546875 0.02109375 0.6625 0.00546875 0.69609375 0.0046875 0.70546875 0 0.71171875 0 0.775
2 0.74140625 0.64296875 0.7375 0.6546875 0.7328125 0.659375 0.728125 0.6828125 0.73125 0.7234375 0.73984375 0.75390625 0.7515625 0.75390625 0.75625 0.74296875 0.75546875 0.72578125 0.7578125 0.71796875 0.7765625 0.71484375 0.79296875 0.7171875 0.8109375 0.7140625 0.81171875 0.728125 0.81953125 0.75078125 0.81796875 0.765625 0.82265625 0.76640625 0.82109375 0.75078125 0.83515625 0.74609375 0.83984375 0.72890625 0.83515625 0.7015625 0.8234375 0.6671875 0.82421875 0.6578125 0.821875 0.6546875 0.82109375 0.63984375 0.81875 0.634375 0.81484375 0.63203125 0.81015625 0.63203125 0.79140625 0.63515625 0.753125 0.634375 0.74609375 0.6375 0.74140625 0.64296875
5 0.66953125 0.546875 0.67578125 0.56484375 0.6734375 0.57734375 0.675 0.58515625 0.690625 0.58359375 0.69453125 0.57890625 0.69453125 0.5734375 0.6984375 0.56953125 0.70625 0.5671875 0.7125 0.55 0.71875 0.55625 0.72578125 0.55703125 0.72109375 0.53984375 0.7125 0.521875 0.703125 0.51171875 0.6984375 0.49765625 0.69375 0.49453125 0.68828125 0.49453125 0.68515625 0.49609375 0.68046875 0.51171875 0.6703125 0.5265625 0.66953125 0.546875
5 0.38671875 0.53515625 0.3828125 0.54453125 0.3828125 0.55703125 0.38046875 0.5609375 0.3859375 0.57734375 0.38125 0.59765625 0.38203125 0.6078125 0.38359375 0.61171875 0.39140625 0.615625 0.3953125 0.60546875 0.4015625 0.603125 0.40625 0.61640625 0.41875 0.6171875 0.42265625 0.615625 0.42265625 0.61328125 0.41796875 0.5984375 0.41796875 0.590625 0.42734375 0.5765625 0.42578125 0.56953125 0.42109375 0.5640625 0.41875 0.5390625 0.41328125 0.5296875 0.4203125 0.51953125 0.42265625 0.5046875 0.40859375 0.49609375 0.40546875 0.49609375 0.4 0.5 0.39453125 0.51484375 0.3859375 0.5234375 0.38671875 0.53515625
4 0.60625 0.61640625 0.59921875 0.6125 0.59609375 0.6125 0.5921875 0.6171875 0.59375 0.62109375 0.6046875 0.6203125 0.60625 0.61640625
4 0.40546875 0.609375 0.40234375 0.603125 0.396875 0.603125 0.39609375 0.6265625 0.40078125 0.628125 0.40546875 0.61796875 0.40546875 0.609375
0 0.440625 0.63046875 0.4828125 0.63203125 0.49609375 0.6296875 0.515625 0.6203125 0.5140625 0.6140625 0.49453125 0.60625 0.484375 0.59453125 0.46640625 0.5921875 0.465625 0.5921875 0.43828125 0.5953125 0.43046875 0.6 0.43046875 0.61484375 0.440625 0.63046875
0 0.61953125 0.56875 0.65234375 0.56953125 0.65546875 0.57265625 0.659375 0.57265625 0.65078125 0.5625 0.6265625 0.5484375 0.622265625 0.5484375 0.61484375 0.54921875 0.61328125 0.55234375 0.61328125 0.55859375 0.61953125 0.56875
1 0.33125 0.62578125 0.36328125 0.6265625 0.37109375 0.61796875 0.37109375 0.6140625 0.36796875 0.61171875 0.36390625 0.61171875 0.340625 0.61328125 0.33125 0.61640625 0.3265625 0.621875 0.33125 0.62578125
3 0.29375 0.58359375 0.30078125 0.571875 0.3 0.56953125 0.29453125 0.56875 0.290625 0.56875 0.28046875 0.57109375 0.275 0.57890625 0.27578125 0.584375 0.29375 0.58359375
3 0.47265625 0.575 0.49140625 0.575 0.49453125 0.5703125 0.49453125 0.5640625 0.4921875 0.55390625 0.48828125 0.55234375 0.4840625 0.55234375 0.4671875 0.55234375 0.46328125 0.55703125 0.4625 0.56875 0.47265625 0.575