2 0 0.775 0.00703125 0.77421875 0.01484375 0.76875 0.0234375 0.76875 0.03671875 0.77578125 0.05546875 0.775 0.06875 0.76875 0.1015625 0.76328125 0.1140625 0.76875 0.15078125 0.76328125 0.15546875 0.75078125 0.15625 0.728125 0.15390625 0.7171875 0.1546875 0.67109375 0.15078125 0.665625 0.13671875 0.65390625 0.12265625 0.64609375 0.05078125 0.64296875 0.05 0.6421875 0.03671875 0.6453125 0.028125 0.65390625 0.02109375 0.6625 0.0046875 0.69609375 0.00390625 0.70546875 0 0.709375 0 0.775
2 0.728125 0.675 0.73046875 0.71796875 0.73828125 0.75078125 0.7375 0.76796875 0.74140625 0.76796875 0.74140625 0.75625 0.753125 0.75234375 0.75625 0.74296875 0.7546875 0.728125 0.75703125 0.71953125 0.7609375 0.7171875 0.7875 0.71484375 0.79296875 0.71796875 0.803125 0.7140625 0.8109375 0.7140625 0.81171875 0.72734375 0.81875 0.7484375 0.821875 0.75 0.83515625 0.74609375 0.8390625 0.73359375 0.83828125 0.7171875 0.82421875 0.6671875 0.821875 0.64375 0.81875 0.634375 0.8140625 0.63203125 0.81171875 0.63203125 0.796875 0.63515625 0.753125 0.634375 0.7421875 0.64296875 0.728125 0.675
4 0.60625 0.61640625 0.59921875 0.6125 0.59609375 0.6125 0.5921875 0.61640625 0.59296875 0.61953125 0.60546875 0.61953125 0.60625 0.61640625
4 0.40390625 0.62421875 0.40546875 0.60625 0.40234375 0.60234375 0.39765625 0.60234375 0.39453125 0.60625 0.396875 0.62734375 0.4015625 0.62734375 0.40390625 0.62421875
0 0.44296875 0.63125 0.4921875 0.63046875 0.515625 0.61953125 0.515625 0.61640625 0.51171875 0.61328125 0.509375 0.6140625 0.51015625 0.61796875 0.50703125 0.61953125 0.50703125 0.6140625 0.484375 0.596875 0.46640625 0.5921875 0.4640625 0.5921875 0.4453125 0.59453125 0.43046875 0.60078125 0.43046875 0.615625 0.44296875 0.63125
0 0.653125 0.5703125 0.65625 0.57421875 0.66015625 0.57265625 0.65 0.5609375 0.6390625 0.55625 0.63359375 0.55078125 0.6234375 0.54765625 0.62109375 0.54765625 0.6140625 0.54921875 0.61171875 0.55390625 0.61953125 0.56953125 0.653125 0.5703125
5 0.878125 0.60078125 0.871875 0.60546875 0.86953125 0.61796875 0.878125 0.628125 0.8921875 0.6328125 0.8984375 0.640625 0.925 0.65390625 0.92890625 0.6609375 0.94609375 0.678125 0.928125 0.6828125 0.92421875 0.6875 0.9234375 0.6953125 0.93671875 0.71328125 0.94296875 0.725 0.9421875 0.72734375 0.95234375 0.73828125 0.98125 0.7359375 0.9828125 0.72890625 0.9875 0.734375 0.99921875 0.73515625 0.99921875 0.6359375 0.984375 0.625 0.98046875 0.61875 0.96328125 0.60703125 0.95234375 0.60390625 0.94453125 0.59765625 0.93515625 0.596875 0.93125 0.596875 0.91875 0.59765625 0.9078125 0.6046875 0.890625 0.59921875 0.878125 0.60078125
5 0.41484375 0.6 0.4265625 0.59609375 0.4296875 0.59140625 0.428125 0.58515625 0.39921875 0.56484375 0.39296875 0.56484375 0.37265625 0.57734375 0.36796875 0.596875 0.4078125 0.59765625 0.41484375 0.6
3 0.471875 0.575 0.4921875 0.575 0.4953125 0.56875 0.49375 0.559375 0.4921875 0.5546875 0.4875 0.55234375 0.48359375 0.55234375 0.46640625 0.553125 0.4625 0.5578125 0.46328125 0.56953125 0.471875 0.575
3 0.275 0.584375 0.2875 0.58515625 0.2953125 0.5828125 0.30078125 0.57109375 0.29453125 0.56875 0.290234375 0.56875 0.2796875 0.57109375 0.278125 0.5765625 0.27421875 0.57890625 0.275 0.584375
1 0.325 0.62578125 0.365625 0.62578125 0.37109375 0.6171875 0.36953125 0.61171875 0.365625 0.61171875 0.34296875 0.6125 0.33203125 0.615625 0.325 0.621875 0.325 0.62578125