2 0 0.77421875 0.00703125 0.77421875 0.01328125 0.76953125 0.02265625 0.76875 0.03203125 0.775 0.05390625 0.775 0.065625 0.76953125 0.096875 0.7640625 0.10546875 0.7640625 0.1125 0.76796875 0.1234375 0.76796875 0.15078125 0.76328125 0.1546875 0.7578125 0.15625 0.725 0.15234375 0.7015625 0.15390625 0.67109375 0.15 0.665625 0.13671875 0.65390625 0.1234375 0.64609375 0.05078125 0.6421875 0.05 0.6421875 0.03671875 0.6453125 0.02109375 0.6625 0.00546875 0.69609375 0.0046875 0.7046875 0 0.709375 0 0.77421875
3 0.2875 0.58515625 0.2953125 0.5828125 0.30078125 0.571875 0.29609375 0.56875 0.291015625 0.56875 0.28125 0.5703125 0.275 0.57890625 0.275 0.584375 0.2875 0.58515625
1 0.32421875 0.625 0.365625 0.62578125 0.37109375 0.61796875 0.37109375 0.61328125 0.36875 0.61171875 0.364375 0.61171875 0.346875 0.61171875 0.3328125 0.61484375 0.32421875 0.621875 0.32421875 0.625
0 0.44140625 0.63125 0.49453125 0.63046875 0.515625 0.62109375 0.51640625 0.615625 0.5140625 0.61328125 0.49375 0.60703125 0.4875 0.60234375 0.48828125 0.6 0.478125 0.59375 0.465625 0.59140625 0.46171875 0.58828125 0.46171875 0.5876953125 0.459375 0.58828125 0.46015625 0.590625 0.45703125 0.59375 0.42890625 0.5984375 0.43046875 0.61484375 0.43515625 0.625 0.44140625 0.63125
0 0.65546875 0.56796875 0.65078125 0.56171875 0.6265625 0.5484375 0.622265625 0.5484375 0.6140625 0.55 0.6125 0.55703125 0.61953125 0.56875 0.65546875 0.56796875
5 0.7171875 0.53359375 0.7125 0.53984375 0.70625 0.55859375 0.70390625 0.57578125 0.70859375 0.584375 0.71796875 0.5875 0.71953125 0.60703125 0.7234375 0.615625 0.7546875 0.6140625 0.7640625 0.57578125 0.7640625 0.55625 0.7609375 0.53984375 0.75625 0.53203125 0.74765625 0.528125 0.7421875 0.5203125 0.74453125 0.51484375 0.74375 0.50703125 0.7375 0.49921875 0.73125 0.49921875 0.7234375 0.50625 0.7234375 0.51796875 0.72734375 0.528125 0.7171875 0.53359375
5 0.46640625 0.596875 0.47578125 0.5953125 0.4890625 0.59921875 0.49296875 0.5890625 0.48984375 0.575 0.4671875 0.5578125 0.465625 0.5578125 0.4578125 0.5609375 0.446875 0.57578125 0.446875 0.59375 0.46640625 0.596875
3 0.4734375 0.5625 0.49140625 0.575 0.49609375 0.56875 0.49140625 0.55234375 0.486875 0.55234375 0.46875 0.55234375 0.465625 0.55390625 0.46328125 0.56015625 0.4734375 0.5625
2 0.74140625 0.64296875 0.7390625 0.653125 0.7328125 0.66015625 0.728125 0.68359375 0.73125 0.72265625 0.740625 0.75625 0.74140625 0.75390625 0.7515625 0.7546875 0.753125 0.75234375 0.75546875 0.74453125 0.75625 0.71953125 0.771875 0.71484375 0.7875 0.71484375 0.79375 0.7171875 0.809375 0.7140625 0.81328125 0.73359375 0.81953125 0.74921875 0.83515625 0.74609375 0.8390625 0.73203125 0.8359375 0.70546875 0.825 0.67109375 0.82109375 0.64140625 0.81796875 0.63359375 0.8140625 0.6328125 0.81328125 0.63203125 0.79296875 0.63515625 0.753125 0.634375 0.74609375 0.6375 0.74140625 0.64296875
4 0.6046875 0.6203125 0.60625 0.61640625 0.5984375 0.6125 0.59765625 0.6125 0.59453125 0.61328125 0.59296875 0.61953125 0.5984375 0.621875 0.6046875 0.6203125
4 0.40546875 0.62890625 0.40859375 0.62734375 0.4078125 0.603125 0.403125 0.603125 0.40078125 0.60390625 0.3984375 0.6125 0.4 0.62734375 0.40546875 0.62890625