2 0 0.77421875 0.00703125 0.77421875 0.01484375 0.76875 0.02421875 0.76875 0.03203125 0.77421875 0.0484375 0.775 0.06796875 0.76875 0.1 0.76328125 0.11796875 0.76875 0.15234375 0.7625 0.15546875 0.75078125 0.15625 0.728125 0.153125 0.6875 0.1546875 0.671875 0.15234375 0.66796875 0.13671875 0.65390625 0.1234375 0.64609375 0.0609375 0.64296875 0.05598984375 0.64296875 0.040625 0.64375 0.0328125 0.6484375 0.021875 0.66171875 0.0046875 0.69765625 0.0046875 0.7046875 0 0.71015625 0 0.77421875
2 0.74140625 0.64375 0.7296875 0.6703125 0.728125 0.6828125 0.73125 0.7234375 0.740625 0.75859375 0.74296875 0.75390625 0.75078125 0.7546875 0.753125 0.75234375 0.75703125 0.71953125 0.76484375 0.71640625 0.7875 0.71484375 0.79375 0.7171875 0.81015625 0.7140625 0.8125 0.7171875 0.8125 0.73125 0.81875 0.74921875 0.82421875 0.75 0.83515625 0.74609375 0.8390625 0.73203125 0.83828125 0.71796875 0.8328125 0.69140625 0.825 0.67109375 0.8203125 0.6390625 0.81796875 0.63359375 0.8140625 0.63203125 0.8109375 0.63203125 0.79453125 0.63515625 0.753125 0.634375 0.7453125 0.63828125 0.74140625 0.64375
5 0.709375 0.51328125 0.70859375 0.51875 0.69453125 0.528125 0.6890625 0.54140625 0.68828125 0.56640625 0.690625 0.575 0.6984375 0.58515625 0.71484375 0.590625 0.715625 0.615625 0.734375 0.615625 0.73515625 0.59921875 0.7390625 0.584375 0.73828125 0.56640625 0.74140625 0.56328125 0.74765625 0.571875 0.7546875 0.5734375 0.7546875 0.565625 0.75078125 0.5515625 0.7390625 0.5296875 0.7203125 0.51796875 0.72421875 0.51328125 0.725 0.50546875 0.721875 0.4984375 0.71796875 0.49609375 0.7109375 0.49609375 0.70625 0.5 0.70546875 0.50390625 0.70546875 0.50859375 0.709375 0.51328125
5 0.4734375 0.5953125 0.48515625 0.6 0.48984375 0.59921875 0.49296875 0.58828125 0.48984375 0.57578125 0.47421875 0.5625 0.465625 0.559375 0.4625 0.559375 0.4578125 0.56171875 0.4453125 0.5796875 0.446875 0.59453125 0.4734375 0.5953125
3 0.4921875 0.575 0.49609375 0.5671875 0.49296875 0.553125 0.490625 0.55234375 0.48671875 0.55234375 0.4671875 0.55234375 0.46328125 0.5609375 0.47421875 0.56328125 0.4921875 0.575
3 0.29375 0.58359375 0.3 0.57421875 0.3 0.5703125 0.29453125 0.56875 0.28984375 0.56875 0.27890625 0.57109375 0.275 0.578125 0.2765625 0.584375 0.29375 0.58359375
1 0.36484375 0.62578125 0.37109375 0.61796875 0.37109375 0.6140625 0.36875 0.61171875 0.36015625 0.6109375 0.35703125 0.6109375 0.33125 0.615625 0.32421875 0.621875 0.3234375 0.62578125 0.36484375 0.62578125
4 0.4078125 0.62421875 0.4078125 0.60390625 0.4015625 0.60390625 0.3984375 0.6109375 0.40078125 0.62734375 0.4046875 0.62734375 0.4078125 0.62421875
4 0.60546875 0.61953125 0.60625 0.61640625 0.59921875 0.6125 0.5984375 0.61171875 0.59375 0.61328125 0.59140625 0.61875 0.59609375 0.62109375 0.60546875 0.61953125
0 0.65625 0.56875 0.65 0.5609375 0.6265625 0.5484375 0.621875 0.5484375 0.61328125 0.55 0.61171875 0.55703125 0.61953125 0.56875 0.65625 0.56875
0 0.4484375 0.59375 0.42890625 0.59921875 0.4296875 0.61484375 0.4421875 0.63125 0.4890625 0.63125 0.515625 0.6203125 0.51328125 0.61328125 0.5015625 0.6109375 0.48046875 0.59609375 0.465625 0.5921875 0.46640625 0.58828125 0.46328125 0.5875 0.46328125 0.584375 0.459375 0.584375 0.4625 0.5875 0.459375 0.58828125 0.4578125 0.59375 0.4484375 0.59375