2 1 0.58782061328125 0.998430720703125 0.585581912109375 0.98465638671875 0.57352576171875 0.975435154296875 0.570240330078125 0.961680525390625 0.571627861328125 0.956793783203125 0.572401845703125 0.898516431640625 0.584005037109375 0.889096294921875 0.589451982421875 0.871478162109375 0.6080621875 0.868070517578125 0.6165117890625 0.8742579296875 0.645589357421875 0.876786087890625 0.666545623046875 0.875082265625 0.670770423828125 0.880903033203125 0.69753309765625 0.886105548828125 0.70540997265625 0.92399936328125 0.7049451015625 0.934718333984375 0.697710462890625 0.968753990234375 0.6978566640625 0.984392705078125 0.701707642578125 1 0.699235689453125 1 0.58782061328125
2 0.204903568359375 0.69939944140625 0.20758510546875 0.70134769140625 0.204460234375 0.706588552734375 0.206576224609375 0.71495428515625 0.2003791875 0.7507392890625 0.20030967578125 0.7752709375 0.20177625 0.784530515625 0.207467623046875 0.795493916015625 0.22209027734375 0.797923845703125 0.222219671875 0.813723119140625 0.227498876953125 0.812095986328125 0.222861908203125 0.797801630859375 0.22533736328125 0.793454615234375 0.227683423828125 0.773308326171875 0.22585020703125 0.761733853515625 0.23332209375 0.758968447265625 0.243070529296875 0.760588400390625 0.2420999921875 0.769442990234375 0.245958150390625 0.76883191796875 0.243437171875 0.762903294921875 0.250420201171875 0.757051361328125 0.277916162109375 0.7558603828125 0.284256953125 0.7659299375 0.284791333984375 0.7792921015625 0.28934443359375 0.788062822265625 0.292919818359375 0.790660490234375 0.29897065625 0.78891114453125 0.301652193359375 0.79085939453125 0.302591564453125 0.801784451171875 0.30734356640625 0.801822794921875 0.302867158203125 0.783548068359375 0.306550396484375 0.756862083984375 0.302716224609375 0.7226658671875 0.304297833984375 0.717669435546875 0.30018806640625 0.701709603515625 0.29498555078125 0.693832728515625 0.28023350390625 0.675603525390625 0.27101226953125 0.672318095703125 0.233324541015625 0.679078232421875 0.211738029296875 0.680124234375 0.207494056640625 0.6807964140625 0.204697484375 0.693104173828125 0.204903568359375 0.69939944140625
5 0.08893121875 0.666353412109375 0.069884859375 0.67095203515625 0.067409404296875 0.67529905078125 0.044917056640625 0.693099279296875 0.038789529296875 0.7043526328125 0.027948341796875 0.710815638671875 0.0332035625 0.743995794921875 0.044051927734375 0.7525604296875 0.04287530859375 0.75511975390625 0.048238384765625 0.759016255859375 0.050888755859375 0.780744154296875 0.05499134375 0.78167634375 0.063067123046875 0.767741453125 0.07443551171875 0.75961296875 0.09757009765625 0.725891251953125 0.119695802734375 0.70577612890625 0.122820673828125 0.700535267578125 0.12354678125 0.6901374140625 0.13077423828125 0.685828744140625 0.136657337890625 0.673032126953125 0.13620682421875 0.66519359765625 0.1300721171875 0.661419310546875 0.11878041796875 0.66004378515625 0.106029326171875 0.664436326171875 0.10541825390625 0.66057816796875 0.09863412890625 0.6576977265625 0.09477597265625 0.658308798828125 0.090390611328125 0.66058534765625 0.08893121875 0.666353412109375
5 0.60065475390625 0.521234306640625 0.602365755859375 0.5320371484375 0.588483568359375 0.549264650390625 0.582562125 0.56681326953125 0.5836620546875 0.573757953125 0.587726296875 0.5794421484375 0.603487224609375 0.5840647578125 0.5973213515625 0.600070115234375 0.59935347265625 0.602912212890625 0.61080573046875 0.600307365234375 0.613357875 0.586456341796875 0.646049171875 0.578114595703125 0.653192759765625 0.568282291015625 0.644002693359375 0.54521721484375 0.632054396484375 0.52970789453125 0.621289900390625 0.526666892578125 0.61831841015625 0.512899740234375 0.6099910234375 0.5102637265625 0.608447759765625 0.51050815625 0.6026413515625 0.513800765625 0.60065475390625 0.521234306640625
3 0.51542300390625 0.562418283203125 0.517416779296875 0.570012384765625 0.521114376953125 0.57338168359375 0.5387396875 0.56979912109375 0.54726598046875 0.5637027578125 0.545959966796875 0.55046280859375 0.541490736328125 0.54721572265625 0.525935890625 0.54888837890625 0.5213061015625 0.549621666015625 0.51627132421875 0.5527920625 0.51542300390625 0.562418283203125
3 0.71065295703125 0.54652567578125 0.716016033203125 0.550422177734375 0.7353068203125 0.547366818359375 0.735345166015625 0.542614814453125 0.72859938671875 0.534982369140625 0.71472254296875 0.535598267578125 0.710607431640625 0.536250037109375 0.70711591796875 0.53917600390625 0.71065295703125 0.54652567578125
0 0.512846873046875 0.61107659375 0.503304521484375 0.61575190625 0.503388390625 0.62127554296875 0.51468008984375 0.62265106640625 0.522480275390625 0.626952556640625 0.537630130859375 0.627717009765625 0.577632755859375 0.6205902265625 0.582300890625 0.6151049375 0.586762939453125 0.603324380859375 0.58431865234375 0.58789175 0.56880215234375 0.584812404296875 0.5504243828125 0.5861411796875 0.54540877734375 0.58693557421875 0.53123663671875 0.592344173828125 0.512846873046875 0.61107659375
0 0.357077982421875 0.59145261328125 0.392695248046875 0.586602380859375 0.39727951171875 0.575593455078125 0.397073427734375 0.569298189453125 0.395041306640625 0.566456091796875 0.386816962890625 0.5669677109375 0.381801357421875 0.56776210546875 0.36215110546875 0.583530212890625 0.357077982421875 0.59145261328125
4 0.414528552734375 0.6345585703125 0.42183987890625 0.635773533203125 0.42687465625 0.632603138671875 0.428173490234375 0.630815447265625 0.422688201171875 0.6261473125 0.419601673828125 0.626636169921875 0.4132680625 0.6315942578125 0.414528552734375 0.6345585703125
4 0.613448923828125 0.607007619140625 0.616374890625 0.610499134765625 0.621898525390625 0.610415263671875 0.62217412109375 0.5921788828125 0.619653142578125 0.5862502578125 0.6163221875 0.585195853515625 0.61400729296875 0.58556249609375 0.61076020703125 0.5900317265625 0.613448923828125 0.607007619140625
1 0.653168775390625 0.603089578125 0.69329361328125 0.596734427734375 0.692804755859375 0.59364790234375 0.68321687890625 0.588047578125 0.66794480859375 0.586511494140625 0.65066026171875 0.58924909765625 0.646339126953125 0.589933498046875 0.645773578125 0.596350978515625 0.653168775390625 0.603089578125