3 0.275 0.58359375 0.29296875 0.584375 0.29921875 0.578125 0.30078125 0.5703125 0.296875 0.56875 0.29140625 0.56875 0.28046875 0.5703125 0.278125 0.5765625 0.27421875 0.57890625 0.275 0.58359375
3 0.4734375 0.575 0.49140625 0.575 0.49609375 0.56875 0.4921875 0.553125 0.48828125 0.55234375 0.4840625 0.55234375 0.465625 0.553125 0.4625 0.5578125 0.46328125 0.56953125 0.4734375 0.575
2 0 0.775 0.00703125 0.77421875 0.01484375 0.76875 0.0234375 0.76875 0.03359375 0.775 0.05390625 0.775 0.065625 0.76953125 0.0984375 0.76328125 0.10625 0.7640625 0.1140625 0.76875 0.15078125 0.76328125 0.15390625 0.759375 0.15625 0.7390625 0.153125 0.70234375 0.15390625 0.6703125 0.13671875 0.65390625 0.12421875 0.64609375 0.05234375 0.6421875 0.04921875 0.6421875 0.034375 0.646875 0.02109375 0.6625 0.00546875 0.6953125 0.00390625 0.70625 0 0.709375 0 0.775
2 0.74140625 0.64296875 0.7328125 0.659375 0.728125 0.6828125 0.73046875 0.68984375 0.72890625 0.70390625 0.73125 0.721875 0.740625 0.75546875 0.75078125 0.7546875 0.75234375 0.75234375 0.75546875 0.74453125 0.75546875 0.7265625 0.7578125 0.71953125 0.7796875 0.71484375 0.79296875 0.7171875 0.8109375 0.7140625 0.8125 0.73046875 0.81796875 0.746875 0.8203125 0.74921875 0.8265625 0.74921875 0.83515625 0.74609375 0.8390625 0.73359375 0.83828125 0.7171875 0.82421875 0.6671875 0.82421875 0.65703125 0.821875 0.6546875 0.8234375 0.64921875 0.81796875 0.63359375 0.8140625 0.63203125 0.8109375 0.63203125 0.7921875 0.63515625 0.753125 0.634375 0.74609375 0.6375 0.74140625 0.64296875
5 0.7234375 0.52421875 0.7125 0.53671875 0.71171875 0.5578125 0.70703125 0.57265625 0.70859375 0.584375 0.70390625 0.59453125 0.71015625 0.5984375 0.734375 0.59765625 0.73671875 0.6 0.7359375 0.6140625 0.75703125 0.61484375 0.75859375 0.5890625 0.76484375 0.57890625 0.7640625 0.57421875 0.76796875 0.5671875 0.7671875 0.55703125 0.7578125 0.53515625 0.7390625 0.51328125 0.73671875 0.50078125 0.7296875 0.49609375 0.72734375 0.49609375 0.7203125 0.4984375 0.7140625 0.50546875 0.71640625 0.515625 0.7234375 0.52421875
5 0.678125 0.54453125 0.67734375 0.57734375 0.68203125 0.584375 0.69609375 0.584375 0.70390625 0.5875 0.70703125 0.584375 0.70390625 0.57578125 0.71015625 0.56171875 0.71171875 0.5359375 0.7 0.51640625 0.69453125 0.5125 0.6890625 0.5125 0.68125 0.51796875 0.6828125 0.525 0.68203125 0.53515625 0.678125 0.54453125
4 0.60546875 0.6203125 0.60625 0.615625 0.6 0.61328125 0.5984375 0.61171875 0.59296875 0.61484375 0.5921875 0.61953125 0.59765625 0.621875 0.60546875 0.6203125
0 0.6546875 0.56875 0.64921875 0.5609375 0.63984375 0.55703125 0.63359375 0.55078125 0.62421875 0.54765625 0.61953125 0.54765625 0.6140625 0.54921875 0.6125 0.5546875 0.61953125 0.56875 0.6546875 0.56875
0 0.503125 0.5984375 0.4984375 0.6015625 0.48984375 0.60078125 0.4890625 0.5953125 0.49140625 0.59453125 0.4875 0.5953125 0.48828125 0.5921875 0.4625 0.590625 0.45546875 0.59453125 0.43515625 0.59609375 0.43046875 0.60078125 0.43046875 0.61484375 0.43671875 0.62578125 0.4453125 0.63203125 0.48046875 0.63203125 0.49609375 0.6296875 0.50546875 0.6234375 0.515625 0.6203125 0.515625 0.615625 0.503125 0.60390625 0.5046875 0.58828125 0.50078125 0.58828125 0.49296875 0.5921875 0.503125 0.59453125 0.50078125 0.59609375 0.503125 0.5984375
1 0.365625 0.62578125 0.37109375 0.61484375 0.3671875 0.61171875 0.36223984375 0.61171875 0.33125 0.615625 0.32578125 0.621875 0.3265625 0.62578125 0.365625 0.62578125
4 0.40390625 0.625 0.40546875 0.61796875 0.40390625 0.60234375 0.4 0.60234375 0.3953125 0.6046875 0.39609375 0.62421875 0.3984375 0.62734375 0.40390625 0.625