5 0.58757310546875 0.521819548828125 0.59036901953125 0.5312978984375 0.579809978515625 0.5426550625 0.569858201171875 0.581393849609375 0.571328037109375 0.606460416015625 0.575150111328125 0.608939064453125 0.578573125 0.600459609375 0.58161442578125 0.6029109921875 0.578835859375 0.61532158203125 0.58101458984375 0.6200880234375 0.59041114453125 0.619634431640625 0.595559298828125 0.60652486328125 0.600134880859375 0.60981155078125 0.6036843046875 0.62009794140625 0.61932705078125 0.619862470703125 0.623022716796875 0.603575275390625 0.621951943359375 0.5894668125 0.625412140625 0.55753687109375 0.614682076171875 0.529020025390625 0.6101882890625 0.523391015625 0.611487103515625 0.508583572265625 0.603143974609375 0.5012566875 0.599240103515625 0.501120361328125 0.588036615234375 0.508546390625 0.58757310546875 0.521819548828125
5 0.30558725390625 0.49321095703125 0.303507666015625 0.507991134765625 0.29459196875 0.517060505859375 0.289580140625 0.526266203125 0.28596626953125 0.540211076171875 0.2934195625 0.550633791015625 0.29954677734375 0.57664472265625 0.3221346953125 0.578996962890625 0.326873869140625 0.577599005859375 0.328544478515625 0.57453044140625 0.3304332109375 0.565215681640625 0.33447340625 0.561448138671875 0.33480058984375 0.552078849609375 0.343716287109375 0.5430094765625 0.34555048828125 0.535256267578125 0.336835564453125 0.516190505859375 0.329999453125 0.510479701171875 0.322927875 0.4891261484375 0.3152291953125 0.4857303984375 0.314421154296875 0.486483908203125 0.30968198046875 0.487881865234375 0.30558725390625 0.49321095703125
2 0.1750294140625 0.627799041015625 0.1729225625 0.6433599921875 0.170471177734375 0.64640129296875 0.17095203515625 0.65501707421875 0.1543996171875 0.70368780078125 0.152964478515625 0.722399115234375 0.156459369140625 0.734247052734375 0.171938525390625 0.7386962265625 0.179647123046875 0.71942226171875 0.181000466796875 0.703053271484375 0.199629984375 0.706830732421875 0.21532726171875 0.70503371484375 0.23242249609375 0.707975873046875 0.235463796875 0.710427255859375 0.23680722265625 0.716727978515625 0.23539934765625 0.734658517578125 0.23822252734375 0.74335609375 0.240483052734375 0.7457802109375 0.249852341796875 0.74610739453125 0.25200380859375 0.751654609375 0.24866258984375 0.757791740234375 0.25173115625 0.759462349609375 0.253701681640625 0.74780526953125 0.25144115625 0.745381150390625 0.26106575 0.716011654296875 0.263854232421875 0.680931349609375 0.267168185546875 0.6755749921875 0.26493492578125 0.672370099609375 0.265343904296875 0.66065848828125 0.255040166015625 0.64231897265625 0.253751271484375 0.634456701171875 0.249257482421875 0.62882769140625 0.237682197265625 0.624514841796875 0.202492833984375 0.624849455078125 0.18308254296875 0.6210447265625 0.181520994140625 0.620990197265625 0.17756259375 0.622415419921875 0.1750294140625 0.627799041015625
2 0.944763599609375 0.65780565625 0.943955560546875 0.658559166015625 0.871234509765625 0.659146595703125 0.844033826171875 0.67695815625 0.83913105859375 0.683040755859375 0.839601998046875 0.71432625 0.8356064140625 0.7392019609375 0.835569232421875 0.762652447265625 0.8398176328125 0.775308423828125 0.87085773828125 0.781864453125 0.884294490234375 0.77764331640625 0.894444552734375 0.777997765625 0.92548466015625 0.78455379296875 0.936224640625 0.790400923828125 0.956524765625 0.7911098203125 0.966892951171875 0.785218076171875 0.976262240234375 0.785545259765625 0.983098349609375 0.791256064453125 0.99012531640625 0.791501451171875 0.99233380078125 0.72825875 0.988593521484375 0.723437779296875 0.9881671953125 0.713260451171875 0.975122076171875 0.683881037109375 0.966216294921875 0.6702806953125 0.95792769921875 0.66139226171875 0.944763599609375 0.65780565625
0 0.49699090625 0.60855486328125 0.481157302734375 0.61425575 0.480185671875 0.619693904296875 0.5016928984375 0.63060739453125 0.55319672265625 0.633187673828125 0.565453638671875 0.617981169921875 0.566752453125 0.603173728515625 0.55135509375 0.59638223046875 0.532671044921875 0.59416631640625 0.527205626953125 0.5939754609375 0.513850671875 0.5958542734375 0.49699090625 0.60855486328125
0 0.338240951171875 0.565488333984375 0.341309517578125 0.567158943359375 0.344541673828125 0.564144908203125 0.378142224609375 0.5645365390625 0.384742865234375 0.55460459765625 0.38496098828125 0.548358404296875 0.3835085 0.54518077734375 0.37887838671875 0.543455638671875 0.373412966796875 0.54326478125 0.346348609375 0.55717247265625 0.338240951171875 0.565488333984375
4 0.391177427734375 0.61658566796875 0.39893063671875 0.618419869140625 0.403697078125 0.61624113671875 0.40232638671875 0.6107211875 0.3992578203125 0.609050580078125 0.396915498046875 0.608968783203125 0.389752205078125 0.612627267578125 0.391177427734375 0.61658566796875
3 0.503256935546875 0.563433556640625 0.5022853046875 0.5688717109375 0.505971052734375 0.57525423046875 0.524709630859375 0.575908595703125 0.53424251171875 0.5715511328125 0.535486794921875 0.55830523828125 0.5325000234375 0.55429230859375 0.516131033203125 0.55293896484375 0.511446388671875 0.552775373046875 0.50670721484375 0.554173330078125 0.503256935546875 0.563433556640625
3 0.7016726953125 0.58990554296875 0.709398640625 0.592520517578125 0.721918291015625 0.59217598828125 0.722889921875 0.586737833984375 0.71906784765625 0.584259185546875 0.716943646484375 0.577931197265625 0.7064577265625 0.576001568359375 0.7013826953125 0.575824345703125 0.696588990234375 0.578783849609375 0.7016726953125 0.58990554296875
1 0.63143772265625 0.631229552734375 0.664230234375 0.63237469140625 0.66896941015625 0.630976734375 0.67064001953125 0.627908169921875 0.664611947265625 0.621443853515625 0.64913279296875 0.6169946796875 0.633517310546875 0.616449375 0.629613439453125 0.616313048828125 0.623929900390625 0.622368384765625 0.63143772265625 0.631229552734375
4 0.590892001953125 0.6282502109375 0.5970291328125 0.6315914296875 0.599425986328125 0.630111677734375 0.600479412109375 0.622331201171875 0.600970185546875 0.608277267578125 0.59868239453125 0.606633923828125 0.59399775 0.606470333984375 0.5915463671875 0.6095116328125 0.590892001953125 0.6282502109375