2 0.941968396484375 0.650705115234375 0.937281611328125 0.650623306640625 0.873174330078125 0.652629787109375 0.843877076171875 0.6747781015625 0.841465509765625 0.678642853515625 0.84330441796875 0.70758560546875 0.83972994921875 0.733308388671875 0.84074682421875 0.7645808984375 0.844570671875 0.769335859375 0.881188384765625 0.77544460546875 0.8953441875 0.77022211328125 0.9288237421875 0.777057453125 0.941226396484375 0.782743525390625 0.96231693359375 0.783111662109375 0.97179958203125 0.77702623046875 0.9803920234375 0.777176212890625 0.988107890625 0.7827804765625 0.9951380703125 0.7829031875 0.996283384765625 0.71728818359375 0.99244590234375 0.71331435546875 0.99030703125 0.701556486328125 0.977505017578125 0.673985111328125 0.96911709765625 0.6621181640625 0.95834487890625 0.652553705078125 0.941968396484375 0.650705115234375
2 0.17650091015625 0.63499972265625 0.172912806640625 0.661503638671875 0.15800709765625 0.709688337890625 0.15688509765625 0.729202978515625 0.1605998671875 0.740206986328125 0.173810921875 0.7443444296875 0.17775748046875 0.7420692109375 0.1835117265625 0.72576090234375 0.185373951171875 0.7086032890625 0.202504294921875 0.71202777734375 0.218948951171875 0.709970712890625 0.23686042578125 0.713408833984375 0.241369958984375 0.723645345703125 0.239548638671875 0.73845956640625 0.241755685546875 0.746311779296875 0.24481203515625 0.75027197265625 0.2534044765625 0.750421955078125 0.25565242578125 0.755930775390625 0.25319995703125 0.762138919921875 0.257078341796875 0.76376935546875 0.25655626953125 0.748914232421875 0.264899333984375 0.71858646875 0.26704788671875 0.68502510546875 0.269473087890625 0.68037922265625 0.264427845703125 0.65606871875 0.260590365234375 0.652094890625 0.254600375 0.63714432421875 0.246898142578125 0.6307589296875 0.20784159375 0.630077193359375 0.187586724609375 0.62659816796875 0.182899939453125 0.626516359375 0.178967015625 0.62801044921875 0.17650091015625 0.63499972265625
5 0 0.7267657421875 0.038866142578125 0.731049794921875 0.04279906640625 0.729555705078125 0.052349890625 0.719564619140625 0.0572411953125 0.707929462890625 0.068395185546875 0.695622251953125 0.073245587890625 0.68633048828125 0.06951718359375 0.676107611328125 0.054730232421875 0.67272402734375 0.052414109375 0.671120861328125 0.05323614453125 0.668791103515625 0.0731734609375 0.645698041015625 0.099168939453125 0.633649888671875 0.104759568359375 0.62671515234375 0.11810696875 0.623041287109375 0.1268357578125 0.615379958984375 0.129383669921875 0.6037038984375 0.121722341796875 0.594975109375 0.1069217578125 0.592372658203125 0.090436197265625 0.596773115234375 0.084282591796875 0.59119612109375 0.065822833984375 0.589311166015625 0.0616570625 0.589238453125 0.05226985546875 0.589855966796875 0.048282392578125 0.594474580078125 0.034921357421875 0.598929576171875 0.017531955078125 0.610346578125 0 0.625863240234375 0 0.7267657421875
5 0.568747435546875 0.59027605859375 0.569446759765625 0.594976478515625 0.587262791015625 0.603882517578125 0.60140495703125 0.59944115625 0.62953930859375 0.599150873046875 0.6296892890625 0.59055843359375 0.62597451953125 0.57955442578125 0.601991248046875 0.565852521484375 0.6012101171875 0.56583888671875 0.57196740234375 0.5848626796875 0.568747435546875 0.59027605859375
0 0.50916332421875 0.60173791796875 0.491787556640625 0.6123737890625 0.4839489765625 0.613799703125 0.48227763671875 0.620021482421875 0.5094263359375 0.63143453125 0.556294197265625 0.632252611328125 0.567516359375 0.61603974609375 0.56776178515625 0.601979388671875 0.558470021484375 0.597128986328125 0.535899029296875 0.59204679296875 0.534336767578125 0.5920195234375 0.514740318359375 0.5955843125 0.50916332421875 0.60173791796875
0 0.359976982421875 0.55381445703125 0.34895933984375 0.558310357421875 0.34016237890625 0.569877341796875 0.34646596484375 0.56686189453125 0.379273466796875 0.567434552734375 0.387330201171875 0.553510541015625 0.386644513671875 0.54802898828125 0.380436369140625 0.545576517578125 0.374187322265625 0.54546744140625 0.366335107421875 0.547674486328125 0.359976982421875 0.55381445703125
4 0.393228701171875 0.618467126953125 0.400231611328125 0.6201521015625 0.40574043359375 0.617904150390625 0.40427361328125 0.61240896484375 0.401176359375 0.6107921640625 0.39883296484375 0.610751259765625 0.39173461328125 0.614534203125 0.393228701171875 0.618467126953125
1 0.627595275390625 0.6209952734375 0.63294048046875 0.62812089453125 0.663390955078125 0.629433779296875 0.669667271484375 0.62798059375 0.672065203125 0.624896974609375 0.66670636328125 0.618552482421875 0.64412173828125 0.614251421875 0.640216083984375 0.614183248046875 0.6269095859375 0.615513720703125 0.627595275390625 0.6209952734375
4 0.592458013671875 0.619600580078125 0.597762314453125 0.629069595703125 0.6017225078125 0.626013244140625 0.602844505859375 0.606498603515625 0.598198625 0.60407340234375 0.597417494140625 0.604059767578125 0.59266253515625 0.607883615234375 0.592458013671875 0.619600580078125
3 0.5043635078125 0.5633670546875 0.504213525390625 0.57195949609375 0.507269875 0.575919689453125 0.52681178515625 0.57547942578125 0.53469126953125 0.5717101171875 0.534963962890625 0.556087498046875 0.53111284765625 0.55289480078125 0.51705248828125 0.552649375 0.512365703125 0.552567568359375 0.507651646484375 0.554048021484375 0.5043635078125 0.5633670546875
3 0.700154697265625 0.582411982421875 0.705527171875 0.58797534375 0.723493185546875 0.58828894140625 0.723588626953125 0.5828210234375 0.71827069140625 0.574133140625 0.707752693359375 0.57238680859375 0.702675341796875 0.57229818359375 0.697934015625 0.575340900390625 0.700154697265625 0.582411982421875