2 1 0.709375 0.99609375 0.70546875 0.9953125 0.69765625 0.97890625 0.6625 0.97265625 0.6546875 0.9609375 0.64453125 0.94401015625 0.64296875 0.9390625 0.64296875 0.8765625 0.64609375 0.85625 0.659375 0.84609375 0.6703125 0.846875 0.70234375 0.84453125 0.7109375 0.84375 0.740625 0.84609375 0.75859375 0.84921875 0.76328125 0.88046875 0.76875 0.89453125 0.7640625 0.9046875 0.7640625 0.93359375 0.76953125 0.9375 0.7734375 0.94453125 0.775 0.9671875 0.775 0.97421875 0.76953125 0.984375 0.76875 0.9921875 0.77421875 1 0.775 1 0.709375
2 0.18046875 0.63671875 0.17734375 0.6484375 0.17890625 0.65390625 0.17578125 0.6578125 0.1765625 0.66640625 0.16796875 0.68828125 0.16171875 0.71484375 0.16015625 0.72890625 0.1640625 0.74453125 0.17890625 0.75078125 0.1765625 0.765625 0.18125 0.76640625 0.1828125 0.7625 0.18046875 0.75078125 0.1875 0.73125 0.18984375 0.7140625 0.20703125 0.7171875 0.22265625 0.71484375 0.2390625 0.7171875 0.24296875 0.71953125 0.246875 0.75078125 0.24921875 0.75390625 0.2578125 0.7546875 0.2609375 0.76015625 0.25859375 0.76171875 0.26015625 0.76796875 0.2625 0.76484375 0.2609375 0.7484375 0.2671875 0.73203125 0.27109375 0.70546875 0.271875 0.6828125 0.2671875 0.659375 0.25546875 0.6390625 0.25 0.63515625 0.20859375 0.63515625 0.1875 0.63203125 0.18671875 0.63203125 0.1828125 0.6328125 0.18046875 0.63671875
5 0.01484375 0.78046875 0.0171875 0.778125 0.01875 0.75859375 0.02734375 0.734375 0.02734375 0.72265625 0.03046875 0.71796875 0.03203125 0.67578125 0.05078125 0.6734375 0.0546875 0.66171875 0.04921875 0.6375 0.05078125 0.625 0.046875 0.61328125 0.04921875 0.5734375 0.0421875 0.55078125 0.034375 0.5421875 0.025 0.53671875 0.03671875 0.5171875 0.03671875 0.50703125 0.0328125 0.49921875 0.02265625 0.49140625 0.00703125 0.4875 0.00078125 0.4875 0.00078125 0.78046875 0.01484375 0.78046875
5 0.6375 0.51328125 0.640625 0.52578125 0.62734375 0.53125 0.6203125 0.53984375 0.6078125 0.5734375 0.61328125 0.5984375 0.6234375 0.60078125 0.64609375 0.6 0.653125 0.61171875 0.66171875 0.61484375 0.6640625 0.61171875 0.6640625 0.59375 0.67578125 0.5984375 0.68203125 0.59765625 0.6859375 0.5921875 0.68671875 0.58359375 0.67265625 0.54140625 0.65859375 0.528125 0.66171875 0.51328125 0.66015625 0.50625 0.64921875 0.50078125 0.6484375 0.50078125 0.64140625 0.50546875 0.6375 0.51328125
3 0.5078125 0.5546875 0.5046875 0.56953125 0.50859375 0.575 0.52578125 0.575 0.53828125 0.56875 0.5375 0.55703125 0.53046875 0.5515625 0.52890625 0.5515625 0.5125 0.55234375 0.5078125 0.5546875
3 0.70078125 0.578125 0.70703125 0.584375 0.72578125 0.58359375 0.72578125 0.57890625 0.71875 0.5703125 0.70859375 0.56875 0.70390625 0.56875 0.69921875 0.571875 0.70078125 0.578125
0 0.50859375 0.60234375 0.5015625 0.6015625 0.50390625 0.60390625 0.5015625 0.6078125 0.49296875 0.61328125 0.48515625 0.61484375 0.484375 0.6203125 0.4953125 0.6234375 0.50703125 0.63046875 0.55703125 0.63125 0.56953125 0.615625 0.56953125 0.6 0.56171875 0.5953125 0.53671875 0.59140625 0.5359375 0.59140625 0.51484375 0.59453125 0.50859375 0.60234375
0 0.34453125 0.56875 0.38046875 0.56875 0.38828125 0.55703125 0.38515625 0.54921875 0.378515625 0.5484375 0.37421875 0.5484375 0.34921875 0.56171875 0.34453125 0.56875
4 0.5953125 0.6234375 0.5984375 0.62734375 0.603125 0.62734375 0.6046875 0.60390625 0.60078125 0.60234375 0.5984375 0.60234375 0.5953125 0.60546875 0.5953125 0.6234375
1 0.62890625 0.61796875 0.634375 0.62578125 0.6375 0.6265625 0.665625 0.6265625 0.67265625 0.621875 0.67265625 0.61953125 0.66015625 0.61328125 0.6359375 0.61171875 0.63125 0.61171875 0.62890625 0.61328125 0.62890625 0.61796875
4 0.3953125 0.6203125 0.4015625 0.621875 0.40703125 0.61953125 0.40625 0.6140625 0.403125 0.6125 0.40078125 0.6125 0.39375 0.61640625 0.3953125 0.6203125