2 0.926374787109375 0.68857005859375 0.922489935546875 0.688161744140625 0.860005666015625 0.684736595703125 0.84520357421875 0.6910363671875 0.82639530859375 0.705556158203125 0.81610344140625 0.788528646484375 0.81978530859375 0.798342267578125 0.856508240234375 0.807700876953125 0.86873443359375 0.80348702734375 0.903044791015625 0.8133776171875 0.914127705078125 0.8200413515625 0.93588287109375 0.822327912109375 0.9434472421875 0.8176240859375 0.95362951953125 0.817908734375 0.96160455078125 0.82424581640625 0.96851562109375 0.825757751953125 0.97537530078125 0.76049225390625 0.9718171015625 0.75697605859375 0.971938421875 0.74834772265625 0.959296876953125 0.711669142578125 0.9498075625 0.697317369140625 0.94408177734375 0.692002244140625 0.926374787109375 0.68857005859375
2 0.162860384765625 0.620890314453125 0.160202822265625 0.62375320703125 0.160081501953125 0.632381541015625 0.141032939453125 0.679083763671875 0.13809073046875 0.69212893359375 0.140874306640625 0.710489224609375 0.152897515625 0.715680681640625 0.150568951171875 0.730361453125 0.153513505859375 0.732242044921875 0.1560077421875 0.73093309375 0.15702735546875 0.7137580859375 0.164958037109375 0.698095013671875 0.16908553125 0.681246658203125 0.1828260078125 0.6850475 0.1773078984375 0.70017858984375 0.176164619140625 0.711056173828125 0.182380380859375 0.7117094765625 0.184956279296875 0.7096235546875 0.183318330078125 0.6953114375 0.185894228515625 0.693225515625 0.186465869140625 0.687786724609375 0.190677373046875 0.685087158203125 0.21693103515625 0.689417634765625 0.21987558984375 0.691298228515625 0.221553197265625 0.697758978515625 0.219714609375 0.707777927734375 0.2211075703125 0.724420955078125 0.23088153125 0.728590453125 0.231210529296875 0.74040833203125 0.23501371875 0.7415936171875 0.23681030078125 0.724500271484375 0.251810685546875 0.678943673828125 0.25466888671875 0.651749716796875 0.252498955078125 0.63502502734375 0.24693649609375 0.628155962890625 0.24374460546875 0.613680521484375 0.2380188203125 0.608365396484375 0.19070530078125 0.6026069921875 0.17696482421875 0.598806150390625 0.17307997265625 0.5983978359375 0.16698787890625 0.60404195703125 0.162860384765625 0.620890314453125
5 0.241719232421875 0.475995810546875 0.23963565625 0.488345671875 0.242785541015625 0.49574671875 0.233422240234375 0.50261812890625 0.230111375 0.511696783203125 0.2309326953125 0.5337786015625 0.22696852734375 0.549073017578125 0.229014791015625 0.55950028125 0.224929302734375 0.583423033203125 0.227628869140625 0.58763453515625 0.266722369140625 0.589386767578125 0.268355626953125 0.57384736328125 0.27256712890625 0.571147796875 0.27931252734375 0.559287912109375 0.28037414453125 0.54918730078125 0.28429865234375 0.54174425 0.288757490234375 0.55163953125 0.28908648828125 0.56345741015625 0.299392431640625 0.570039482421875 0.303153615234375 0.564150373046875 0.302864275390625 0.54448112890625 0.30535851171875 0.54317217578125 0.29938773828125 0.540187962890625 0.293986259765625 0.516839197265625 0.2890374453125 0.511605736328125 0.286050884765625 0.502650748046875 0.277994189453125 0.49709063671875 0.273208701171875 0.490303234375 0.27148908984375 0.476768087890625 0.26175478515625 0.464747224609375 0.25709296484375 0.464257248046875 0.24969191796875 0.4674071328125 0.241719232421875 0.475995810546875
5 0.275294623046875 0.4928791328125 0.28813680859375 0.5052266484375 0.29713614453125 0.524240244140625 0.300778353515625 0.541905228515625 0.30535851171875 0.54317217578125 0.307565755859375 0.537119740234375 0.306294115234375 0.51184837890625 0.2908736875 0.486661025390625 0.289359404296875 0.478646333984375 0.281916353515625 0.47472182421875 0.278031501953125 0.47431351171875 0.272798041015625 0.479262326171875 0.275294623046875 0.4928791328125
5 0.275551341796875 0.5651770234375 0.275919998046875 0.569143537109375 0.284261341796875 0.564521375 0.28712188671875 0.55225317578125 0.28503596484375 0.54967727734375 0.283482025390625 0.549513951171875 0.281806763671875 0.5579789609375 0.275551341796875 0.5651770234375
4 0.3826146015625 0.607851958984375 0.38936234375 0.6109178359375 0.3941874921875 0.609853873046875 0.394840794921875 0.603638109375 0.39111926953125 0.60167585546875 0.390342298828125 0.601594193359375 0.383022916015625 0.603967107421875 0.3826146015625 0.607851958984375
4 0.57800278515625 0.6323158515625 0.5807023515625 0.636527353515625 0.585282509765625 0.63779430078125 0.589491666015625 0.620168974609375 0.588427703125 0.615343828125 0.58478783984375 0.6126046015625 0.583233900390625 0.61244127734375 0.5790223984375 0.61514084375 0.57800278515625 0.6323158515625
0 0.50565819921875 0.595646654296875 0.494577630859375 0.603908681640625 0.490937767578125 0.601169455078125 0.491388087890625 0.604359 0.483660388671875 0.610616765625 0.476585994140625 0.61065876953125 0.4723744921875 0.6133583359375 0.471884513671875 0.618020158203125 0.49560428125 0.631510953125 0.543776435546875 0.63657405078125 0.549705205078125 0.632483869140625 0.55800454296875 0.620787310546875 0.558615841796875 0.607497154296875 0.55219475 0.601323396484375 0.534487759765625 0.5978912109375 0.5278216796875 0.59404836328125 0.52626773828125 0.5938850390625 0.51420487109375 0.596544947265625 0.50565819921875 0.595646654296875
0 0.33930021484375 0.549096251953125 0.3389735625 0.5522041328125 0.37393722265625 0.555878962890625 0.376062802734375 0.55060349609375 0.3829318671875 0.545041037109375 0.380640615234375 0.53694468359375 0.373341060546875 0.535391916015625 0.369067724609375 0.534942771484375 0.34445201171875 0.544924408203125 0.33930021484375 0.549096251953125
1 0.616564302734375 0.631655509765625 0.620491158203125 0.63913821875 0.660893611328125 0.6433846875 0.66207889453125 0.6395815 0.655739466796875 0.632630771484375 0.632838673828125 0.62629603515625 0.62973079296875 0.625969384765625 0.617994576171875 0.625521412109375 0.616564302734375 0.631655509765625
3 0.497475490234375 0.568863357421875 0.501402345703125 0.57634606640625 0.520908263671875 0.57761066796875 0.529167943359375 0.573765474609375 0.53125151953125 0.561415615234375 0.5256073984375 0.55532351953125 0.519391634765625 0.554670216796875 0.502830271484375 0.55528620703125 0.497475490234375 0.568863357421875
3 0.6915967265625 0.597907408203125 0.697077521484375 0.605553443359375 0.715806470703125 0.606736380859375 0.7109789765625 0.5928745859375 0.697675078125 0.589905181640625 0.69327198828125 0.5894423984375 0.690777751953125 0.590751349609375 0.6915967265625 0.597907408203125