2 0 0.77421875 0.00703125 0.77421875 0.01484375 0.76875 0.02265625 0.76875 0.0328125 0.775 0.05546875 0.775 0.06328125 0.77265625 0.065625 0.76953125 0.1015625 0.76328125 0.1140625 0.76875 0.15078125 0.76328125 0.15546875 0.7515625 0.15625 0.725 0.15546875 0.69609375 0.153125 0.68671875 0.1546875 0.671875 0.15 0.66484375 0.1234375 0.64609375 0.05078125 0.6421875 0.05 0.6421875 0.03671875 0.6453125 0.028125 0.65390625 0.02109375 0.6625 0.0046875 0.69609375 0.0046875 0.70234375 0 0.70859375 0 0.77421875
2 0.740625 0.64375 0.72890625 0.66953125 0.72734375 0.684375 0.7296875 0.68828125 0.73125 0.7234375 0.74140625 0.75390625 0.753125 0.753125 0.75625 0.74296875 0.7546875 0.72890625 0.75703125 0.71953125 0.778125 0.71484375 0.79609375 0.71640625 0.8109375 0.7140625 0.81171875 0.72734375 0.81953125 0.74921875 0.834375 0.746875 0.8390625 0.73046875 0.83828125 0.71796875 0.8171875 0.6328125 0.812890625 0.6328125 0.78984375 0.63515625 0.75546875 0.63359375 0.74453125 0.63828125 0.740625 0.64375
5 0.725 0.53046875 0.71640625 0.54921875 0.71953125 0.56328125 0.72890625 0.57265625 0.725 0.59765625 0.72578125 0.6125 0.7296875 0.615625 0.74296875 0.615625 0.74765625 0.61328125 0.7640625 0.615625 0.7765625 0.6203125 0.77890625 0.61953125 0.77734375 0.59765625 0.78671875 0.56875 0.78671875 0.5421875 0.77265625 0.525 0.76015625 0.49765625 0.75078125 0.49140625 0.746875 0.49140625 0.73671875 0.496875 0.7328125 0.50859375 0.7359375 0.52109375 0.725 0.53046875
5 0.34140625 0.53671875 0.33671875 0.546875 0.33515625 0.57109375 0.3375 0.58203125 0.3328125 0.6 0.3375 0.61328125 0.36796875 0.6109375 0.3734375 0.615625 0.378125 0.61484375 0.3796875 0.61171875 0.37734375 0.59765625 0.38359375 0.59375 0.38984375 0.58125 0.3890625 0.5484375 0.38359375 0.53671875 0.3734375 0.5296875 0.38046875 0.51171875 0.3765625 0.50390625 0.36953125 0.4984375 0.365625 0.4984375 0.35546875 0.50234375 0.353125 0.5078125 0.35546875 0.5203125 0.34140625 0.53671875
3 0.471875 0.575 0.4921875 0.575 0.4953125 0.56953125 0.49453125 0.5625 0.4921875 0.5546875 0.4875 0.55234375 0.4834375 0.55234375 0.465625 0.553125 0.4625 0.55703125 0.4625 0.56953125 0.471875 0.575
3 0.29375 0.58359375 0.2984375 0.57890625 0.30078125 0.57109375 0.29453125 0.56875 0.290234375 0.56875 0.2796875 0.57109375 0.275 0.57890625 0.275 0.584375 0.29375 0.58359375
0 0.4421875 0.63125 0.490625 0.63125 0.515625 0.6203125 0.5140625 0.6140625 0.50390625 0.6109375 0.49609375 0.6046875 0.49765625 0.6015625 0.49296875 0.603125 0.484375 0.59453125 0.47890625 0.5953125 0.465625 0.59140625 0.46171875 0.59140625 0.43828125 0.5953125 0.43046875 0.6 0.43046875 0.61484375 0.4421875 0.63125
0 0.65546875 0.56875 0.65 0.56171875 0.63359375 0.55078125 0.6234375 0.54765625 0.621875 0.54765625 0.61484375 0.54921875 0.6125 0.55625 0.61953125 0.56875 0.65546875 0.56875
4 0.40546875 0.61796875 0.40546875 0.60625 0.4015625 0.603125 0.40078125 0.60234375 0.3953125 0.6046875 0.396875 0.62734375 0.403125 0.625 0.40546875 0.61796875
4 0.60625 0.61640625 0.59921875 0.6125 0.596875 0.6125 0.59140625 0.61953125 0.5984375 0.621875 0.6046875 0.6203125 0.60625 0.61640625
1 0.325 0.625 0.365625 0.62578125 0.37109375 0.61796875 0.3703125 0.61328125 0.35703125 0.61171875 0.3546875 0.61171875 0.340625 0.6125 0.33125 0.61640625 0.3265625 0.61953125 0.325 0.625