2 0 0.775 0.00703125 0.77421875 0.01484375 0.76875 0.02578125 0.76953125 0.0328125 0.775 0.0546875 0.775 0.065625 0.76953125 0.1 0.76328125 0.11796875 0.76875 0.15234375 0.7625 0.15546875 0.7515625 0.15625 0.72421875 0.15234375 0.6859375 0.1546875 0.67265625 0.15 0.665625 0.13359375 0.6515625 0.12109375 0.6453125 0.05078125 0.64296875 0.05 0.6421875 0.0359375 0.6453125 0.02109375 0.6625 0.00546875 0.6953125 0.00390625 0.70546875 0 0.709375 0 0.775
2 0.740625 0.64375 0.73203125 0.6609375 0.72890625 0.67578125 0.73125 0.721875 0.740625 0.7546875 0.7515625 0.7546875 0.753125 0.75234375 0.75625 0.74140625 0.75703125 0.71953125 0.76015625 0.7171875 0.778125 0.71484375 0.79765625 0.71640625 0.80625 0.728125 0.815625 0.7296875 0.8203125 0.74921875 0.83125 0.746875 0.83515625 0.74375 0.8390625 0.73125 0.83828125 0.71875 0.82734375 0.6703125 0.82421875 0.66640625 0.82421875 0.6578125 0.82109375 0.653125 0.8203125 0.6390625 0.815625 0.63203125 0.8109375 0.63203125 0.79140625 0.63515625 0.75625 0.63359375 0.746875 0.63671875 0.740625 0.64375
5 0.80078125 0.53203125 0.78828125 0.53984375 0.77734375 0.55390625 0.771875 0.6015625 0.77890625 0.60859375 0.78125 0.621875 0.8 0.63125 0.81640625 0.63125 0.81953125 0.634375 0.82265625 0.653125 0.82578125 0.65859375 0.82578125 0.66328125 0.821875 0.66875 0.8234375 0.67265625 0.828125 0.67421875 0.82890625 0.6671875 0.83359375 0.66484375 0.83203125 0.6546875 0.834375 0.6515625 0.83515625 0.6375 0.8453125 0.625 0.85703125 0.59140625 0.85234375 0.5796875 0.84765625 0.55546875 0.8421875 0.5453125 0.8234375 0.534375 0.8296875 0.51171875 0.82734375 0.50625 0.81796875 0.5 0.81328125 0.5 0.80859375 0.5 0.80078125 0.50625 0.7984375 0.51484375 0.80078125 0.53203125
5 0.67109375 0.5296875 0.66640625 0.54609375 0.665625 0.56015625 0.66640625 0.56640625 0.67734375 0.578125 0.67734375 0.584375 0.703125 0.5875 0.70703125 0.578125 0.71328125 0.57265625 0.71875 0.55546875 0.715625 0.53203125 0.709375 0.51875 0.70625 0.50078125 0.69921875 0.49453125 0.6921875 0.49453125 0.6875 0.49765625 0.68359375 0.51171875 0.67890625 0.515625 0.67109375 0.5296875
4 0.60625 0.61640625 0.59921875 0.6125 0.596875 0.6125 0.59296875 0.615625 0.59296875 0.61953125 0.60546875 0.61953125 0.60625 0.61640625
0 0.61953125 0.56875 0.6546875 0.56875 0.65390625 0.56484375 0.64921875 0.5609375 0.63828125 0.55625 0.63203125 0.55 0.6234375 0.54765625 0.62109375 0.54765625 0.61484375 0.54921875 0.61328125 0.55234375 0.61328125 0.55859375 0.61953125 0.56875
0 0.43046875 0.61484375 0.4359375 0.625 0.44296875 0.63125 0.49375 0.63046875 0.515625 0.6203125 0.51640625 0.6171875 0.51328125 0.61328125 0.50859375 0.61171875 0.5 0.60234375 0.49375 0.603125 0.4890625 0.60078125 0.48203125 0.5921875 0.4640625 0.59140625 0.46328125 0.590625 0.45234375 0.5953125 0.4375 0.5953125 0.43046875 0.6 0.43046875 0.61484375
1 0.33359375 0.6265625 0.3625 0.6265625 0.36640625 0.625 0.3703125 0.61796875 0.37109375 0.6140625 0.3671875 0.61171875 0.3626953125 0.61171875 0.3375 0.6140625 0.33203125 0.615625 0.32578125 0.621875 0.33359375 0.6265625
4 0.4046875 0.6234375 0.4046875 0.6046875 0.40234375 0.60234375 0.4 0.60234375 0.3953125 0.6046875 0.396875 0.62734375 0.4015625 0.62734375 0.4046875 0.6234375
3 0.465625 0.571875 0.49140625 0.575 0.49375 0.5625 0.49140625 0.55390625 0.48671875 0.55234375 0.48203125 0.55234375 0.46796875 0.55234375 0.4640625 0.55546875 0.4625 0.56640625 0.465625 0.571875
3 0.29375 0.58359375 0.3015625 0.57109375 0.296875 0.56875 0.29140625 0.56875 0.28125 0.5703125 0.275 0.57890625 0.275 0.584375 0.29375 0.58359375