2 0.933734919921875 0.673647564453125 0.92879931640625 0.67330243359375 0.865454228515625 0.672005544921875 0.834367619140625 0.690977015625 0.831915244140625 0.726047626953125 0.826999447265625 0.7515480859375 0.826198373046875 0.77420364453125 0.828498302734375 0.786111837890625 0.86079489453125 0.79463549609375 0.87910135546875 0.790433505859375 0.9114524453125 0.798177818359375 0.92582405859375 0.805448041015625 0.946866423828125 0.806919466796875 0.957433912109375 0.801393154296875 0.96444803515625 0.801883630859375 0.972639369140625 0.807938529296875 0.9796534921875 0.80842900390625 0.984176763671875 0.743743208984375 0.98116837109375 0.74196652734375 0.980372638671875 0.73094667578125 0.965679380859375 0.694677125 0.955694978515625 0.680665265625 0.943606908203125 0.6743378828125 0.933734919921875 0.673647564453125
3 0.699137033203125 0.59772289453125 0.718566208984375 0.599864673828125 0.718947689453125 0.594409244140625 0.71409173046875 0.585454947265625 0.703289869140625 0.58313329296875 0.697834439453125 0.5827518125 0.693719716796875 0.585596712890625 0.699137033203125 0.59772289453125
3 0.5319970390625 0.568805857421875 0.53276 0.557895001953125 0.52980610546875 0.55533897265625 0.522791982421875 0.55484849609375 0.528154802734375 0.567754025390625 0.5319970390625 0.568805857421875
5 0.47115882421875 0.53165901171875 0.487775869140625 0.5516167734375 0.491579994140625 0.56441330859375 0.49199424609375 0.580888587890625 0.48900223828125 0.5900772578125 0.49356932421875 0.591962935546875 0.487950404296875 0.59391949609375 0.497302568359375 0.594573462890625 0.502322017578125 0.60118971875 0.506218751953125 0.601462205078125 0.5192877734375 0.593761345703125 0.5374307421875 0.59189739453125 0.54321315234375 0.58760279296875 0.542651794921875 0.584430908203125 0.526143744140625 0.562914451171875 0.520001578125 0.54995442578125 0.50523209765625 0.53717427734375 0.5041093828125 0.5308305078125 0.4977492265625 0.520987869140625 0.49340012890625 0.5159848046875 0.48799919921875 0.5148239765625 0.484102462890625 0.514551490234375 0.473316986328125 0.523195189453125 0.47115882421875 0.53165901171875
5 0.24427626171875 0.528324361328125 0.22682003125 0.542766857421875 0.22199684375 0.555743267578125 0.240646673828125 0.557830548828125 0.25963987109375 0.5662071015625 0.26437044921875 0.56575473828125 0.261759921875 0.569487982421875 0.25724733203125 0.56682295703125 0.2568658515625 0.572278384765625 0.260272111328125 0.579564994140625 0.2542717109375 0.586976982421875 0.255612416015625 0.590203365234375 0.25305638671875 0.593157259765625 0.258239328125 0.5974354765625 0.269041189453125 0.599757130859375 0.27040362109375 0.580273458984375 0.26576565234375 0.5682017734375 0.277782837890625 0.564343150390625 0.281390701171875 0.557547017578125 0.266168859375 0.540036291015625 0.258702373046875 0.534815236328125 0.26308958203125 0.528073599609375 0.263525560546875 0.521838826171875 0.26073515625 0.51694475390625 0.254663873046875 0.514170736328125 0.253884525390625 0.51411623828125 0.24743176171875 0.5167976484375 0.24427626171875 0.528324361328125
2 0.168936076171875 0.62016762109375 0.168282109375 0.629519783203125 0.16483773828125 0.633977875 0.16490862109375 0.6441638828125 0.147392552734375 0.693061134765625 0.145468763671875 0.709372923828125 0.14776869140625 0.721281115234375 0.1584070625 0.7259408125 0.16558467578125 0.72409324609375 0.172184546875 0.70810844140625 0.17488768359375 0.691851150390625 0.19186982421875 0.695388130859375 0.20678641015625 0.694864884765625 0.228281138671875 0.701066888671875 0.2300197109375 0.709803197265625 0.227425568359375 0.72450179296875 0.229888990234375 0.7340719453125 0.2320635390625 0.736573478515625 0.243028892578125 0.73655709375 0.24852243359375 0.725193873046875 0.257318578125 0.689000544921875 0.2593349765625 0.660164708984375 0.25658268359375 0.6435259375 0.24848395703125 0.6249469921875 0.24118096484375 0.6173878984375 0.2342758359375 0.615338728515625 0.199875578125 0.61449954296875 0.18060989453125 0.610019724609375 0.177492505859375 0.609801736328125 0.17265293359375 0.61181279296875 0.168936076171875 0.62016762109375
4 0.3871749375 0.612716794921875 0.39408006640625 0.614765962890625 0.399698986328125 0.61280940234375 0.3985217734375 0.60724498046875 0.39551337890625 0.605468296875 0.393175337890625 0.6053048046875 0.38588873046875 0.608711064453125 0.3871749375 0.612716794921875
4 0.582409533203125 0.63185103125 0.582970890625 0.635022916015625 0.58998501171875 0.635513390625 0.593794478515625 0.614634515625 0.58949987890625 0.608852103515625 0.587161837890625 0.60868861328125 0.583101611328125 0.610754166015625 0.582409533203125 0.63185103125
1 0.620417654296875 0.62589408203125 0.626052958984375 0.634902876953125 0.66663349609375 0.63695738671875 0.66612663671875 0.633006154296875 0.660273341796875 0.627114748046875 0.644958888671875 0.622128068359375 0.62874847265625 0.620994525390625 0.624695869140625 0.620711140625 0.620635642578125 0.6227766953125 0.620417654296875 0.62589408203125
0 0.491482044921875 0.610612763671875 0.479628349609375 0.612133345703125 0.47634746875 0.6142533984375 0.476020486328125 0.61892948046875 0.499417279296875 0.631529751953125 0.54929548046875 0.63501757421875 0.555966234375 0.62921877734375 0.56223912109375 0.6179100546875 0.561606880859375 0.604552162109375 0.5579826328125 0.60038294140625 0.53938730078125 0.597516314453125 0.536596896484375 0.592622244140625 0.53231048828125 0.5923225078125 0.528024080078125 0.5920227734375 0.50788644140625 0.600012505859375 0.491482044921875 0.610612763671875
0 0.335944986328125 0.56136182421875 0.339841720703125 0.561634310546875 0.34161840234375 0.55862591796875 0.3751303203125 0.560969298828125 0.382907404296875 0.55054891796875 0.38339787890625 0.543534794921875 0.382002677734375 0.541087759765625 0.37465337890625 0.539790689453125 0.370366970703125 0.539490955078125 0.347727798828125 0.549655236328125 0.335944986328125 0.56136182421875