2 1 0.709375 0.99609375 0.70625 0.9953125 0.69765625 0.978125 0.66171875 0.9640625 0.6453125 0.95 0.6421875 0.94921875 0.64296875 0.8796875 0.6453125 0.86875 0.65 0.8484375 0.6671875 0.84609375 0.67109375 0.84765625 0.7015625 0.8453125 0.709375 0.84375 0.75078125 0.84921875 0.76328125 0.8859375 0.76796875 0.9015625 0.76328125 0.934375 0.76953125 0.93671875 0.77265625 0.9453125 0.775 0.9671875 0.775 0.9765625 0.76875 0.9859375 0.76875 0.99375 0.77421875 1 0.77421875 1 0.709375
2 0.178125 0.64453125 0.178125 0.6546875 0.175 0.659375 0.17578125 0.6671875 0.16171875 0.715625 0.1609375 0.7328125 0.16484375 0.74609375 0.17890625 0.75 0.18125 0.7484375 0.1875 0.73125 0.1890625 0.7140625 0.20078125 0.71484375 0.20703125 0.71796875 0.2125 0.71484375 0.2390625 0.7171875 0.24296875 0.71953125 0.2453125 0.728125 0.24375 0.74296875 0.246875 0.75234375 0.2484375 0.7546875 0.25859375 0.7546875 0.25859375 0.7671875 0.2625 0.76796875 0.2609375 0.7515625 0.271875 0.70390625 0.26953125 0.690625 0.271875 0.68359375 0.27109375 0.6703125 0.2578125 0.6421875 0.24765625 0.634375 0.2046875 0.63515625 0.1890625 0.63203125 0.18515625 0.63203125 0.18125 0.634375 0.178125 0.64453125
5 0.26171875 0.559375 0.28984375 0.559375 0.29921875 0.56796875 0.30625 0.5671875 0.31015625 0.5625 0.30859375 0.5546875 0.3046875 0.5484375 0.303125 0.534375 0.29765625 0.5296875 0.29140625 0.5296875 0.275 0.53984375 0.26171875 0.559375
5 0.309375 0.55546875 0.3125 0.56328125 0.2984375 0.571875 0.2921875 0.5796875 0.29296875 0.590625 0.29609375 0.59296875 0.328125 0.5921875 0.3421875 0.6046875 0.35625 0.59921875 0.35859375 0.5921875 0.35546875 0.5859375 0.34765625 0.58046875 0.33984375 0.5703125 0.328125 0.56484375 0.33125 0.5578125 0.3296875 0.5453125 0.325 0.54140625 0.31875 0.540625 0.31796875 0.540625 0.31015625 0.54921875 0.309375 0.55546875
4 0.3953125 0.6203125 0.40234375 0.621875 0.40703125 0.61875 0.403125 0.6125 0.40078125 0.6125 0.39375 0.61640625 0.3953125 0.6203125
4 0.59609375 0.62421875 0.6015625 0.62734375 0.60390625 0.625 0.60546875 0.60625 0.60078125 0.60234375 0.59765625 0.60234375 0.59453125 0.60546875 0.59609375 0.62421875
0 0.50546875 0.6046875 0.4953125 0.60546875 0.484375 0.615625 0.484375 0.6203125 0.51015625 0.63125 0.55859375 0.63046875 0.56328125 0.6265625 0.56953125 0.61484375 0.56953125 0.60078125 0.56171875 0.5953125 0.546875 0.5953125 0.5375 0.590625 0.53671875 0.590625 0.51796875 0.5921875 0.50546875 0.6046875
0 0.34453125 0.5671875 0.3484375 0.56953125 0.3796875 0.56875 0.38671875 0.5578125 0.3859375 0.55 0.38046875 0.54765625 0.3765625 0.54765625 0.36953125 0.54921875 0.34453125 0.5671875
1 0.6359375 0.62578125 0.66640625 0.6265625 0.675 0.62421875 0.67421875 0.6203125 0.66875 0.615625 0.6375 0.61171875 0.6328125 0.61171875 0.62890625 0.61484375 0.6359375 0.62578125
3 0.50546875 0.56328125 0.50546875 0.56953125 0.509375 0.57578125 0.528125 0.575 0.53515625 0.571875 0.5375 0.56796875 0.53671875 0.55625 0.53203125 0.55234375 0.519140625 0.55234375 0.51484375 0.55234375 0.50859375 0.5546875 0.50546875 0.56328125
3 0.70078125 0.57890625 0.7046875 0.5828125 0.71328125 0.58515625 0.72421875 0.584375 0.72578125 0.57890625 0.7203125 0.57109375 0.709765625 0.56875 0.7046875 0.56875 0.6984375 0.57109375 0.70078125 0.57890625