2 1 0.590447787109375 0.9910355234375 0.5788433125 0.98108100390625 0.57092809375 0.966702779296875 0.57004142578125 0.966053361328125 0.5709352734375 0.895552119140625 0.585265525390625 0.883534314453125 0.59428785546875 0.871478162109375 0.6080621875 0.8679483046875 0.615740158203125 0.87658000390625 0.66025035546875 0.8748378359375 0.66922716015625 0.87964254296875 0.694568787109375 0.886105548828125 0.70540997265625 0.917826310546875 0.70592281640625 0.92399936328125 0.7049451015625 0.930982390625 0.69909316796875 0.939470337890625 0.69774880859375 0.97041946875 0.6983838671875 0.974888697265625 0.701630953125 0.9813061796875 0.7021965 1 0.699968255859375 1 0.590447787109375
2 0.20457526953125 0.69233254296875 0.20580459375 0.7150765 0.1998591640625 0.767432408203125 0.2015318203125 0.782987251953125 0.20734541015625 0.79472228515625 0.21798769140625 0.796991654296875 0.2246879453125 0.7943484609375 0.2279278515625 0.77485158984375 0.227149041015625 0.759946162109375 0.244736005859375 0.761115603515625 0.249648568359375 0.757173576171875 0.258908146484375 0.755707001953125 0.2812471171875 0.756914787109375 0.285035763671875 0.780835365234375 0.2894666484375 0.788834453125 0.29535692578125 0.791065478515625 0.29897065625 0.78891114453125 0.30279046875 0.79305207421875 0.3049831484375 0.79191380078125 0.303837693359375 0.774693478515625 0.3063443125 0.75056681640625 0.3032817734375 0.71624838671875 0.295107765625 0.694604359375 0.28759035546875 0.68709412890625 0.282915041015625 0.67755177734375 0.274221009765625 0.672600869140625 0.267803529296875 0.6720353203125 0.234867802734375 0.6788338046875 0.21354489453125 0.679047068359375 0.209686736328125 0.679658140625 0.20619522265625 0.682584107421875 0.20457526953125 0.69233254296875
5 0.321408015625 0.570999564453125 0.325846080078125 0.594026294921875 0.317564216796875 0.601665919921875 0.31208610546875 0.612025427734375 0.298930025390625 0.618855076171875 0.29438410546875 0.625111998046875 0.297156693359375 0.64761152734375 0.347152181640625 0.6436479609375 0.36026991796875 0.64157031640625 0.3653046953125 0.638399919921875 0.359400056640625 0.606113611328125 0.353097611328125 0.591292052734375 0.350202810546875 0.568020892578125 0.344350876953125 0.561037865234375 0.340248291015625 0.560105673828125 0.335618501953125 0.5608389609375 0.325182302734375 0.564864857421875 0.321408015625 0.570999564453125
5 0.42377621875 0.523146498046875 0.416807548828125 0.55905371484375 0.419779041015625 0.572820869140625 0.42396549609375 0.5792766953125 0.448252716796875 0.57780294140625 0.4486121796875 0.5650901953125 0.444174115234375 0.542063462890625 0.43645062109375 0.52825796484375 0.438926076171875 0.523910951171875 0.439002765625 0.514406943359375 0.430064306640625 0.507912771484375 0.425434517578125 0.50864605859375 0.422714634765625 0.511449810546875 0.42377621875 0.523146498046875
0 0.37222066015625 0.577189421875 0.3573607578125 0.588243873046875 0.36106553515625 0.606640814453125 0.36130278515625 0.593156435546875 0.392817462890625 0.58737401171875 0.396958392578125 0.58355419921875 0.396102892578125 0.578152779296875 0.3984561328125 0.5730341328125 0.395935154296875 0.5671055078125 0.38720277734375 0.566906603515625 0.38334462109375 0.56751767578125 0.37741599609375 0.570038654296875 0.37222066015625 0.577189421875
0 0.52202258203125 0.604086384765625 0.50265510546875 0.616645751953125 0.503266177734375 0.62050391015625 0.531334865234375 0.627923091796875 0.57840438671875 0.620468013671875 0.586762939453125 0.603324380859375 0.584440865234375 0.588663380859375 0.575869048828125 0.58448410546875 0.5499163515625 0.58543065625 0.54760145703125 0.585797298828125 0.53046500390625 0.592466388671875 0.52202258203125 0.604086384765625
3 0.51542300390625 0.562418283203125 0.52009831640625 0.571960634765625 0.537845841796875 0.569149703125 0.547143765625 0.562931126953125 0.545959966796875 0.55046280859375 0.5422623671875 0.5470935078125 0.525164259765625 0.54901059375 0.5213061015625 0.549621666015625 0.5169207421875 0.551898216796875 0.51542300390625 0.562418283203125
3 0.715122185546875 0.54977276171875 0.723976775390625 0.550743296875 0.736078451171875 0.547244603515625 0.73546737890625 0.5433864453125 0.72782775390625 0.53510458203125 0.717552115234375 0.535150107421875 0.712922326171875 0.53588339453125 0.708009763671875 0.539825419921875 0.715122185546875 0.54977276171875
1 0.645773578125 0.596350978515625 0.653168775390625 0.603089578125 0.69329361328125 0.596734427734375 0.690894849609375 0.591577435546875 0.684760142578125 0.5878031484375 0.65379848828125 0.58875205078125 0.64942565234375 0.589444640625 0.645162505859375 0.5924928203125 0.645773578125 0.596350978515625
4 0.6141822109375 0.611637408203125 0.618040369140625 0.6110263359375 0.6171776875 0.5905972734375 0.612708458984375 0.5873501875 0.607307037109375 0.588205689453125 0.60971298046875 0.608390322265625 0.6141822109375 0.611637408203125
4 0.414528552734375 0.6345585703125 0.421068248046875 0.635895748046875 0.427768501953125 0.633252556640625 0.4271574296875 0.6293943984375 0.421916568359375 0.62626952734375 0.419601673828125 0.626636169921875 0.4132680625 0.6315942578125 0.414528552734375 0.6345585703125