2 0 0.77421875 0.00703125 0.77421875 0.015625 0.76875 0.02265625 0.76875 0.0328125 0.775 0.05390625 0.775 0.06875 0.76875 0.1015625 0.76328125 0.11953125 0.76875 0.15234375 0.7625 0.15546875 0.75078125 0.15625 0.728125 0.153125 0.70234375 0.153125 0.6671875 0.1234375 0.64609375 0.06015625 0.64296875 0.05520859375 0.64296875 0.0453125 0.64296875 0.0328125 0.6484375 0.021875 0.66171875 0.0046875 0.696875 0.003125 0.7078125 0 0.709375 0 0.77421875
3 0.29453125 0.58359375 0.30078125 0.571875 0.296875 0.56875 0.29140625 0.56875 0.28046875 0.5703125 0.275 0.57890625 0.275 0.584375 0.29453125 0.58359375
3 0.4734375 0.553125 0.46640625 0.553125 0.46328125 0.55546875 0.46328125 0.56640625 0.4671875 0.565625 0.4734375 0.553125
5 0.4921875 0.53671875 0.4765625 0.5484375 0.46953125 0.5609375 0.4515625 0.58125 0.45078125 0.584375 0.45625 0.5890625 0.47421875 0.5921875 0.48671875 0.60078125 0.490625 0.60078125 0.49609375 0.59453125 0.50546875 0.59453125 0.5 0.5921875 0.5046875 0.590625 0.50234375 0.58125 0.50390625 0.56484375 0.50859375 0.55234375 0.5265625 0.53359375 0.525 0.525 0.51484375 0.515625 0.5109375 0.515625 0.50546875 0.51640625 0.50078125 0.52109375 0.49375 0.53046875 0.4921875 0.53671875
5 0.73828125 0.5515625 0.73046875 0.55625 0.7140625 0.57265625 0.7171875 0.5796875 0.72890625 0.584375 0.7234375 0.59609375 0.7234375 0.615625 0.734375 0.6140625 0.73984375 0.61015625 0.7375 0.60703125 0.7390625 0.60390625 0.73359375 0.59609375 0.7375 0.5890625 0.7375 0.58359375 0.7328125 0.5859375 0.73046875 0.58203125 0.73515625 0.5828125 0.7546875 0.57578125 0.7734375 0.575 0.76953125 0.56171875 0.753125 0.54609375 0.75078125 0.534375 0.74453125 0.53125 0.74375 0.53125 0.7375 0.53359375 0.734375 0.53828125 0.734375 0.54453125 0.73828125 0.5515625
2 0.7421875 0.6421875 0.7328125 0.66015625 0.72890625 0.6765625 0.72890625 0.70546875 0.73515625 0.7421875 0.73984375 0.75390625 0.75078125 0.7546875 0.753125 0.75234375 0.75625 0.74296875 0.7546875 0.728125 0.75703125 0.71953125 0.77890625 0.71484375 0.79375 0.71640625 0.8109375 0.7140625 0.8125 0.73046875 0.81796875 0.746875 0.825 0.74921875 0.8359375 0.7453125 0.8390625 0.73359375 0.83828125 0.7171875 0.82421875 0.6671875 0.825 0.65703125 0.821875 0.65234375 0.821875 0.64296875 0.81875 0.634375 0.8140625 0.63203125 0.8109375 0.63203125 0.79140625 0.63515625 0.75703125 0.63359375 0.75 0.63515625 0.7421875 0.6421875
4 0.6046875 0.6203125 0.60625 0.61640625 0.59921875 0.6125 0.596875 0.6125 0.59375 0.6140625 0.5921875 0.61953125 0.59765625 0.621875 0.6046875 0.6203125
4 0.40859375 0.62578125 0.409375 0.6046875 0.40546875 0.60234375 0.403125 0.60234375 0.3984375 0.6078125 0.40078125 0.62890625 0.4078125 0.62890625 0.40859375 0.62578125
1 0.32421875 0.625 0.36484375 0.62578125 0.37109375 0.6171875 0.37109375 0.6140625 0.3671875 0.61171875 0.363125 0.61171875 0.346875 0.61171875 0.33125 0.615625 0.325 0.62109375 0.32421875 0.625
0 0.43125 0.6 0.4296875 0.61328125 0.43515625 0.625 0.44140625 0.63125 0.49140625 0.63125 0.515625 0.6203125 0.515625 0.615625 0.5125 0.61328125 0.50078125 0.6109375 0.48515625 0.59921875 0.465625 0.58984375 0.461328125 0.58984375 0.45703125 0.58984375 0.45390625 0.59453125 0.43515625 0.59609375 0.43125 0.6
0 0.6203125 0.56953125 0.65390625 0.56953125 0.65546875 0.57265625 0.659375 0.57265625 0.6484375 0.56015625 0.6265625 0.5484375 0.622265625 0.5484375 0.61484375 0.54921875 0.61328125 0.5515625 0.61328125 0.55859375 0.6203125 0.56953125