2 0.934586271484375 0.658231982421875 0.871234509765625 0.659146595703125 0.843225787109375 0.6777116640625 0.83829575390625 0.6845750390625 0.84031089453125 0.694026125 0.839411140625 0.719791669921875 0.835569232421875 0.762652447265625 0.838283349609375 0.77447312109375 0.87085773828125 0.781864453125 0.890567947265625 0.7770806640625 0.923923111328125 0.78449926171875 0.933882318359375 0.79031912890625 0.957305541015625 0.7911370859375 0.96452336328125 0.7859170546875 0.97470069140625 0.785490728515625 0.982317576171875 0.791228798828125 0.990098052734375 0.7922822265625 0.992470126953125 0.724354880859375 0.988675318359375 0.721095458984375 0.9881399296875 0.7140412265625 0.9669698046875 0.671088734375 0.95792769921875 0.66139226171875 0.939270916015625 0.65839557421875 0.934586271484375 0.658231982421875
2 0.174194109375 0.62933332421875 0.17014399609375 0.65577058203125 0.156179287109375 0.697496138671875 0.152964478515625 0.722399115234375 0.156459369140625 0.734247052734375 0.1703769765625 0.738641697265625 0.173581869140625 0.736408435546875 0.179619857421875 0.72020303515625 0.181781240234375 0.703080537109375 0.19960271875 0.7076115078125 0.20517719921875 0.704679267578125 0.22001190625 0.705197306640625 0.235463796875 0.710427255859375 0.23822252734375 0.74335609375 0.2420446015625 0.7458347421875 0.249098833984375 0.74529935546875 0.24974328125 0.749230490234375 0.252085603515625 0.749312287109375 0.261093015625 0.71523087890625 0.263980642578125 0.699697193359375 0.263854232421875 0.680931349609375 0.266387412109375 0.6755477265625 0.261739951171875 0.6519336484375 0.254477513671875 0.636045513671875 0.249257482421875 0.62882769140625 0.23924374609375 0.624569373046875 0.2056159296875 0.624958515625 0.185424865234375 0.6211265234375 0.180740220703125 0.620962931640625 0.1767545546875 0.623168927734375 0.174194109375 0.62933332421875
5 0.24932441796875 0.5373680625 0.235751341796875 0.545493068359375 0.22845172265625 0.553055421875 0.22567315625 0.56546601171875 0.24826107421875 0.567818251953125 0.253453841796875 0.575816849609375 0.25959097265625 0.57915806640625 0.260126359375 0.586212298828125 0.259127462890625 0.5924312265625 0.256086162109375 0.58997984375 0.25048441796875 0.593692857421875 0.250883478515625 0.604650958984375 0.258718484375 0.604142837890625 0.272663357421875 0.607756708984375 0.27334498828125 0.58823735546875 0.269577443359375 0.58419716015625 0.260289951171875 0.581527654296875 0.25961823828125 0.57837729296875 0.26532904296875 0.57154118359375 0.277903224609375 0.569635103515625 0.28296958203125 0.558867857421875 0.276378859375 0.5461300859375 0.275144494140625 0.536706265625 0.27118609375 0.53813148828125 0.267708548828125 0.548172490234375 0.26318749609375 0.54332425390625 0.266855896484375 0.527817833984375 0.260019787109375 0.522107029296875 0.256896689453125 0.521997966796875 0.2488435625 0.52875228125 0.24932441796875 0.5373680625
5 0.524102365234375 0.54852697265625 0.524201509765625 0.56807358984375 0.5279145234375 0.573675333984375 0.5246005703125 0.57903169140625 0.51816351953125 0.58427898828125 0.50882149609375 0.58317103125 0.507877130859375 0.58782841015625 0.49123548828125 0.594282806640625 0.491852671875 0.598994716796875 0.5129881015625 0.598169330078125 0.530437783203125 0.590961423828125 0.53746475 0.5912068125 0.545889673828125 0.596191373046875 0.55838205859375 0.5966276171875 0.568395796875 0.600885935546875 0.564900904296875 0.589037998046875 0.555023494140625 0.580875810546875 0.552200314453125 0.572178234375 0.553072802734375 0.547193462890625 0.5424146171875 0.539004009765625 0.541606578125 0.539757517578125 0.528169828125 0.543978654296875 0.524102365234375 0.54852697265625
0 0.3590591171875 0.5513625234375 0.348745462890625 0.55569271875 0.3422538828125 0.562501564453125 0.377361451171875 0.5645092734375 0.384770130859375 0.55382382421875 0.38496098828125 0.548358404296875 0.3835085 0.54518077734375 0.377316837890625 0.543401107421875 0.374974515625 0.5433193125 0.364715392578125 0.5460879609375 0.3590591171875 0.5513625234375
0 0.4953475625 0.610842654296875 0.4827461171875 0.6135295078125 0.4802129375 0.618913130859375 0.50556950390625 0.631524494140625 0.55400476171875 0.6324341640625 0.564645599609375 0.6187346796875 0.565190904296875 0.603119197265625 0.55757401953125 0.597381126953125 0.544300861328125 0.5969176171875 0.533533615234375 0.591851259765625 0.529629744140625 0.59171493359375 0.5129608359375 0.598950103515625 0.4953475625 0.610842654296875
3 0.702426205078125 0.59071358203125 0.722726330078125 0.591422478515625 0.72286265625 0.587518609375 0.716162873046875 0.577903931640625 0.70606733984375 0.575987935546875 0.700601921875 0.575797080078125 0.696588990234375 0.578783849609375 0.702426205078125 0.59071358203125
3 0.503710525390625 0.572830111328125 0.505971052734375 0.57525423046875 0.525490404296875 0.575935861328125 0.523076205078125 0.555526673828125 0.520815677734375 0.5531025546875 0.511473654296875 0.55199459765625 0.506789009765625 0.5518310078125 0.50336599609375 0.5603104609375 0.503710525390625 0.572830111328125
4 0.5865345390625 0.61871733203125 0.589248658203125 0.63053800390625 0.594686810546875 0.631509634765625 0.597601703125 0.615195173828125 0.59625827734375 0.608894451171875 0.592436201171875 0.606415802734375 0.591655427734375 0.606388537109375 0.58686172265625 0.60934804296875 0.5865345390625 0.61871733203125
4 0.39042391796875 0.61577762890625 0.39736908984375 0.618365337890625 0.402916302734375 0.616213873046875 0.40232638671875 0.6107211875 0.3992578203125 0.609050580078125 0.396915498046875 0.608968783203125 0.389752205078125 0.612627267578125 0.39042391796875 0.61577762890625
1 0.624765205078125 0.6208341015625 0.63146498828125 0.63044877734375 0.671311732421875 0.63105853125 0.67220156640625 0.62796269921875 0.664639212890625 0.620663080078125 0.646790470703125 0.6169128828125 0.645228921875 0.616858353515625 0.628051892578125 0.616258517578125 0.624765205078125 0.6208341015625